time,open,close,high,low,vol,day,open-percent,close-percent
2026-06-26,8.2,8.0,8.42,8.0,40889.0,星期五,-0.0261,-0.0244
2026-06-25,8.63,8.42,8.68,8.39,34668.0,星期四,-0.0058,-0.0243
2026-06-24,8.92,8.68,8.92,8.63,28596.0,星期三,0.0011,-0.0269
2026-06-23,8.98,8.91,9.09,8.85,36806.0,星期二,0.031,-0.0078
2026-06-22,8.78,8.71,8.89,8.48,38604.0,星期一,-0.0011,-0.008
2026-06-18,8.62,8.79,8.8,8.46,31899.0,星期四,0.0012,0.0197
2026-06-17,8.72,8.61,8.84,8.53,28393.0,星期三,0.0,-0.0126
2026-06-16,9.0,8.72,9.0,8.7,46812.0,星期二,0.0,-0.0311
2026-06-15,9.1,9.0,9.17,8.96,33774.0,星期一,-0.0109,-0.011
2026-06-12,8.99,9.2,9.22,8.87,29976.0,星期五,0.0056,0.0234
2026-06-11,9.25,8.94,9.35,8.92,38253.0,星期四,0.0,-0.0335
2026-06-10,9.15,9.25,9.28,9.13,33357.0,星期三,0.0,0.0109
2026-06-09,8.89,9.15,9.27,8.89,49365.0,星期二,0.0,0.0292
2026-06-08,8.85,8.89,9.02,8.81,20507.0,星期一,-0.0178,0.0045
2026-06-05,9.06,9.01,9.1,8.97,24170.0,星期五,0.0033,-0.0055
2026-06-04,9.03,9.03,9.17,9.01,13844.0,星期四,-0.0099,0.0
2026-06-03,9.1,9.12,9.2,9.1,20826.0,星期三,-0.0109,0.0022
2026-06-02,9.11,9.2,9.49,9.05,36868.0,星期二,0.0,0.0099
2026-06-01,9.08,9.11,9.12,8.99,24519.0,星期一,0.0011,0.0033
2026-05-29,8.88,9.07,9.2,8.84,41093.0,星期五,-0.0166,0.0214
2026-05-28,8.91,9.03,9.14,8.88,44960.0,星期四,0.0137,0.0135
2026-05-27,8.64,8.79,8.9,8.46,44291.0,星期三,-0.0046,0.0174
2026-05-26,8.84,8.68,8.84,8.5,37742.0,星期二,0.0011,-0.0181
2026-05-25,8.98,8.83,9.04,8.83,35569.0,星期一,-0.0055,-0.0167
2026-05-22,8.92,9.03,9.08,8.86,24666.0,星期五,0.0011,0.0123
2026-05-21,9.29,8.91,9.32,8.91,51857.0,星期四,0.0,-0.0409
2026-05-20,9.23,9.29,9.48,9.23,40361.0,星期三,-0.0128,0.0065
2026-05-19,8.92,9.35,9.35,8.84,77357.0,星期二,0.0022,0.0482
2026-05-18,8.98,8.9,9.13,8.88,26265.0,星期一,-0.0066,-0.0089
2026-05-15,9.13,9.04,9.15,8.92,36106.0,星期五,0.0,-0.0099
2026-05-14,9.19,9.13,9.26,9.1,33058.0,星期四,0.0,-0.0065
2026-05-13,9.21,9.19,9.35,9.12,38648.0,星期三,0.0011,-0.0022
2026-05-12,9.42,9.2,9.56,9.2,47065.0,星期二,-0.0021,-0.0234
2026-05-11,9.18,9.44,9.6,9.12,61442.0,星期一,-0.0033,0.0283
2026-05-08,9.0,9.21,9.46,9.0,61717.0,星期五,-0.0164,0.0233
2026-05-07,9.62,9.15,9.62,9.15,82267.0,星期四,-0.001,-0.0489
2026-05-06,10.0,9.63,10.02,9.5,77530.0,星期三,0.0,-0.037
2026-04-30,9.8,10.0,10.06,9.8,55882.0,星期四,-0.0316,0.0204
2026-04-29,11.1,10.12,11.13,10.12,125372.0,星期三,0.0423,-0.0883
2026-04-28,10.65,10.65,10.65,10.51,44429.0,星期二,0.0503,0.0
2026-04-24,9.99,10.14,10.32,9.91,65724.0,星期五,0.0132,0.015
2026-04-23,10.15,9.86,10.18,9.86,41031.0,星期四,0.0181,-0.0286
2026-04-22,9.99,9.97,10.18,9.81,54511.0,星期三,0.004,-0.002
2026-04-21,10.43,9.95,10.43,9.88,84868.0,星期二,0.0504,-0.046
2026-04-20,9.66,9.93,9.93,9.66,19131.0,星期一,0.0211,0.028
2026-04-17,9.53,9.46,9.64,9.4,33331.0,星期五,0.0,-0.0073
2026-04-16,9.7,9.53,9.94,9.27,82277.0,星期四,0.0,-0.0175
2026-04-15,9.87,9.7,10.08,9.64,77856.0,星期三,0.0133,-0.0172
2026-04-14,9.71,9.74,9.74,9.52,107405.0,星期二,0.0463,0.0031
2026-04-13,8.89,9.28,9.28,8.89,37709.0,星期一,0.0057,0.0439
2026-04-10,8.56,8.84,9.01,8.56,85977.0,星期五,-0.0104,0.0327
2026-04-09,8.87,8.65,8.9,8.64,106093.0,星期四,-0.0242,-0.0248
2026-04-08,8.8,9.09,9.15,8.36,175677.0,星期三,0.008,0.033
2026-04-07,8.9,8.73,9.15,8.73,169161.0,星期二,-0.0316,-0.0191
2026-04-03,9.19,9.19,9.19,9.19,6962.0,星期五,-0.0496,0.0
2026-04-02,9.67,9.67,9.67,9.67,17002.0,星期四,-0.0501,0.0
2026-04-01,10.66,10.18,10.79,10.18,129382.0,星期三,-0.0056,-0.045
2026-03-31,10.81,10.72,11.04,10.69,40739.0,星期二,0.0084,-0.0083
2026-03-30,10.63,10.72,11.13,10.63,66178.0,星期一,0.0,0.0085
2026-03-27,10.24,10.63,10.66,10.19,38640.0,星期五,-0.0078,0.0381
2026-03-26,10.61,10.32,10.69,10.31,65585.0,星期四,-0.0221,-0.0273
2026-03-25,10.57,10.85,10.86,10.41,67993.0,星期三,0.0163,0.0265
2026-03-24,10.18,10.4,10.4,10.03,29461.0,星期二,0.015,0.0216
2026-03-23,10.37,10.03,10.4,9.98,33403.0,星期一,-0.0019,-0.0328
2026-03-20,10.35,10.39,10.48,10.3,18193.0,星期五,-0.0048,0.0039
2026-03-19,10.48,10.4,10.54,10.33,24236.0,星期四,-0.0085,-0.0076
2026-03-18,10.5,10.57,10.68,10.41,25558.0,星期三,-0.0019,0.0067
2026-03-17,10.42,10.52,10.85,10.42,50361.0,星期二,-0.001,0.0096
2026-03-16,10.28,10.43,10.47,10.26,32856.0,星期一,-0.0048,0.0146
2026-03-13,10.2,10.33,10.49,10.1,36544.0,星期五,0.0099,0.0127
2026-03-12,10.26,10.1,10.29,10.07,25815.0,星期四,-0.0019,-0.0156
2026-03-11,10.47,10.28,10.49,10.21,25075.0,星期三,0.0019,-0.0181
2026-03-10,10.45,10.45,10.5,10.36,24165.0,星期二,-0.001,0.0
2026-03-09,10.47,10.46,10.58,10.32,51401.0,星期一,0.0,-0.001
2026-03-06,10.02,10.47,10.47,9.97,38304.0,星期五,0.005,0.0449
2026-03-05,10.01,9.97,10.04,9.89,25274.0,星期四,0.0142,-0.004
2026-03-04,9.88,9.87,10.15,9.81,32484.0,星期三,-0.005,-0.001
2026-03-03,10.39,9.93,10.45,9.92,43556.0,星期二,0.0,-0.0443
2026-03-02,10.5,10.39,10.63,10.36,45060.0,星期一,-0.0094,-0.0105
2026-02-27,10.73,10.6,10.75,10.5,45860.0,星期五,-0.0046,-0.0121
2026-02-26,10.93,10.78,10.93,10.73,43623.0,星期四,-0.0027,-0.0137
2026-02-25,10.9,10.96,10.99,10.84,34420.0,星期三,0.0028,0.0055
2026-02-24,10.88,10.87,11.05,10.83,37637.0,星期二,0.0018,-0.0009
2026-02-13,10.71,10.86,10.98,10.7,27507.0,星期五,0.0056,0.014
2026-02-12,10.85,10.65,10.86,10.65,30821.0,星期四,0.0009,-0.0184
2026-02-11,10.9,10.84,10.93,10.83,20386.0,星期三,0.0037,-0.0055
2026-02-10,10.86,10.86,10.92,10.82,16546.0,星期二,0.0,0.0
2026-02-09,10.86,10.86,10.95,10.82,22297.0,星期一,-0.0018,0.0
2026-02-06,10.82,10.88,10.95,10.82,23560.0,星期五,-0.0101,0.0055
2026-02-05,11.06,10.93,11.09,10.92,23535.0,星期四,0.0091,-0.0118
2026-02-04,10.82,10.96,11.1,10.78,32495.0,星期三,-0.0055,0.0129
2026-02-03,10.89,10.88,11.09,10.85,34639.0,星期二,-0.0009,-0.0009
2026-02-02,10.66,10.9,11.05,10.58,49798.0,星期一,-0.0405,0.0225
2026-01-30,11.58,11.11,11.58,11.1,120408.0,星期五,0.0499,-0.0406
2026-01-29,10.86,11.03,11.2,10.76,49510.0,星期四,-0.0009,0.0157
2026-01-28,10.85,10.87,10.94,10.73,29495.0,星期三,0.0,0.0018
2026-01-27,11.06,10.85,11.06,10.8,49546.0,星期二,-0.0256,-0.019
2026-01-26,10.97,11.35,11.5,10.76,65269.0,星期一,0.0009,0.0346
2026-01-23,11.09,10.96,11.19,10.9,38911.0,星期五,-0.0072,-0.0117
2026-01-22,11.05,11.17,11.24,11.05,26268.0,星期四,-0.0054,0.0109
2026-01-21,11.27,11.11,11.36,11.06,38431.0,星期三,-0.0062,-0.0142
2026-01-20,11.36,11.34,11.62,11.28,36870.0,星期二,0.0018,-0.0018
2026-01-19,11.0,11.34,11.48,10.99,55557.0,星期一,0.0009,0.0309
2026-01-16,10.8,10.99,11.14,10.7,45596.0,星期五,-0.0028,0.0176
2026-01-15,10.54,10.83,10.99,10.51,54717.0,星期四,0.0,0.0275
2026-01-14,10.58,10.54,10.82,10.5,40116.0,星期三,0.0,-0.0038
2026-01-13,10.71,10.58,10.71,10.41,36732.0,星期二,0.0009,-0.0121
2026-01-12,10.97,10.7,10.98,10.68,45112.0,星期一,0.0009,-0.0246
2026-01-09,10.63,10.96,11.07,10.4,79026.0,星期五,-0.0009,0.031
2026-01-08,10.84,10.64,10.84,10.6,40438.0,星期四,0.0,-0.0185
2026-01-07,10.77,10.84,10.89,10.73,24886.0,星期三,-0.0055,0.0065
2026-01-06,10.85,10.83,10.9,10.78,38080.0,星期二,0.0018,-0.0018
2026-01-05,11.04,10.83,11.06,10.8,33947.0,星期一,0.0045,-0.019
2025-12-31,10.83,10.99,11.02,10.63,26399.0,星期三,0.0009,0.0148
2025-12-30,10.89,10.82,10.97,10.77,25065.0,星期二,0.0009,-0.0064
2025-12-29,11.14,10.88,11.15,10.82,38937.0,星期一,0.0,-0.0233
2025-12-26,11.18,11.14,11.39,11.03,39988.0,星期五,-0.0009,-0.0036
2025-12-25,11.38,11.19,11.45,11.08,54014.0,星期四,0.0,-0.0167
2025-12-24,11.42,11.38,11.62,11.37,44742.0,星期三,0.0,-0.0035
2025-12-23,11.19,11.42,11.51,11.12,72892.0,星期二,0.021,0.0206
2025-12-22,10.5,10.96,10.96,10.49,23292.0,星期一,0.0057,0.0438
2025-12-19,10.39,10.44,10.49,10.32,34057.0,星期五,0.0,0.0048
2025-12-18,10.62,10.39,10.64,10.25,42045.0,星期四,0.0105,-0.0217
2025-12-17,10.28,10.51,10.82,10.28,86443.0,星期三,-0.0499,0.0224
2025-12-16,10.82,10.82,11.19,10.82,45394.0,星期二,-0.05,0.0
2025-12-15,11.84,11.39,11.87,11.39,66614.0,星期一,-0.0125,-0.038
2025-12-12,11.8,11.99,12.01,11.76,20029.0,星期五,-0.0101,0.0161
2025-12-11,12.17,11.92,12.19,11.85,43149.0,星期四,-0.0033,-0.0205
2025-12-10,12.31,12.21,12.35,12.13,24540.0,星期三,-0.0032,-0.0081
2025-12-09,12.27,12.35,12.44,12.2,35014.0,星期二,0.0041,0.0065
2025-12-08,12.28,12.22,12.31,12.11,28152.0,星期一,0.0,-0.0049
2025-12-05,11.99,12.28,12.28,11.97,25717.0,星期五,-0.0099,0.0242
2025-12-04,12.11,12.11,12.21,12.03,26019.0,星期四,-0.0033,0.0
2025-12-03,12.65,12.15,12.65,12.05,52597.0,星期三,0.0048,-0.0395
2025-12-02,12.44,12.59,12.77,12.35,57605.0,星期二,0.0,0.0121
2025-12-01,11.9,12.44,12.47,11.9,68445.0,星期一,0.0017,0.0454
2025-11-28,11.78,11.88,11.9,11.63,20740.0,星期五,0.0008,0.0085
2025-11-27,11.94,11.77,12.06,11.76,33792.0,星期四,0.0,-0.0142
2025-11-26,11.61,11.94,11.95,11.61,45534.0,星期三,-0.0085,0.0284
2025-11-25,11.89,11.71,11.98,11.67,37622.0,星期二,0.0042,-0.0151
2025-11-24,11.55,11.84,11.97,11.48,31802.0,星期一,-0.0052,0.0251
2025-11-21,12.13,11.61,12.19,11.61,63532.0,星期五,-0.0074,-0.0429
2025-11-20,12.45,12.22,12.52,12.13,44510.0,星期四,-0.0016,-0.0185
2025-11-19,12.25,12.47,12.57,12.25,42942.0,星期三,-0.0057,0.018
2025-11-18,12.15,12.32,12.57,12.12,38520.0,星期二,-0.009,0.014
2025-11-17,12.15,12.26,12.3,12.09,30911.0,星期一,-0.0057,0.0091
2025-11-14,12.21,12.22,12.49,12.1,52131.0,星期五,-0.0008,0.0008
2025-11-13,11.88,12.22,12.47,11.7,58358.0,星期四,-0.0042,0.0286
2025-11-12,11.55,11.93,12.01,11.53,71342.0,星期三,0.0009,0.0329
2025-11-11,11.58,11.54,11.64,11.4,31390.0,星期二,-0.0009,-0.0035
2025-11-10,11.67,11.59,11.68,11.5,28280.0,星期一,0.0069,-0.0069
2025-11-07,11.55,11.59,11.76,11.53,26973.0,星期五,-0.0069,0.0035
2025-11-06,11.7,11.63,11.7,11.41,35409.0,星期四,0.0017,-0.006
2025-11-05,11.47,11.68,11.79,11.39,44709.0,星期三,0.0,0.0183
2025-11-04,11.45,11.47,11.47,11.33,29534.0,星期二,0.0053,0.0017
2025-11-03,11.26,11.39,11.52,11.24,41084.0,星期一,0.0009,0.0115
2025-10-31,11.16,11.25,11.3,11.1,35055.0,星期五,0.0,0.0081
2025-10-30,11.5,11.16,11.6,11.13,64514.0,星期四,-0.0043,-0.0296
2025-10-29,12.0,11.55,12.01,11.45,104217.0,星期三,0.0204,-0.0375
2025-10-28,11.76,11.76,11.76,11.76,16020.0,星期二,0.05,0.0
2025-10-27,11.1,11.2,11.3,10.93,32862.0,星期一,-0.0036,0.009
2025-10-24,10.91,11.14,11.28,10.82,33856.0,星期五,0.0037,0.0211
2025-10-23,11.0,10.87,11.0,10.75,37433.0,星期四,-0.0072,-0.0118
2025-10-22,11.11,11.08,11.21,11.04,17424.0,星期三,0.0018,-0.0027
2025-10-21,11.13,11.09,11.21,11.04,23598.0,星期二,0.0,-0.0036
2025-10-20,11.28,11.13,11.35,11.09,21732.0,星期一,0.0053,-0.0133
2025-10-17,11.23,11.22,11.49,11.08,31545.0,星期五,-0.0097,-0.0009
2025-10-16,11.74,11.34,11.88,11.32,58844.0,星期四,0.0129,-0.0341
2025-10-15,11.01,11.59,11.59,10.95,39997.0,星期三,-0.0027,0.0527
2025-10-14,11.0,11.04,11.25,10.87,32555.0,星期二,0.0082,0.0036
2025-10-13,10.54,10.91,11.0,10.54,29644.0,星期一,-0.033,0.0351
2025-10-10,10.81,10.9,11.08,10.79,31074.0,星期五,0.0103,0.0083
2025-10-09,11.13,10.7,11.27,10.67,57422.0,星期四,0.0009,-0.0386
2025-09-30,10.98,11.12,11.2,10.9,30850.0,星期二,0.0073,0.0128
2025-09-29,10.86,10.9,11.02,10.84,28226.0,星期一,0.0028,0.0037
2025-09-26,10.9,10.83,10.99,10.76,55072.0,星期五,-0.0259,-0.0064
2025-09-25,11.44,11.19,11.49,11.08,28883.0,星期四,0.0035,-0.0219
2025-09-24,11.25,11.4,11.46,11.23,31956.0,星期三,0.0054,0.0133
2025-09-23,11.57,11.19,11.57,10.98,63142.0,星期二,0.0009,-0.0328
2025-09-22,11.9,11.56,12.0,11.5,48680.0,星期一,0.0,-0.0286
2025-09-19,11.78,11.9,12.05,11.61,40863.0,星期五,0.006,0.0102
2025-09-18,12.15,11.71,12.27,11.59,85804.0,星期四,-0.0041,-0.0362
2025-09-17,12.49,12.2,12.66,12.17,73215.0,星期三,-0.0056,-0.0232
2025-09-16,12.25,12.56,12.56,12.11,63623.0,星期二,0.0242,0.0253
2025-09-15,12.28,11.96,12.33,11.95,44416.0,星期一,0.0115,-0.0261
2025-09-12,12.41,12.14,12.41,11.91,84433.0,星期五,0.0214,-0.0218
2025-09-11,11.58,12.15,12.15,11.58,92604.0,星期四,0.0009,0.0492
2025-09-10,11.43,11.57,11.66,11.31,56714.0,星期三,0.0053,0.0122
2025-09-09,11.45,11.37,11.66,11.25,65079.0,星期二,0.0133,-0.007
2025-09-08,10.98,11.3,11.34,10.91,67513.0,星期一,0.0046,0.0291
2025-09-05,10.68,10.93,10.96,10.55,67272.0,星期五,-0.0093,0.0234
2025-09-04,11.16,10.78,11.16,10.68,108882.0,星期四,0.0499,-0.0341
2025-09-03,10.94,10.63,10.97,10.52,53640.0,星期三,0.0009,-0.0283
2025-09-02,10.81,10.93,11.09,10.75,56024.0,星期二,0.0,0.0111
2025-09-01,10.63,10.81,10.85,10.51,34855.0,星期一,0.0019,0.0169
2025-08-29,10.99,10.61,11.02,10.57,47555.0,星期五,0.0233,-0.0346
2025-08-28,10.83,10.74,10.98,10.46,50534.0,星期四,0.0056,-0.0083
2025-08-27,11.0,10.77,11.06,10.77,57508.0,星期三,-0.0205,-0.0209
2025-08-26,11.1,11.23,11.34,11.06,36475.0,星期二,0.0036,0.0117
2025-08-25,11.15,11.06,11.22,10.7,80827.0,星期一,-0.0062,-0.0081
2025-08-22,11.15,11.22,11.34,11.1,44648.0,星期五,-0.0062,0.0063
2025-08-21,11.38,11.22,11.66,11.01,66512.0,星期四,0.0134,-0.0141
2025-08-20,11.31,11.23,11.48,11.17,42410.0,星期三,-0.0088,-0.0071
2025-08-19,11.18,11.41,11.41,11.04,47048.0,星期二,0.0036,0.0206
2025-08-18,11.09,11.14,11.47,11.0,89512.0,星期一,0.01,0.0045
2025-08-15,10.5,10.98,10.98,10.48,82251.0,星期五,0.0038,0.0457
2025-08-14,10.4,10.46,10.8,10.36,56207.0,星期四,-0.0019,0.0058
2025-08-13,10.94,10.42,10.94,10.41,93941.0,星期三,0.0074,-0.0475
2025-08-12,10.74,10.86,11.1,10.74,84261.0,星期二,-0.0101,0.0112
2025-08-11,11.17,10.85,11.17,10.68,174432.0,星期一,0.0498,-0.0286
2025-08-08,10.35,10.64,10.64,10.11,52190.0,星期五,0.0217,0.028
2025-08-07,10.11,10.13,10.13,9.74,125156.0,星期四,0.0477,0.002
2025-08-06,9.22,9.65,9.65,9.18,73749.0,星期三,0.0033,0.0466
2025-08-05,9.19,9.19,9.23,9.16,30209.0,星期二,0.0,0.0
2025-08-04,9.12,9.19,9.29,9.1,36454.0,星期一,-0.0033,0.0077
2025-08-01,9.35,9.15,9.35,9.13,47756.0,星期五,0.0108,-0.0214
2025-07-31,9.19,9.25,9.39,9.13,72800.0,星期四,0.0011,0.0065
2025-07-30,9.24,9.18,9.47,9.1,73859.0,星期三,-0.0032,-0.0065
2025-07-29,9.2,9.27,9.36,9.06,74912.0,星期二,0.0143,0.0076
2025-07-28,9.15,9.07,9.36,8.91,90001.0,星期一,-0.0076,-0.0087
2025-07-25,9.5,9.22,9.88,9.22,142243.0,星期五,-0.0216,-0.0295
2025-07-24,9.6,9.71,10.2,9.31,249795.0,星期四,-0.0113,0.0115
2025-07-23,9.71,9.71,9.71,9.71,6174.0,星期三,0.0497,0.0
2025-07-22,9.25,9.25,9.25,9.25,23894.0,星期二,0.0499,0.0
2025-07-21,8.75,8.81,8.81,8.64,130781.0,星期一,0.0429,0.0069
2025-07-18,8.42,8.39,8.42,8.36,16630.0,星期五,0.0,-0.0036
2025-07-17,8.39,8.42,8.44,8.39,11164.0,星期四,-0.0036,0.0036
2025-07-16,8.38,8.42,8.45,8.36,14407.0,星期三,-0.0012,0.0048
2025-07-15,8.42,8.39,8.45,8.32,19787.0,星期二,0.0036,-0.0036
2025-07-14,8.41,8.39,8.5,8.36,25832.0,星期一,0.0024,-0.0024
2025-07-11,8.37,8.39,8.44,8.35,16644.0,星期五,-0.0012,0.0024
2025-07-10,8.35,8.38,8.52,8.32,21259.0,星期四,0.0,0.0036
2025-07-09,8.37,8.35,8.37,8.33,13826.0,星期三,0.0012,-0.0024
2025-07-08,8.35,8.36,8.4,8.3,16913.0,星期二,0.0036,0.0012
2025-07-07,8.44,8.32,8.47,8.28,20308.0,星期一,0.0012,-0.0142
2025-07-04,8.47,8.43,8.51,8.42,13874.0,星期五,-0.0012,-0.0047
2025-07-03,8.44,8.48,8.52,8.42,16718.0,星期四,0.0,0.0047
2025-07-02,8.49,8.44,8.69,8.4,21307.0,星期三,0.0,-0.0059
2025-07-01,8.57,8.49,8.57,8.41,40890.0,星期二,0.0,-0.0093
2025-06-30,8.22,8.57,8.57,8.18,59963.0,星期一,0.0074,0.0426
2025-06-27,8.16,8.16,8.26,8.08,25612.0,星期五,0.0012,0.0
2025-06-26,8.2,8.15,8.2,8.13,12522.0,星期四,0.0061,-0.0061
2025-06-25,8.34,8.15,8.34,8.15,36997.0,星期三,-0.0095,-0.0228
2025-06-24,8.19,8.42,8.48,8.19,23964.0,星期二,0.0024,0.0281
2025-06-23,8.15,8.17,8.18,8.05,12579.0,星期一,0.0049,0.0025
2025-06-20,8.11,8.11,8.25,8.11,17875.0,星期五,-0.0049,0.0
2025-06-19,8.33,8.15,8.33,8.12,22169.0,星期四,0.0012,-0.0216
2025-06-18,8.3,8.32,8.4,8.28,15531.0,星期三,0.0,0.0024
2025-06-17,8.42,8.3,8.45,8.3,18459.0,星期二,-0.0012,-0.0143
2025-06-16,8.42,8.43,8.45,8.28,15714.0,星期一,0.0,0.0012
2025-06-13,8.44,8.42,8.58,8.38,18392.0,星期五,-0.0012,-0.0024
2025-06-12,8.53,8.45,8.6,8.41,18393.0,星期四,0.0,-0.0094
2025-06-11,8.55,8.53,8.6,8.46,15384.0,星期三,0.0023,-0.0023
2025-06-10,8.73,8.53,8.79,8.41,41556.0,星期二,-0.008,-0.0229
2025-06-09,8.8,8.8,8.85,8.75,18697.0,星期一,0.0,0.0
2025-06-06,8.7,8.8,8.84,8.7,18889.0,星期五,-0.0034,0.0115
2025-06-05,8.78,8.73,8.84,8.67,23608.0,星期四,0.0,-0.0057
2025-06-04,8.66,8.78,8.85,8.62,31114.0,星期三,0.0,0.0139
2025-06-03,8.57,8.66,8.68,8.56,19655.0,星期二,0.0012,0.0105
2025-05-30,8.5,8.56,8.66,8.47,20915.0,星期五,-0.0012,0.0071
2025-05-29,8.43,8.51,8.53,8.42,18643.0,星期四,0.0024,0.0095
2025-05-28,8.5,8.41,8.53,8.4,20264.0,星期三,0.0,-0.0106
2025-05-27,8.49,8.5,8.58,8.46,15161.0,星期二,-0.0012,0.0012
2025-05-26,8.55,8.5,8.8,8.5,39788.0,星期一,0.0,-0.0058
2025-05-23,8.42,8.55,8.55,8.4,21421.0,星期五,0.0,0.0154
2025-05-22,8.55,8.42,8.55,8.42,17638.0,星期四,0.0035,-0.0152
2025-05-21,8.66,8.52,8.66,8.47,22575.0,星期三,0.007,-0.0162
2025-05-20,8.4,8.6,8.63,8.4,35994.0,星期二,-0.0036,0.0238
2025-05-19,8.49,8.43,8.64,8.39,22424.0,星期一,0.0071,-0.0071
2025-05-16,8.45,8.43,8.49,8.35,23841.0,星期五,-0.0035,-0.0024
2025-05-15,8.68,8.48,8.68,8.42,27765.0,星期四,0.0023,-0.023
2025-05-14,8.69,8.66,8.74,8.59,28389.0,星期三,0.0,-0.0035
2025-05-13,8.64,8.69,8.76,8.59,29007.0,星期二,0.0,0.0058
2025-05-12,8.67,8.64,8.76,8.54,29238.0,星期一,-0.0023,-0.0035
2025-05-09,8.7,8.69,8.79,8.52,41106.0,星期五,0.0046,-0.0011
2025-05-08,8.45,8.66,8.79,8.4,39461.0,星期四,0.0,0.0249
2025-05-07,8.28,8.45,8.45,8.28,33681.0,星期三,0.0024,0.0205
2025-05-06,8.23,8.26,8.27,8.16,28672.0,星期二,0.0012,0.0036
2025-04-30,8.2,8.22,8.32,8.1,25021.0,星期三,-0.0061,0.0024
2025-04-29,8.44,8.25,8.53,8.25,31259.0,星期二,0.0,-0.0225
2025-04-28,8.2,8.44,8.53,8.18,52230.0,星期一,-0.0024,0.0293
2025-04-25,8.43,8.22,8.5,8.22,38551.0,星期五,0.0036,-0.0249
2025-04-24,8.13,8.4,8.5,8.1,52593.0,星期四,0.0037,0.0332
2025-04-23,8.04,8.1,8.25,7.95,29921.0,星期三,-0.0123,0.0075
2025-04-22,8.03,8.14,8.2,8.03,26334.0,星期二,-0.0062,0.0137
2025-04-21,7.95,8.08,8.12,7.92,21639.0,星期一,-0.0013,0.0164
2025-04-18,8.07,7.96,8.07,7.92,13577.0,星期五,0.0025,-0.0136
2025-04-17,8.05,8.05,8.14,7.99,14226.0,星期四,-0.0012,0.0
2025-04-16,8.0,8.06,8.18,7.93,27616.0,星期三,0.0,0.0075
2025-04-15,7.88,8.0,8.11,7.81,27606.0,星期二,0.0,0.0152
2025-04-14,7.69,7.88,7.98,7.65,27622.0,星期一,0.0065,0.0247
2025-04-11,7.55,7.64,7.71,7.53,13837.0,星期五,-0.0053,0.0119
2025-04-10,7.52,7.59,7.64,7.5,19426.0,星期四,0.0094,0.0093
2025-04-09,7.41,7.45,7.55,7.13,23842.0,星期三,-0.008,0.0054
2025-04-08,7.38,7.47,7.56,7.25,35378.0,星期二,-0.0328,0.0122
2025-04-07,7.72,7.63,7.82,7.63,26352.0,星期一,-0.0386,-0.0117
2025-04-03,7.95,8.03,8.06,7.9,12761.0,星期四,-0.0013,0.0101
2025-04-02,7.91,7.96,7.98,7.88,12087.0,星期三,-0.0013,0.0063
2025-04-01,7.87,7.92,7.96,7.84,11964.0,星期二,0.0,0.0064
2025-03-31,7.81,7.87,7.87,7.74,13344.0,星期一,-0.0051,0.0077
2025-03-28,7.95,7.85,8.01,7.82,16806.0,星期五,0.0038,-0.0126
2025-03-27,7.96,7.92,7.96,7.88,14322.0,星期四,0.0,-0.005
2025-03-26,7.92,7.96,8.05,7.91,10221.0,星期三,-0.0013,0.0051
2025-03-25,7.95,7.93,7.96,7.85,24469.0,星期二,-0.01,-0.0025
2025-03-24,8.08,8.03,8.15,7.94,22383.0,星期一,-0.0012,-0.0062
2025-03-21,8.08,8.09,8.18,8.04,28587.0,星期五,0.0025,0.0012
2025-03-20,8.1,8.06,8.15,8.02,22857.0,星期四,-0.0061,-0.0049
2025-03-19,8.23,8.15,8.24,8.11,21306.0,星期三,0.0,-0.0097
2025-03-18,8.1,8.23,8.26,8.06,26493.0,星期二,0.0,0.016
2025-03-17,8.06,8.1,8.25,8.02,30830.0,星期一,-0.0025,0.005
2025-03-14,7.97,8.08,8.15,7.97,29817.0,星期五,-0.0013,0.0138
2025-03-13,8.0,7.98,8.04,7.91,17198.0,星期四,0.0,-0.0025
2025-03-12,7.98,8.0,8.1,7.96,18733.0,星期三,0.0,0.0025
2025-03-11,7.92,7.98,8.0,7.89,15536.0,星期二,-0.0038,0.0076
2025-03-10,7.93,7.95,8.05,7.91,14851.0,星期一,0.0,0.0025
2025-03-07,8.07,7.93,8.13,7.91,21038.0,星期五,-0.0049,-0.0173
2025-03-06,8.1,8.11,8.17,8.02,24050.0,星期四,-0.0049,0.0012
2025-03-05,7.86,8.14,8.27,7.84,43109.0,星期三,-0.0025,0.0356
2025-03-04,7.85,7.88,7.89,7.82,9621.0,星期二,0.0,0.0038
2025-03-03,7.93,7.85,7.96,7.82,19732.0,星期一,-0.0038,-0.0101
2025-02-28,7.9,7.96,8.13,7.87,29693.0,星期五,0.0013,0.0076
2025-02-27,7.91,7.89,7.91,7.84,17511.0,星期四,0.0,-0.0025
2025-02-26,7.93,7.91,7.94,7.86,18323.0,星期三,0.0038,-0.0025
2025-02-25,8.01,7.9,8.01,7.79,49032.0,星期二,-0.016,-0.0137
2025-02-24,8.3,8.14,8.41,8.08,36529.0,星期一,0.011,-0.0193
2025-02-21,7.79,8.21,8.21,7.75,34545.0,星期五,-0.0038,0.0539
2025-02-20,7.98,7.82,7.98,7.72,41314.0,星期四,0.0,-0.0201
2025-02-19,7.95,7.98,8.02,7.91,18757.0,星期三,-0.0013,0.0038
2025-02-18,8.07,7.96,8.15,7.96,22816.0,星期二,-0.0025,-0.0136
2025-02-17,8.05,8.09,8.2,8.0,22823.0,星期一,-0.0037,0.005
2025-02-14,8.02,8.08,8.14,7.92,21288.0,星期五,-0.0012,0.0075
2025-02-13,8.04,8.03,8.09,7.97,19119.0,星期四,0.0,-0.0012
2025-02-12,8.1,8.04,8.17,8.01,29474.0,星期三,-0.0074,-0.0074
2025-02-11,8.3,8.16,8.5,8.13,33637.0,星期二,-0.0036,-0.0169
2025-02-10,8.27,8.33,8.38,8.22,23730.0,星期一,0.0,0.0073
2025-02-07,8.25,8.27,8.29,8.21,23471.0,星期五,-0.0012,0.0024
2025-02-06,8.28,8.26,8.33,8.22,18274.0,星期四,-0.0048,-0.0024
2025-02-05,8.25,8.32,8.46,8.13,30196.0,星期三,0.011,0.0085
2025-01-27,8.14,8.16,8.4,8.13,30428.0,星期一,0.0,0.0025
2025-01-24,8.17,8.14,8.22,8.07,37098.0,星期五,-0.0097,-0.0037
2025-01-23,8.19,8.25,8.4,8.16,34235.0,星期四,-0.0156,0.0073
2025-01-22,8.48,8.32,8.5,8.3,28064.0,星期三,0.0131,-0.0189
2025-01-21,8.59,8.37,8.77,8.36,28082.0,星期二,0.0012,-0.0256
2025-01-20,8.5,8.58,8.86,8.37,48052.0,星期一,-0.0093,0.0094
2025-01-17,8.58,8.58,8.58,8.31,68106.0,星期五,0.0502,0.0
2025-01-16,8.17,8.17,8.17,8.17,2575.0,星期四,0.0501,0.0
2025-01-15,7.77,7.78,7.87,7.68,20234.0,星期三,0.0026,0.0013
2025-01-14,7.58,7.75,7.81,7.55,24624.0,星期二,0.0053,0.0224
2025-01-13,7.66,7.54,7.72,7.44,25903.0,星期一,0.0,-0.0157
2025-01-10,7.91,7.66,7.92,7.59,33072.0,星期五,0.0038,-0.0316
2025-01-09,8.02,7.88,8.1,7.87,20363.0,星期四,-0.0025,-0.0175
2025-01-08,8.04,8.04,8.13,7.9,26819.0,星期三,0.005,0.0
2025-01-07,8.14,8.0,8.14,7.65,39438.0,星期二,0.0175,-0.0172
2025-01-06,8.09,8.0,8.43,7.96,41000.0,星期一,-0.011,-0.0111
2025-01-03,8.62,8.18,8.62,8.16,34898.0,星期五,0.0035,-0.051
2025-01-02,8.55,8.59,8.99,8.55,44347.0,星期四,-0.0023,0.0047
2024-12-31,8.52,8.57,8.66,8.48,21230.0,星期二,0.0,0.0059
2024-12-30,8.56,8.52,8.58,8.2,33262.0,星期一,0.0023,-0.0047
2024-12-27,8.56,8.54,8.75,8.51,30737.0,星期五,0.0012,-0.0023
2024-12-26,8.57,8.55,8.8,8.55,34004.0,星期四,-0.0127,-0.0023
2024-12-25,8.72,8.68,8.84,8.53,33282.0,星期三,0.0035,-0.0046
2024-12-24,8.76,8.69,8.88,8.51,57628.0,星期二,-0.0157,-0.008
2024-12-23,9.22,8.9,9.48,8.85,57643.0,星期一,0.0044,-0.0347
2024-12-20,9.33,9.18,9.49,9.03,77630.0,星期五,-0.0106,-0.0161
2024-12-19,8.79,9.43,9.44,8.79,87258.0,星期四,-0.0222,0.0728
2024-12-18,8.9,8.99,9.16,8.8,53529.0,星期三,-0.0187,0.0101
2024-12-17,9.11,9.07,9.32,9.0,83841.0,星期二,0.0259,-0.0044
2024-12-16,8.46,8.88,8.88,8.46,52094.0,星期一,0.0,0.0496
2024-12-13,8.48,8.46,8.55,8.28,44084.0,星期五,0.0059,-0.0024
2024-12-12,8.31,8.43,8.52,8.31,38288.0,星期四,-0.0177,0.0144
2024-12-11,8.28,8.46,8.54,8.16,76465.0,星期三,0.0185,0.0217
2024-12-10,7.98,8.13,8.13,7.85,55161.0,星期二,0.031,0.0188
2024-12-09,7.92,7.74,7.92,7.66,33883.0,星期一,0.0,-0.0227
2024-12-06,7.93,7.92,7.97,7.87,23702.0,星期五,-0.005,-0.0013
2024-12-05,7.91,7.97,8.06,7.89,20960.0,星期四,-0.0063,0.0076
2024-12-04,7.96,7.96,7.99,7.87,28004.0,星期三,0.0013,0.0
2024-12-03,7.84,7.95,7.96,7.8,25652.0,星期二,-0.0051,0.014
2024-12-02,7.82,7.88,8.12,7.82,45010.0,星期一,0.0,0.0077
2024-11-29,7.81,7.82,7.99,7.73,40624.0,星期五,-0.0051,0.0013
2024-11-28,7.71,7.85,7.96,7.55,40529.0,星期四,-0.0013,0.0182
2024-11-27,7.59,7.72,7.84,7.5,50159.0,星期三,-0.0065,0.0171
2024-11-26,7.64,7.64,7.92,7.64,95450.0,星期二,-0.0498,0.0
2024-11-25,8.3,8.04,8.59,7.99,89069.0,星期一,0.0024,-0.0313
2024-11-22,8.16,8.28,8.6,8.13,73560.0,星期五,-0.0145,0.0147
2024-11-21,8.15,8.28,8.53,8.15,107886.0,星期四,0.0037,0.016
2024-11-20,7.73,8.12,8.12,7.73,72087.0,星期三,0.0,0.0505
2024-11-19,7.45,7.73,7.73,7.39,58966.0,星期二,0.0122,0.0376
2024-11-18,7.55,7.36,7.65,7.3,48838.0,星期一,-0.0079,-0.0252
2024-11-15,7.82,7.61,7.97,7.61,62968.0,星期五,-0.0237,-0.0269
2024-11-14,7.85,8.01,8.12,7.76,78292.0,星期四,-0.0088,0.0204
2024-11-13,8.3,7.92,8.3,7.69,170297.0,星期三,0.0493,-0.0458
2024-11-12,7.91,7.91,7.91,7.91,8360.0,星期二,0.0505,0.0
2024-11-11,7.2,7.53,7.53,7.2,74786.0,星期一,0.0042,0.0458
2024-11-08,7.13,7.17,7.17,7.05,46721.0,星期五,0.0,0.0056
2024-11-07,6.88,7.13,7.26,6.86,75633.0,星期四,-0.0058,0.0363
2024-11-06,6.78,6.92,7.05,6.72,73529.0,星期三,0.0044,0.0206
2024-11-05,6.55,6.75,6.9,6.53,68869.0,星期二,-0.003,0.0305
2024-11-04,6.44,6.57,6.58,6.38,34675.0,星期一,-0.0046,0.0202
2024-11-01,6.64,6.47,6.64,6.47,48607.0,星期五,-0.003,-0.0256
2024-10-31,6.73,6.66,6.82,6.66,45127.0,星期四,-0.0074,-0.0104
2024-10-30,6.71,6.78,6.83,6.68,40249.0,星期三,-0.0074,0.0104
2024-10-29,6.6,6.76,6.92,6.6,84620.0,星期二,0.0015,0.0242
2024-10-28,6.79,6.59,6.82,6.57,65660.0,星期一,0.0335,-0.0295
2024-10-25,6.46,6.57,6.61,6.45,64812.0,星期五,-0.0271,0.017
2024-10-24,6.3,6.64,6.64,6.25,82247.0,星期四,-0.0032,0.054
2024-10-23,6.18,6.32,6.36,6.17,44927.0,星期三,-0.0048,0.0227
2024-10-22,6.18,6.21,6.28,6.14,32514.0,星期二,0.0,0.0049
2024-10-21,6.23,6.18,6.25,6.15,34048.0,星期一,0.0,-0.008
2024-10-18,6.23,6.23,6.29,6.11,38823.0,星期五,0.0032,0.0
2024-10-17,6.24,6.21,6.35,6.18,37532.0,星期四,-0.0204,-0.0048
2024-10-16,6.36,6.37,6.45,6.3,21538.0,星期三,-0.0063,0.0016
2024-10-15,6.57,6.4,6.57,6.32,38283.0,星期二,0.0015,-0.0259
2024-10-14,6.5,6.56,6.68,6.48,49794.0,星期一,-0.0076,0.0092
2024-10-11,6.19,6.55,6.55,6.19,66758.0,星期五,-0.008,0.0582
2024-10-10,6.23,6.24,6.36,6.04,57108.0,星期四,-0.0204,0.0016
2024-10-09,6.6,6.36,6.6,6.36,78012.0,星期三,-0.0135,-0.0364
2024-10-08,7.15,6.69,7.19,6.58,152827.0,星期二,0.0392,-0.0643
2024-09-30,6.73,6.88,7.05,6.4,141893.0,星期一,0.0,0.0223
2024-09-27,6.68,6.73,6.79,6.65,60448.0,星期五,0.0015,0.0075
2024-09-26,6.65,6.67,6.75,6.61,27640.0,星期四,-0.0015,0.003
2024-09-25,6.73,6.66,6.75,6.6,37286.0,星期三,-0.0015,-0.0104
2024-09-24,6.68,6.74,6.86,6.61,19193.0,星期二,0.0,0.009
2024-09-23,6.71,6.68,6.72,6.62,12476.0,星期一,0.009,-0.0045
2024-09-20,6.75,6.65,6.77,6.62,12292.0,星期五,0.0015,-0.0148
2024-09-19,6.58,6.74,6.85,6.57,17665.0,星期四,0.0092,0.0243
2024-09-18,6.68,6.52,6.69,6.49,11580.0,星期三,0.0015,-0.024
2024-09-13,6.83,6.67,6.88,6.63,15102.0,星期五,0.0,-0.0234
2024-09-12,6.79,6.83,6.92,6.79,12052.0,星期四,0.0015,0.0059
2024-09-11,6.78,6.78,6.91,6.71,10929.0,星期三,-0.0015,0.0
2024-09-10,6.91,6.79,7.0,6.76,17940.0,星期二,0.0014,-0.0174
2024-09-09,6.75,6.9,6.99,6.73,21953.0,星期一,0.0015,0.0222
2024-09-06,6.64,6.74,6.84,6.61,18126.0,星期五,0.0015,0.0151
2024-09-05,6.53,6.63,6.7,6.53,15181.0,星期四,-0.0015,0.0153
2024-09-04,6.6,6.54,6.62,6.45,22116.0,星期三,-0.009,-0.0091
2024-09-03,6.71,6.66,6.71,6.6,16379.0,星期二,0.006,-0.0075
2024-09-02,6.74,6.67,6.82,6.63,18392.0,星期一,-0.003,-0.0104
2024-08-30,6.7,6.76,6.87,6.7,30813.0,星期五,-0.036,0.009
2024-08-29,6.96,6.95,7.07,6.94,15121.0,星期四,0.0,-0.0014
2024-08-28,6.86,6.96,7.04,6.83,11723.0,星期三,0.0,0.0146
2024-08-27,7.06,6.86,7.06,6.8,18575.0,星期二,0.0,-0.0283
2024-08-26,7.1,7.06,7.16,7.04,9564.0,星期一,0.0,-0.0056
2024-08-23,7.11,7.1,7.17,7.0,13111.0,星期五,-0.0028,-0.0014
2024-08-22,7.09,7.13,7.13,7.06,8354.0,星期四,0.0042,0.0056
2024-08-21,7.06,7.06,7.16,7.04,6645.0,星期三,-0.0014,0.0
2024-08-20,7.06,7.07,7.11,7.02,8418.0,星期二,0.0,0.0014
2024-08-19,7.15,7.06,7.21,7.03,16368.0,星期一,-0.0028,-0.0126
2024-08-16,7.15,7.17,7.26,7.15,11376.0,星期五,-0.0042,0.0028
2024-08-15,7.18,7.18,7.22,7.12,9504.0,星期四,-0.0028,0.0
2024-08-14,7.15,7.2,7.24,7.12,10623.0,星期三,-0.0083,0.007
2024-08-13,7.01,7.21,7.34,6.99,23388.0,星期二,0.0,0.0285
2024-08-12,7.0,7.01,7.07,6.97,9616.0,星期一,-0.0071,0.0014
2024-08-09,7.0,7.05,7.09,6.95,13790.0,星期五,0.0043,0.0071
2024-08-08,7.07,6.97,7.07,6.95,12144.0,星期四,0.01,-0.0141
2024-08-07,7.01,7.0,7.07,6.97,11542.0,星期三,0.0014,-0.0014
2024-08-06,6.99,7.0,7.12,6.96,15168.0,星期二,0.0,0.0014
2024-08-05,7.08,6.99,7.13,6.94,17744.0,星期一,-0.0042,-0.0127
2024-08-02,7.12,7.11,7.18,7.08,11549.0,星期五,0.0,-0.0014
2024-08-01,7.14,7.12,7.21,7.1,10746.0,星期四,-0.0014,-0.0028
2024-07-31,7.08,7.15,7.23,7.08,12273.0,星期三,-0.0056,0.0099
2024-07-30,7.25,7.12,7.25,7.07,15095.0,星期二,0.0112,-0.0179
2024-07-29,7.07,7.17,7.32,7.05,15368.0,星期一,-0.0112,0.0141
2024-07-26,6.85,7.15,7.16,6.85,23200.0,星期五,0.0029,0.0438
2024-07-25,7.02,6.83,7.02,6.8,30708.0,星期四,-0.0113,-0.0271
2024-07-24,7.27,7.1,7.27,7.09,17709.0,星期三,0.0014,-0.0234
2024-07-23,7.15,7.26,7.35,7.06,25115.0,星期二,0.0028,0.0154
2024-07-22,7.01,7.13,7.17,7.01,20267.0,星期一,-0.0182,0.0171
2024-07-19,7.46,7.14,7.46,7.12,66894.0,星期五,0.0463,-0.0429
2024-07-17,7.06,7.13,7.18,7.02,14398.0,星期三,0.0,0.0099
2024-07-16,7.16,7.06,7.2,7.02,19275.0,星期二,-0.0056,-0.014
2024-07-15,7.33,7.2,7.42,7.17,19898.0,星期一,0.0223,-0.0177
2024-07-12,7.33,7.17,7.42,7.09,37912.0,星期五,-0.0027,-0.0218
2024-07-11,7.24,7.35,7.51,7.24,33155.0,星期四,0.0126,0.0152
2024-07-10,7.2,7.15,7.24,7.1,20599.0,星期三,-0.0055,-0.0069
2024-07-09,7.15,7.24,7.32,7.15,29074.0,星期二,-0.0056,0.0126
2024-07-08,6.81,7.19,7.33,6.81,55670.0,星期一,-0.0244,0.0558
2024-07-05,6.62,6.98,6.98,6.62,24514.0,星期五,-0.0045,0.0544
2024-07-04,6.72,6.65,6.77,6.59,12583.0,星期四,0.0,-0.0104
2024-07-03,6.66,6.72,6.82,6.6,18076.0,星期三,-0.0089,0.009
2024-07-02,6.7,6.72,6.76,6.65,10590.0,星期二,-0.0015,0.003
2024-07-01,6.76,6.71,6.78,6.62,13669.0,星期一,0.0196,-0.0074
2024-06-28,6.62,6.63,6.68,6.57,12177.0,星期五,0.0,0.0015
2024-06-27,6.57,6.62,6.66,6.48,16922.0,星期四,0.0015,0.0076
2024-06-26,6.56,6.56,6.62,6.45,23609.0,星期三,-0.0296,0.0
2024-06-25,6.94,6.76,6.94,6.67,34237.0,星期二,0.0102,-0.0259
2024-06-24,6.74,6.87,6.93,6.63,46629.0,星期一,0.0075,0.0193
2024-06-21,6.62,6.69,6.76,6.57,25617.0,星期五,0.0015,0.0106
2024-06-20,6.51,6.61,6.76,6.45,30068.0,星期四,0.0031,0.0154
2024-06-19,6.46,6.49,6.57,6.38,19317.0,星期三,0.0,0.0046
2024-06-18,6.51,6.46,6.59,6.32,25362.0,星期二,-0.0091,-0.0077
2024-06-17,6.63,6.57,6.77,6.57,16526.0,星期一,-0.009,-0.009
2024-06-14,6.63,6.69,6.88,6.6,18996.0,星期五,0.0015,0.009
2024-06-13,6.57,6.62,6.7,6.51,13929.0,星期四,0.0,0.0076
2024-06-12,6.55,6.57,6.9,6.55,27713.0,星期三,-0.0106,0.0031
2024-06-11,6.35,6.62,6.65,6.02,39947.0,星期二,0.0032,0.0425
2024-06-07,6.16,6.33,6.35,6.16,14480.0,星期五,-0.0065,0.0276
2024-06-06,6.34,6.2,6.39,6.04,24651.0,星期四,-0.0031,-0.0221
2024-06-05,6.41,6.36,6.53,6.28,17263.0,星期三,-0.0093,-0.0078
2024-06-04,6.48,6.47,6.65,6.28,15988.0,星期二,0.0,-0.0015
2024-06-03,6.6,6.48,6.71,6.48,16142.0,星期一,-0.0149,-0.0182
2024-05-31,6.73,6.7,6.78,6.57,19241.0,星期五,-0.003,-0.0045
2024-05-30,6.88,6.75,6.89,6.7,33558.0,星期四,0.0488,-0.0189
2024-05-29,6.68,6.56,6.74,6.52,39602.0,星期三,-0.0262,-0.018
2024-05-28,6.59,6.86,6.87,6.58,54423.0,星期二,0.0076,0.041
2024-05-27,6.24,6.54,6.54,6.22,51157.0,星期一,0.0016,0.0481
2024-05-24,6.0,6.23,6.25,5.92,21907.0,星期五,-0.0017,0.0383
2024-05-23,6.15,6.01,6.23,5.96,29149.0,星期四,-0.016,-0.0228
2024-05-22,6.36,6.25,6.39,6.22,15524.0,星期三,0.0047,-0.0173
2024-05-21,6.39,6.33,6.45,6.26,18017.0,星期二,-0.0016,-0.0094
2024-05-20,6.3,6.4,6.53,6.13,32310.0,星期一,0.0016,0.0159
2024-05-17,6.36,6.29,6.46,6.28,15651.0,星期五,0.0016,-0.011
2024-05-16,6.45,6.35,6.5,6.35,18884.0,星期四,-0.0031,-0.0155
2024-05-15,6.5,6.47,6.68,6.4,20721.0,星期三,0.0109,-0.0046
2024-05-14,6.41,6.43,6.59,6.33,18342.0,星期二,-0.0047,0.0031
2024-05-13,6.2,6.44,6.52,6.2,22417.0,星期一,-0.0032,0.0387
2024-05-10,6.3,6.22,6.32,6.14,14112.0,星期五,-0.0016,-0.0127
2024-05-09,6.01,6.31,6.36,6.01,31089.0,星期四,-0.0083,0.0499
2024-05-08,6.2,6.06,6.28,6.02,27614.0,星期三,-0.019,-0.0226
2024-05-07,6.4,6.32,6.47,6.19,27285.0,星期二,0.0031,-0.0125
2024-05-06,6.69,6.38,6.81,6.36,57053.0,星期一,0.0,-0.0463
2024-04-30,6.93,6.69,6.93,6.6,65769.0,星期二,0.05,-0.0346
2024-04-29,6.6,6.6,6.6,6.6,4135.0,星期一,0.0493,0.0
2024-04-26,5.97,6.29,6.29,5.94,35232.0,星期五,-0.0033,0.0536
2024-04-25,6.05,5.99,6.08,5.84,37413.0,星期四,0.0449,-0.0099
2024-04-24,5.51,5.79,5.79,5.51,10529.0,星期三,0.0,0.0508
2024-04-23,5.24,5.51,5.51,5.24,29485.0,星期二,-0.0019,0.0515
2024-04-22,5.51,5.25,5.53,5.25,27203.0,星期一,-0.0036,-0.0472
2024-04-19,5.45,5.53,5.61,5.45,14602.0,星期五,-0.0091,0.0147
2024-04-18,5.67,5.5,5.7,5.43,22897.0,星期四,-0.0053,-0.03
2024-04-17,5.64,5.7,5.79,5.54,14862.0,星期三,-0.0018,0.0106
2024-04-16,5.66,5.65,5.84,5.46,32769.0,星期二,-0.0157,-0.0018
2024-04-15,5.89,5.75,6.06,5.75,28210.0,星期一,-0.0264,-0.0238
2024-04-12,6.03,6.05,6.14,6.03,15565.0,星期五,-0.0131,0.0033
2024-04-11,5.81,6.11,6.12,5.66,30357.0,星期四,-0.0051,0.0516
2024-04-10,6.1,5.84,6.13,5.83,36966.0,星期三,-0.0065,-0.0426
2024-04-09,6.13,6.14,6.19,6.11,10208.0,星期二,-0.0049,0.0016
2024-04-08,6.28,6.16,6.29,6.12,24631.0,星期一,-0.0048,-0.0191
2024-04-03,6.22,6.31,6.4,6.14,24463.0,星期三,-0.0016,0.0145
2024-04-02,6.27,6.23,6.32,6.15,18822.0,星期二,0.0,-0.0064
2024-04-01,6.33,6.27,6.33,6.22,17946.0,星期一,0.008,-0.0095
2024-03-29,6.38,6.28,6.38,6.24,16576.0,星期五,0.0175,-0.0157
2024-03-28,6.21,6.27,6.31,6.19,21540.0,星期四,0.0016,0.0097
2024-03-27,6.32,6.2,6.32,6.16,15240.0,星期三,0.0,-0.019
2024-03-26,6.41,6.32,6.41,6.13,31829.0,星期二,-0.0016,-0.014
2024-03-25,6.54,6.42,6.6,6.39,19711.0,星期一,0.0062,-0.0183
2024-03-22,6.54,6.5,6.65,6.39,38429.0,星期五,0.0,-0.0061
2024-03-21,6.41,6.54,6.59,6.39,36182.0,星期四,-0.0047,0.0203
2024-03-20,6.43,6.44,6.53,6.4,25685.0,星期三,0.0063,0.0016
2024-03-19,6.43,6.39,6.62,6.39,30661.0,星期二,0.0063,-0.0062
2024-03-18,6.39,6.39,6.73,6.39,71000.0,星期一,-0.0505,0.0
2024-03-15,6.68,6.73,6.95,6.53,52072.0,星期五,0.006,0.0075
2024-03-14,6.31,6.64,6.64,6.24,47502.0,星期四,-0.0016,0.0523
2024-03-13,6.35,6.32,6.38,6.25,21895.0,星期三,0.0047,-0.0047
2024-03-12,6.19,6.32,6.37,6.18,30979.0,星期二,0.0016,0.021
2024-03-11,6.21,6.18,6.34,6.08,29658.0,星期一,-0.0127,-0.0048
2024-03-08,6.3,6.29,6.44,6.28,18715.0,星期五,0.0016,-0.0016
2024-03-07,6.4,6.29,6.48,6.27,36380.0,星期四,-0.0123,-0.0172
2024-03-06,6.27,6.48,6.56,6.27,32356.0,星期三,0.0016,0.0335
2024-03-05,6.45,6.26,6.48,6.26,36957.0,星期二,-0.0046,-0.0295
2024-03-04,6.49,6.48,6.6,6.25,34863.0,星期一,-0.0031,-0.0015
2024-03-01,6.57,6.51,6.6,6.45,23615.0,星期五,-0.0015,-0.0091
2024-02-29,6.46,6.58,6.67,6.45,35024.0,星期四,-0.0062,0.0186
2024-02-28,6.6,6.5,6.87,6.5,62049.0,星期三,-0.0351,-0.0152
2024-02-27,6.9,6.84,7.16,6.8,67224.0,星期二,0.0117,-0.0087
2024-02-26,6.7,6.82,6.99,6.7,61495.0,星期一,-0.0262,0.0179
2024-02-23,6.87,6.88,6.88,6.68,90891.0,星期五,0.0489,0.0015
2024-02-22,6.55,6.55,6.55,6.55,2917.0,星期四,0.0497,0.0
2024-02-21,6.24,6.24,6.24,6.24,1602.0,星期三,0.0505,0.0
2024-02-20,5.94,5.94,5.94,5.94,3808.0,星期二,0.0495,0.0
2024-02-19,5.4,5.66,5.66,5.4,15428.0,星期一,0.0019,0.0481
2024-02-08,5.38,5.39,5.59,5.27,63148.0,星期四,-0.0306,0.0019
2024-02-07,5.55,5.55,5.87,5.55,57088.0,星期三,-0.0497,0.0
2024-02-06,5.84,5.84,6.0,5.84,50513.0,星期二,-0.0504,0.0
2024-02-05,6.43,6.15,6.43,6.15,23727.0,星期一,-0.0062,-0.0435
2024-02-02,6.71,6.47,6.77,6.43,44921.0,星期五,-0.0089,-0.0358
2024-02-01,6.8,6.77,6.97,6.76,30441.0,星期四,0.018,-0.0044
2024-01-31,6.56,6.68,6.87,6.56,43112.0,星期三,-0.0465,0.0183
2024-01-30,6.92,6.88,6.97,6.83,19545.0,星期二,0.0,-0.0058
2024-01-29,6.91,6.92,7.1,6.86,39578.0,星期一,0.0,0.0014
2024-01-26,7.06,6.91,7.09,6.9,40846.0,星期五,-0.0014,-0.0212
2024-01-25,6.99,7.07,7.14,6.99,38587.0,星期四,-0.0278,0.0114
2024-01-24,7.36,7.19,7.36,7.16,47226.0,星期三,0.0469,-0.0231
2024-01-23,6.82,7.03,7.04,6.77,25626.0,星期二,-0.0116,0.0308
2024-01-22,7.04,6.9,7.04,6.85,29166.0,星期一,-0.0028,-0.0199
2024-01-19,7.04,7.06,7.1,6.97,21121.0,星期五,0.0,0.0028
2024-01-18,7.04,7.04,7.11,6.95,26093.0,星期四,0.0057,0.0
2024-01-17,7.1,7.0,7.17,6.97,47151.0,星期三,-0.0153,-0.0141
2024-01-16,7.29,7.21,7.33,7.15,34692.0,星期二,-0.0068,-0.011
2024-01-15,7.26,7.34,7.38,7.2,36894.0,星期一,-0.0041,0.011
2024-01-12,7.12,7.29,7.36,7.11,46009.0,星期五,-0.0042,0.0239
2024-01-11,7.16,7.15,7.2,7.04,37116.0,星期四,-0.0014,-0.0014
2024-01-10,7.02,7.17,7.19,7.01,41547.0,星期三,-0.0071,0.0214
2024-01-09,7.21,7.07,7.3,7.04,34893.0,星期二,-0.0014,-0.0194
2024-01-08,7.4,7.22,7.46,7.04,59356.0,星期一,0.0041,-0.0243
2024-01-05,7.29,7.37,7.55,7.27,54950.0,星期五,-0.0055,0.011
2024-01-04,7.24,7.33,7.49,7.18,69251.0,星期四,0.014,0.0124
2024-01-03,7.1,7.14,7.3,7.1,48852.0,星期三,-0.0166,0.0056
2024-01-02,7.11,7.22,7.32,7.03,64304.0,星期二,0.0071,0.0155
2023-12-29,6.85,7.06,7.1,6.81,56228.0,星期五,0.0103,0.0307
2023-12-28,6.68,6.78,6.88,6.6,40983.0,星期四,-0.003,0.015
2023-12-27,6.9,6.7,6.93,6.67,47680.0,星期三,-0.01,-0.029
2023-12-26,6.81,6.97,7.16,6.79,49080.0,星期二,-0.0087,0.0235
2023-12-25,6.5,6.87,6.94,6.46,65735.0,星期一,-0.0181,0.0569
2023-12-22,6.95,6.62,6.96,6.62,92680.0,星期五,-0.0029,-0.0475
2023-12-21,7.0,6.97,7.1,6.94,47797.0,星期四,0.0057,-0.0043
2023-12-20,7.07,6.96,7.14,6.96,44027.0,星期三,-0.0112,-0.0156
2023-12-19,7.26,7.15,7.3,7.04,59299.0,星期二,0.0371,-0.0152
2023-12-18,7.12,7.0,7.18,6.98,44162.0,星期一,-0.0084,-0.0169
2023-12-15,6.93,7.18,7.2,6.93,65462.0,星期五,-0.0128,0.0361
2023-12-14,7.18,7.02,7.19,7.02,43121.0,星期四,0.0056,-0.0223
2023-12-13,7.15,7.14,7.22,7.09,40449.0,星期三,0.0028,-0.0014
2023-12-12,7.16,7.13,7.25,7.07,50664.0,星期二,-0.0028,-0.0042
2023-12-11,7.24,7.18,7.24,7.0,62942.0,星期一,0.0014,-0.0083
2023-12-08,7.48,7.23,7.48,7.23,68208.0,星期五,0.0374,-0.0334
2023-12-07,7.5,7.21,7.52,7.19,108598.0,星期四,-0.0092,-0.0387
2023-12-06,7.39,7.57,7.69,7.34,147116.0,星期三,0.0096,0.0244
2023-12-05,7.31,7.32,7.4,7.21,72633.0,星期二,-0.0014,0.0014
2023-12-04,7.06,7.32,7.34,7.06,88976.0,星期一,0.0028,0.0368
2023-12-01,7.13,7.04,7.19,7.04,71958.0,星期五,0.0014,-0.0126
2023-11-30,7.13,7.12,7.19,6.95,72306.0,星期四,0.0014,-0.0014
2023-11-29,7.22,7.12,7.3,7.1,54642.0,星期三,-0.0137,-0.0139
2023-11-28,7.39,7.32,7.43,7.05,77047.0,星期二,0.0082,-0.0095
2023-11-27,6.96,7.33,7.65,6.96,129159.0,星期一,-0.0505,0.0532
2023-11-24,7.07,7.33,7.43,7.07,87733.0,星期五,-0.007,0.0368
2023-11-23,7.25,7.12,7.43,7.03,77718.0,星期四,-0.0149,-0.0179
2023-11-22,7.3,7.36,7.58,7.21,106328.0,星期三,-0.0027,0.0082
2023-11-21,6.91,7.32,7.33,6.91,132555.0,星期二,-0.0114,0.0593
2023-11-20,6.61,6.99,7.16,6.61,183918.0,星期一,-0.0503,0.0575
2023-11-17,6.96,6.96,7.0,6.96,105462.0,星期五,-0.0505,0.0
2023-11-16,7.4,7.33,7.64,7.33,180564.0,星期四,-0.0402,-0.0095
2023-11-15,7.91,7.71,8.33,7.7,263719.0,星期三,-0.0025,-0.0253
2023-11-14,7.5,7.93,7.93,7.43,117553.0,星期二,-0.0066,0.0573
2023-11-13,7.45,7.55,7.62,7.18,169206.0,星期一,0.015,0.0134
2023-11-10,7.06,7.34,7.34,6.95,159583.0,星期五,0.01,0.0397
2023-11-09,6.91,6.99,7.15,6.9,118672.0,星期四,-0.0014,0.0116
2023-11-08,7.13,6.92,7.21,6.9,163578.0,星期三,-0.0111,-0.0295
2023-11-07,7.0,7.21,7.39,7.0,174307.0,星期二,-0.0196,0.03
2023-11-06,7.6,7.14,7.82,7.09,255257.0,星期一,0.0188,-0.0605
2023-11-03,7.09,7.46,7.46,6.98,198384.0,星期五,-0.0014,0.0522
2023-11-02,6.7,7.1,7.1,6.66,204103.0,星期四,-0.0089,0.0597
2023-11-01,6.83,6.76,6.86,6.55,161243.0,星期三,-0.0087,-0.0102
2023-10-31,7.03,6.89,7.16,6.88,136535.0,星期二,0.0293,-0.0199
2023-10-30,6.77,6.83,6.95,6.68,211883.0,星期一,-0.037,0.0089
2023-10-27,7.68,7.03,7.69,7.03,253595.0,星期五,0.0378,-0.0846
2023-10-26,7.2,7.4,7.4,7.2,143597.0,星期四,0.0213,0.0278
2023-10-25,7.28,7.05,7.4,7.04,218223.0,星期三,-0.0175,-0.0316
2023-10-24,7.34,7.41,7.73,7.27,260207.0,星期二,-0.0405,0.0095
2023-10-23,7.73,7.65,7.84,7.65,98422.0,星期一,-0.0398,-0.0103
2023-10-20,7.99,8.05,8.4,7.73,289637.0,星期五,-0.0124,0.0075
2023-10-19,7.35,8.09,8.09,7.32,319154.0,星期四,-0.0455,0.1007
2023-10-18,7.78,7.7,7.87,7.7,157138.0,星期三,-0.0407,-0.0103
2023-10-17,8.68,8.11,8.75,8.11,307666.0,星期二,0.0164,-0.0657
2023-10-16,8.54,8.54,8.54,8.38,174848.0,星期一,0.0504,0.0
2023-10-13,8.13,8.13,8.78,8.13,472979.0,星期五,-0.0502,0.0
2023-10-12,8.56,8.56,8.56,8.56,18351.0,星期四,-0.0499,0.0
2023-10-11,9.01,9.01,9.01,9.01,33192.0,星期三,-0.0496,0.0
2023-10-10,9.49,9.48,10.48,9.48,557876.0,星期二,-0.0491,-0.0011
2023-10-09,9.98,9.98,10.3,9.98,285187.0,星期一,-0.0495,0.0
2023-09-28,10.5,10.5,10.5,10.5,4613.0,星期四,-0.0498,0.0
2023-09-27,11.05,11.05,11.05,11.05,4680.0,星期三,-0.0499,0.0
2023-09-26,11.63,11.63,11.63,11.63,6984.0,星期二,-0.0498,0.0
2023-09-25,12.24,12.24,12.34,12.24,96496.0,星期一,-0.0497,0.0
2023-09-22,12.94,12.88,12.94,11.7,489407.0,星期五,0.0503,-0.0046
2023-09-21,12.22,12.32,12.32,12.15,54844.0,星期四,0.0418,0.0082
2023-09-20,11.73,11.73,11.73,11.4,132272.0,星期三,0.0501,0.0
2023-09-19,10.94,11.17,11.17,10.87,77658.0,星期二,0.0282,0.021
2023-09-18,10.64,10.64,10.64,10.0,419618.0,星期一,0.0503,0.0
2023-09-15,10.13,10.13,10.13,10.13,7678.0,星期五,0.0497,0.0
2023-09-14,9.65,9.65,9.65,9.65,5446.0,星期四,0.0501,0.0
2023-09-13,9.0,9.19,9.19,8.88,154102.0,星期三,0.0286,0.0211
2023-09-12,8.75,8.75,8.75,8.7,150683.0,星期二,0.0504,0.0
2023-09-11,8.33,8.33,8.33,8.33,21907.0,星期一,0.0504,0.0
2023-09-08,8.12,7.93,8.12,7.75,183006.0,星期五,0.0,-0.0234
2023-09-07,7.94,8.12,8.19,7.65,210695.0,星期四,0.0128,0.0227
2023-09-06,7.98,7.84,8.25,7.84,309150.0,星期三,-0.0327,-0.0175
2023-09-05,8.21,8.25,8.6,8.01,381332.0,星期二,0.0024,0.0049
2023-09-04,7.9,8.19,8.19,7.9,72029.0,星期一,0.0128,0.0367
2023-09-01,7.09,7.8,7.8,7.06,292959.0,星期五,-0.0458,0.1001
2023-08-31,7.72,7.43,7.72,7.43,240079.0,星期四,-0.0128,-0.0376
2023-08-30,7.69,7.82,8.09,7.5,284920.0,星期三,-0.0141,0.0169
2023-08-29,7.29,7.8,7.8,7.06,310853.0,星期二,-0.0188,0.07
2023-08-28,7.7,7.43,7.7,7.43,185411.0,星期一,-0.0153,-0.0351
2023-08-25,7.82,7.82,8.27,7.82,252461.0,星期五,-0.0498,0.0
2023-08-24,8.23,8.23,9.07,8.23,337012.0,星期四,-0.0497,0.0
2023-08-23,8.66,8.66,8.72,8.66,43451.0,星期三,-0.0504,0.0
2023-08-22,9.12,9.12,9.5,9.12,251686.0,星期二,-0.05,0.0
2023-08-21,8.8,9.6,9.6,8.75,339927.0,星期一,-0.0372,0.0909
2023-08-18,10.08,9.14,10.1,9.14,160781.0,星期五,0.0478,-0.0933
2023-08-17,9.16,9.62,9.62,8.96,168226.0,星期四,0.0,0.0502
2023-08-16,9.0,9.16,9.16,8.89,139274.0,星期三,0.0321,0.0178
2023-08-15,8.72,8.72,8.72,8.22,313604.0,星期二,0.0506,0.0
2023-08-14,8.3,8.3,8.3,8.3,11873.0,星期一,0.0506,0.0
2023-08-11,7.9,7.9,7.9,7.83,36128.0,星期五,0.0505,0.0
2023-08-10,7.26,7.52,7.52,7.16,92382.0,星期四,0.014,0.0358
2023-08-09,6.83,7.16,7.16,6.76,193335.0,星期三,0.0015,0.0483
2023-08-08,6.78,6.82,6.88,6.47,145038.0,星期二,0.0104,0.0059
2023-08-07,6.56,6.71,6.71,6.4,185232.0,星期一,0.0266,0.0229
2023-08-04,6.09,6.39,6.39,6.07,140065.0,星期五,0.0,0.0493
2023-08-03,6.16,6.09,6.4,5.96,172710.0,星期四,0.0082,-0.0114
2023-08-02,5.76,6.11,6.11,5.76,148921.0,星期三,-0.0103,0.0608
2023-08-01,5.58,5.82,5.83,5.49,130076.0,星期二,-0.0018,0.043
2023-07-31,5.58,5.59,5.8,5.52,151908.0,星期一,0.0109,0.0018
2023-07-28,5.36,5.52,5.53,5.26,140162.0,星期五,-0.0111,0.0299
2023-07-27,5.32,5.42,5.45,5.09,236205.0,星期四,0.025,0.0188
2023-07-26,5.19,5.19,5.19,5.12,57346.0,星期三,0.0506,0.0
2023-07-25,4.94,4.94,4.94,4.92,186587.0,星期二,0.0511,0.0
2023-07-24,4.7,4.7,4.7,4.7,22115.0,星期一,0.0491,0.0
2023-07-21,4.48,4.48,4.48,4.48,11767.0,星期五,0.0492,0.0
2023-07-20,4.19,4.27,4.28,4.14,31812.0,星期四,0.0024,0.0191
2023-07-19,4.15,4.18,4.21,4.13,8680.0,星期三,-0.0072,0.0072
2023-07-18,4.24,4.18,4.28,4.13,17839.0,星期二,0.0024,-0.0142
2023-07-17,4.16,4.23,4.29,4.16,21789.0,星期一,-0.0024,0.0168
2023-07-14,4.15,4.17,4.2,4.14,9502.0,星期五,-0.0072,0.0048
2023-07-13,4.2,4.18,4.2,4.14,11968.0,星期四,0.0096,-0.0048
2023-07-12,4.18,4.16,4.18,4.12,11494.0,星期三,0.0097,-0.0048
2023-07-11,4.22,4.14,4.24,4.13,12302.0,星期二,0.0,-0.019
2023-07-10,4.2,4.22,4.22,4.1,17281.0,星期一,0.0024,0.0048
2023-07-07,4.25,4.19,4.31,4.12,34350.0,星期五,0.0,-0.0141
2023-07-06,4.07,4.25,4.25,4.04,48800.0,星期四,0.0049,0.0442
2023-07-05,4.07,4.05,4.08,4.03,11489.0,星期三,0.0,-0.0049
2023-07-04,4.07,4.07,4.08,4.04,7205.0,星期二,0.0,0.0
2023-07-03,4.03,4.07,4.1,4.01,16711.0,星期一,0.0075,0.0099
2023-06-30,4.0,4.0,4.04,3.98,11248.0,星期五,0.005,0.0
2023-06-29,4.02,3.98,4.02,3.98,5484.0,星期四,0.0075,-0.01
2023-06-28,4.03,3.99,4.06,3.94,10547.0,星期三,-0.0049,-0.0099
2023-06-27,3.96,4.05,4.1,3.96,10007.0,星期二,-0.01,0.0227
2023-06-26,4.01,4.0,4.05,3.99,7085.0,星期一,-0.0025,-0.0025
2023-06-21,4.06,4.02,4.08,4.02,6406.0,星期三,-0.0025,-0.0099
2023-06-20,4.07,4.07,4.09,4.01,10456.0,星期二,-0.0049,0.0
2023-06-19,4.13,4.09,4.19,4.07,12134.0,星期一,-0.0072,-0.0097
2023-06-16,4.17,4.16,4.21,4.12,11579.0,星期五,0.0024,-0.0024
2023-06-15,4.15,4.16,4.18,4.02,15832.0,星期四,0.0024,0.0024
2023-06-14,4.14,4.14,4.17,4.07,18948.0,星期三,0.0122,0.0
2023-06-13,4.07,4.09,4.1,4.02,11582.0,星期二,0.0,0.0049
2023-06-12,4.09,4.07,4.15,4.05,17912.0,星期一,-0.0097,-0.0049
2023-06-09,4.15,4.13,4.21,4.07,9566.0,星期五,0.0,-0.0048
2023-06-08,4.15,4.15,4.23,4.12,10470.0,星期四,0.0,0.0
2023-06-07,4.18,4.15,4.22,4.12,9776.0,星期三,0.0024,-0.0072
2023-06-06,4.05,4.17,4.24,4.05,26502.0,星期二,0.0025,0.0296
2023-06-05,4.02,4.04,4.05,4.0,5703.0,星期一,-0.005,0.005
2023-06-02,4.05,4.04,4.05,3.98,9175.0,星期五,0.0025,-0.0025
2023-06-01,3.95,4.04,4.07,3.94,11976.0,星期四,-0.0174,0.0228
2023-05-31,3.89,4.02,4.06,3.89,12753.0,星期三,0.0026,0.0334
2023-05-30,3.94,3.88,3.94,3.82,13886.0,星期二,0.0051,-0.0152
2023-05-29,3.95,3.92,3.95,3.89,6863.0,星期一,0.0025,-0.0076
2023-05-26,3.91,3.94,3.99,3.88,10721.0,星期五,-0.0076,0.0077
2023-05-25,4.01,3.94,4.04,3.9,15157.0,星期四,-0.0025,-0.0175
2023-05-24,3.98,4.02,4.09,3.98,8390.0,星期三,-0.0149,0.0101
2023-05-23,4.03,4.04,4.07,3.98,8068.0,星期二,0.0075,0.0025
2023-05-22,4.06,4.0,4.09,3.99,13589.0,星期一,-0.0049,-0.0148
2023-05-19,3.89,4.08,4.14,3.89,27071.0,星期五,-0.0442,0.0488
2023-05-18,4.27,4.07,4.32,4.07,50213.0,星期四,-0.0023,-0.0468
2023-05-17,4.23,4.28,4.35,4.22,15074.0,星期三,-0.0047,0.0118
2023-05-16,4.3,4.25,4.39,4.24,29058.0,星期二,-0.0046,-0.0116
2023-05-15,4.23,4.32,4.38,4.16,43241.0,星期一,0.0048,0.0213
2023-05-12,4.1,4.21,4.22,3.98,36940.0,星期五,0.0123,0.0268
2023-05-11,3.93,4.05,4.1,3.91,25562.0,星期四,0.0,0.0305
2023-05-10,3.93,3.93,3.96,3.88,17138.0,星期三,0.0026,0.0
2023-05-09,3.95,3.92,3.96,3.89,14341.0,星期二,-0.0025,-0.0076
2023-05-08,3.96,3.96,3.97,3.89,20098.0,星期一,0.0051,0.0
2023-05-05,3.98,3.94,3.98,3.9,19626.0,星期五,0.0,-0.0101
2023-05-04,4.13,3.98,4.13,3.95,35774.0,星期四,0.0482,-0.0363
2023-04-28,3.83,3.94,3.96,3.83,14834.0,星期五,0.0,0.0287
2023-04-27,3.85,3.83,3.9,3.82,10482.0,星期四,0.0,-0.0052
2023-04-26,3.76,3.85,3.94,3.74,13500.0,星期三,-0.0079,0.0239
2023-04-25,3.78,3.79,3.9,3.78,25521.0,星期二,0.0027,0.0026
2023-04-24,3.7,3.77,3.77,3.6,16603.0,星期一,-0.0054,0.0189
2023-04-21,3.75,3.72,3.79,3.66,16865.0,星期五,-0.0027,-0.008
2023-04-20,3.85,3.76,3.85,3.74,17550.0,星期四,0.0,-0.0234
2023-04-19,3.86,3.85,3.9,3.82,15683.0,星期三,0.0,-0.0026
2023-04-18,3.94,3.86,3.96,3.85,16556.0,星期二,-0.0076,-0.0203
2023-04-17,3.84,3.97,4.01,3.82,22968.0,星期一,-0.0026,0.0339
2023-04-14,3.81,3.85,3.87,3.8,18999.0,星期五,-0.0052,0.0105
2023-04-13,3.83,3.83,3.87,3.82,13839.0,星期四,-0.0052,0.0
2023-04-12,3.85,3.85,3.89,3.81,17283.0,星期三,0.0052,0.0
2023-04-11,3.81,3.83,3.87,3.79,15325.0,星期二,-0.0052,0.0052
2023-04-10,4.05,3.83,4.06,3.83,45886.0,星期一,0.005,-0.0543
2023-04-07,4.02,4.03,4.06,4.01,10477.0,星期五,-0.0025,0.0025
2023-04-06,4.1,4.03,4.1,4.0,17061.0,星期四,0.0,-0.0171
2023-04-04,4.02,4.1,4.24,4.02,29164.0,星期二,-0.005,0.0199
2023-04-03,3.95,4.04,4.11,3.95,24898.0,星期一,-0.0075,0.0228
2023-03-31,3.98,3.98,4.0,3.94,10690.0,星期五,0.0025,0.0
2023-03-30,4.02,3.97,4.04,3.93,14807.0,星期四,0.0,-0.0124
2023-03-29,4.0,4.02,4.05,3.99,13682.0,星期三,0.0,0.005
2023-03-28,4.02,4.0,4.05,3.98,12876.0,星期二,0.0025,-0.005
2023-03-27,4.09,4.01,4.09,3.99,25205.0,星期一,-0.0121,-0.0196
2023-03-24,4.04,4.14,4.23,4.0,36772.0,星期五,0.0025,0.0248
2023-03-23,4.0,4.03,4.04,3.99,14677.0,星期四,0.0025,0.0075
2023-03-22,4.02,3.99,4.05,3.96,12814.0,星期三,0.005,-0.0075
2023-03-21,3.95,4.0,4.01,3.93,12372.0,星期二,0.0051,0.0127
2023-03-20,4.05,3.93,4.05,3.9,27739.0,星期一,-0.0025,-0.0296
2023-03-17,4.05,4.06,4.12,4.04,17550.0,星期五,0.0025,0.0025
2023-03-16,4.04,4.04,4.09,4.03,12983.0,星期四,-0.0025,0.0
2023-03-15,4.03,4.05,4.12,4.02,19499.0,星期三,0.0025,0.005
2023-03-14,4.25,4.02,4.25,4.02,58301.0,星期二,0.0047,-0.0541
2023-03-13,4.37,4.23,4.37,4.18,32237.0,星期一,0.0046,-0.032
2023-03-10,4.35,4.35,4.41,4.29,34168.0,星期五,0.0023,0.0
2023-03-09,4.28,4.34,4.36,4.23,25439.0,星期四,0.0,0.014
2023-03-08,4.21,4.28,4.31,4.18,28628.0,星期三,0.0,0.0166
2023-03-07,4.25,4.21,4.29,4.2,20121.0,星期二,0.0,-0.0094
2023-03-06,4.23,4.25,4.39,4.21,26604.0,星期一,0.0024,0.0047
2023-03-03,4.24,4.22,4.26,4.18,20348.0,星期五,0.0,-0.0047
2023-03-02,4.23,4.24,4.29,4.19,31038.0,星期四,0.0,0.0024
2023-03-01,4.35,4.23,4.38,4.17,55194.0,星期三,-0.0091,-0.0276
2023-02-28,4.3,4.39,4.46,4.27,30192.0,星期二,0.0047,0.0209
2023-02-27,4.36,4.28,4.4,4.27,23711.0,星期一,-0.0023,-0.0183
2023-02-24,4.39,4.37,4.44,4.28,29827.0,星期五,0.0069,-0.0046
2023-02-23,4.38,4.36,4.43,4.34,28959.0,星期四,0.0046,-0.0046
2023-02-22,4.41,4.36,4.55,4.33,54832.0,星期三,-0.0045,-0.0113
2023-02-21,4.41,4.43,4.52,4.41,111518.0,星期二,-0.0496,0.0045
2023-02-20,4.76,4.64,4.78,4.64,49002.0,星期一,-0.0246,-0.0252
2023-02-17,4.69,4.88,4.88,4.69,122486.0,星期五,0.0086,0.0405
2023-02-16,4.64,4.65,4.84,4.58,121434.0,星期四,-0.0107,0.0022
2023-02-15,4.71,4.69,4.71,4.55,160982.0,星期三,0.049,-0.0042
2023-02-14,4.49,4.49,4.49,4.49,4602.0,星期二,0.0491,0.0
2023-02-13,4.05,4.28,4.28,4.05,34029.0,星期一,-0.0074,0.0568
2023-02-10,3.94,4.08,4.13,3.93,42264.0,星期五,0.0,0.0355
2023-02-09,3.88,3.94,3.96,3.85,21693.0,星期四,-0.0026,0.0155
2023-02-08,3.95,3.89,3.97,3.84,27981.0,星期三,0.0,-0.0152
2023-02-07,3.96,3.95,3.99,3.92,18824.0,星期二,0.0025,-0.0025
2023-02-06,3.96,3.95,4.02,3.94,24898.0,星期一,-0.0075,-0.0025
2023-02-03,3.95,3.99,4.09,3.95,41660.0,星期五,-0.01,0.0101
2023-02-02,3.88,3.99,4.05,3.86,45509.0,星期四,-0.0077,0.0284
2023-02-01,3.93,3.91,4.0,3.85,55717.0,星期三,0.0077,-0.0051
2023-01-31,3.68,3.9,3.9,3.66,60302.0,星期二,-0.0081,0.0598
2023-01-30,3.73,3.71,3.79,3.71,81180.0,星期一,-0.046,-0.0054
2023-01-20,3.85,3.91,3.97,3.81,18520.0,星期五,0.0052,0.0156
2023-01-19,3.8,3.83,3.85,3.76,19267.0,星期四,0.0,0.0079
2023-01-18,3.8,3.8,3.83,3.75,11639.0,星期三,0.0026,0.0
2023-01-17,3.85,3.79,3.85,3.78,16532.0,星期二,-0.0026,-0.0156
2023-01-16,3.8,3.86,3.93,3.78,18258.0,星期一,0.0,0.0158
2023-01-13,3.77,3.8,3.82,3.76,10536.0,星期五,0.0,0.008
2023-01-12,3.77,3.77,3.83,3.75,15148.0,星期四,-0.0053,0.0
2023-01-11,3.91,3.79,3.94,3.78,19254.0,星期三,0.0,-0.0307
2023-01-10,4.04,3.91,4.04,3.9,27877.0,星期二,0.0075,-0.0322
2023-01-09,3.98,4.01,4.06,3.96,17475.0,星期一,-0.005,0.0075
2023-01-06,4.1,4.0,4.14,3.97,27484.0,星期五,0.0,-0.0244
2023-01-05,4.06,4.1,4.18,4.05,32940.0,星期四,0.0,0.0099
2023-01-04,4.03,4.06,4.13,4.03,20410.0,星期三,0.0,0.0074
2023-01-03,4.04,4.03,4.06,3.95,23011.0,星期二,-0.0049,-0.0025
2022-12-30,3.97,4.06,4.1,3.93,21524.0,星期五,0.0025,0.0227
2022-12-29,3.93,3.96,4.04,3.93,16981.0,星期四,-0.0025,0.0076
2022-12-28,4.09,3.94,4.16,3.93,32507.0,星期三,-0.0121,-0.0367
2022-12-27,3.99,4.14,4.19,3.99,38073.0,星期二,0.0,0.0376
2022-12-26,3.97,3.99,4.06,3.93,41521.0,星期一,-0.027,0.005
2022-12-23,4.19,4.08,4.26,4.08,44216.0,星期五,-0.0233,-0.0263
2022-12-22,4.19,4.29,4.44,4.19,40874.0,星期四,-0.0278,0.0239
2022-12-21,4.24,4.31,4.49,4.21,42394.0,星期三,-0.0117,0.0165
2022-12-20,4.22,4.29,4.32,4.13,48541.0,星期二,-0.0299,0.0166
2022-12-19,4.49,4.35,4.51,4.35,31737.0,星期一,-0.0197,-0.0312
2022-12-16,4.41,4.58,4.62,4.41,35744.0,星期五,-0.0392,0.0385
2022-12-15,4.69,4.59,4.88,4.56,83225.0,星期四,-0.0229,-0.0213
2022-12-14,4.91,4.8,4.97,4.75,104351.0,星期三,-0.018,-0.0224
2022-12-13,4.63,5.0,5.0,4.63,131679.0,星期二,-0.0273,0.0799
2022-12-12,5.1,4.76,5.13,4.66,129187.0,星期一,0.0429,-0.0667
2022-12-09,4.66,4.89,4.89,4.66,48086.0,星期五,0.0,0.0494
2022-12-08,4.74,4.66,4.74,4.49,146123.0,星期四,0.0418,-0.0169
2022-12-07,4.55,4.55,4.55,4.55,17310.0,星期三,0.0508,0.0
2022-12-06,4.33,4.33,4.33,4.31,27494.0,星期二,0.051,0.0
2022-12-05,4.1,4.12,4.12,4.07,15078.0,星期一,0.0459,0.0049
2022-12-02,3.89,3.92,3.93,3.86,18491.0,星期五,0.0026,0.0077
2022-12-01,3.83,3.88,3.98,3.83,26530.0,星期四,0.0052,0.0131
2022-11-30,3.8,3.81,3.86,3.77,23537.0,星期三,0.0,0.0026
2022-11-29,3.65,3.8,3.85,3.65,33630.0,星期二,-0.0054,0.0411
2022-11-28,3.67,3.67,3.72,3.63,28519.0,星期一,0.0,0.0
2022-11-25,3.71,3.67,3.75,3.65,22406.0,星期五,0.0027,-0.0108
2022-11-24,3.71,3.7,3.8,3.7,13907.0,星期四,-0.008,-0.0027
2022-11-23,3.73,3.74,3.8,3.67,20493.0,星期三,-0.008,0.0027
2022-11-22,3.75,3.76,3.82,3.74,10053.0,星期二,-0.0053,0.0027
2022-11-21,3.82,3.77,3.82,3.71,12052.0,星期一,0.0,-0.0131
2022-11-18,3.9,3.82,3.95,3.8,18951.0,星期五,-0.0051,-0.0205
2022-11-17,3.82,3.92,3.99,3.79,24200.0,星期四,0.0,0.0262
2022-11-16,3.8,3.82,3.83,3.76,16858.0,星期三,0.0,0.0053
2022-11-15,3.84,3.8,3.87,3.76,19076.0,星期二,0.0,-0.0104
2022-11-14,3.8,3.84,3.91,3.76,18379.0,星期一,-0.0052,0.0105
2022-11-11,3.82,3.82,3.95,3.79,32471.0,星期五,0.0133,0.0
2022-11-10,3.7,3.77,3.81,3.69,17752.0,星期四,-0.0054,0.0189
2022-11-09,3.79,3.72,3.8,3.71,12711.0,星期三,0.0188,-0.0185
2022-11-08,3.69,3.72,3.75,3.66,11947.0,星期二,-0.0054,0.0081
2022-11-07,3.59,3.71,3.77,3.59,24709.0,星期一,0.0,0.0334
2022-11-04,3.43,3.59,3.61,3.43,29960.0,星期五,-0.0058,0.0466
2022-11-03,3.53,3.45,3.53,3.44,22329.0,星期四,0.0,-0.0227
2022-11-02,3.5,3.53,3.57,3.46,16549.0,星期三,0.0,0.0086
2022-11-01,3.43,3.5,3.53,3.42,11536.0,星期二,-0.0029,0.0204
2022-10-31,3.46,3.44,3.5,3.4,8737.0,星期一,-0.0114,-0.0058
2022-10-28,3.63,3.5,3.67,3.49,16919.0,星期五,-0.0109,-0.0358
2022-10-27,3.56,3.67,3.73,3.56,14265.0,星期四,0.0028,0.0309
2022-10-26,3.54,3.55,3.62,3.5,11173.0,星期三,0.0,0.0028
2022-10-25,3.61,3.54,3.61,3.48,9235.0,星期二,0.0198,-0.0194
2022-10-24,3.67,3.54,3.67,3.51,14635.0,星期一,0.0027,-0.0354
2022-10-21,3.65,3.66,3.72,3.63,10884.0,星期五,-0.0027,0.0027
2022-10-20,3.74,3.66,3.75,3.64,8759.0,星期四,-0.0053,-0.0214
2022-10-19,3.73,3.76,3.83,3.69,14975.0,星期三,-0.0027,0.008
2022-10-18,3.74,3.74,3.78,3.67,9900.0,星期二,0.0,0.0
2022-10-17,3.64,3.74,3.82,3.61,17423.0,星期一,0.0,0.0275
2022-10-14,3.56,3.64,3.67,3.55,14026.0,星期五,0.0028,0.0225
2022-10-13,3.48,3.55,3.59,3.47,12846.0,星期四,-0.0085,0.0201
2022-10-12,3.39,3.51,3.54,3.38,19501.0,星期三,-0.0059,0.0354
2022-10-11,3.36,3.41,3.45,3.33,12858.0,星期二,-0.0147,0.0149
2022-10-10,3.54,3.41,3.55,3.36,22309.0,星期一,0.0,-0.0367
2022-09-30,3.61,3.54,3.63,3.46,14141.0,星期五,-0.0028,-0.0194
2022-09-29,3.78,3.62,3.84,3.59,19737.0,星期四,0.0,-0.0423
2022-09-28,3.75,3.78,3.89,3.7,21187.0,星期三,0.0027,0.008
2022-09-27,3.63,3.74,3.75,3.63,19704.0,星期二,-0.0136,0.0303
2022-09-26,3.82,3.68,3.83,3.67,25434.0,星期一,-0.0104,-0.0366
2022-09-23,3.96,3.86,3.99,3.83,8671.0,星期五,0.0025,-0.0253
2022-09-22,3.95,3.95,4.0,3.94,7051.0,星期四,-0.0025,0.0
2022-09-21,3.94,3.96,4.07,3.89,12398.0,星期三,0.0,0.0051
2022-09-20,3.91,3.94,4.0,3.9,7890.0,星期二,0.0,0.0077
2022-09-19,4.01,3.91,4.01,3.82,13627.0,星期一,0.0,-0.0249
2022-09-16,4.18,4.01,4.26,3.99,23445.0,星期五,-0.0048,-0.0407
2022-09-15,4.3,4.2,4.32,4.15,17553.0,星期四,0.0,-0.0233
2022-09-14,4.24,4.3,4.33,4.23,13550.0,星期三,-0.0117,0.0142
2022-09-13,4.19,4.29,4.36,4.17,25595.0,星期二,-0.0048,0.0239
2022-09-09,4.07,4.21,4.27,4.05,28387.0,星期五,0.0,0.0344
2022-09-08,4.08,4.07,4.12,4.06,12154.0,星期四,-0.0073,-0.0025
2022-09-07,4.09,4.11,4.11,4.03,18299.0,星期三,0.0,0.0049
2022-09-06,4.07,4.09,4.1,4.04,18584.0,星期二,0.0025,0.0049
2022-09-05,4.1,4.06,4.1,4.02,16723.0,星期一,0.0,-0.0098
2022-09-02,4.09,4.1,4.12,4.02,18230.0,星期五,-0.0049,0.0024
2022-09-01,4.15,4.11,4.21,4.08,25430.0,星期四,-0.0048,-0.0096
2022-08-31,4.32,4.17,4.36,4.15,19303.0,星期三,-0.0046,-0.0347
2022-08-30,4.37,4.34,4.47,4.31,24027.0,星期二,-0.0113,-0.0069
2022-08-29,4.26,4.42,4.43,4.12,30108.0,星期一,-0.0023,0.0376
2022-08-26,4.28,4.27,4.33,4.26,16712.0,星期五,-0.0023,-0.0023
2022-08-25,4.3,4.29,4.33,4.27,14439.0,星期四,0.0023,-0.0023
2022-08-24,4.4,4.29,4.4,4.29,20045.0,星期三,0.0023,-0.025
2022-08-23,4.38,4.39,4.43,4.33,21188.0,星期二,0.0,0.0023
2022-08-22,4.4,4.38,4.43,4.29,26130.0,星期一,0.0,-0.0045
2022-08-19,4.36,4.4,4.47,4.36,17957.0,星期五,-0.0158,0.0092
2022-08-18,4.56,4.43,4.57,4.42,20422.0,星期四,-0.0022,-0.0285
2022-08-17,4.56,4.57,4.6,4.52,15447.0,星期三,-0.0022,0.0022
2022-08-16,4.55,4.57,4.58,4.5,15765.0,星期二,0.0022,0.0044
2022-08-15,4.51,4.54,4.54,4.45,19025.0,星期一,0.0022,0.0067
2022-08-12,4.47,4.5,4.55,4.45,17047.0,星期五,-0.0045,0.0067
2022-08-11,4.47,4.49,4.56,4.46,14787.0,星期四,-0.0111,0.0045
2022-08-10,4.41,4.52,4.55,4.39,19111.0,星期三,-0.0068,0.0249
2022-08-09,4.44,4.44,4.48,4.42,8529.0,星期二,-0.0022,0.0
2022-08-08,4.37,4.45,4.48,4.3,10636.0,星期一,-0.0068,0.0183
2022-08-05,4.44,4.4,4.55,4.34,19765.0,星期五,-0.0089,-0.009
2022-08-04,4.34,4.48,4.49,4.28,24945.0,星期四,0.014,0.0323
2022-08-03,4.34,4.28,4.45,4.27,16886.0,星期三,0.0,-0.0138
2022-08-02,4.45,4.34,4.56,4.29,27999.0,星期二,-0.0155,-0.0247
2022-08-01,4.57,4.52,4.62,4.49,39213.0,星期一,-0.0256,-0.0109
2022-07-29,4.88,4.69,4.89,4.66,56466.0,星期五,0.0472,-0.0389
2022-07-28,4.51,4.66,4.71,4.48,31717.0,星期四,0.0022,0.0333
2022-07-27,4.63,4.5,4.64,4.47,27535.0,星期三,0.0198,-0.0281
2022-07-26,4.32,4.54,4.54,4.32,27553.0,星期二,0.0,0.0509
2022-07-25,4.29,4.32,4.38,4.27,18705.0,星期一,0.0,0.007
2022-07-22,4.27,4.29,4.32,4.23,16440.0,星期五,-0.0139,0.0047
2022-07-21,4.4,4.33,4.42,4.25,21893.0,星期四,-0.0068,-0.0159
2022-07-20,4.38,4.43,4.48,4.36,13141.0,星期三,0.0023,0.0114
2022-07-19,4.35,4.37,4.42,4.32,11321.0,星期二,-0.0046,0.0046
2022-07-18,4.37,4.37,4.47,4.28,23266.0,星期一,-0.0023,0.0
2022-07-15,4.37,4.38,4.49,4.28,18385.0,星期五,-0.0023,0.0023
2022-07-14,4.42,4.38,4.48,4.31,13807.0,星期四,0.0023,-0.009
2022-07-13,4.42,4.41,4.46,4.34,6978.0,星期三,-0.0023,-0.0023
2022-07-12,4.46,4.43,4.52,4.41,5176.0,星期二,-0.0045,-0.0067
2022-07-11,4.62,4.48,4.63,4.41,10946.0,星期一,-0.0022,-0.0303
2022-07-08,4.61,4.63,4.67,4.6,9212.0,星期五,0.0066,0.0043
2022-07-07,4.66,4.58,4.69,4.58,8143.0,星期四,0.0022,-0.0172
2022-07-06,4.6,4.65,4.79,4.53,18444.0,星期三,-0.0108,0.0109
2022-07-05,4.76,4.65,4.76,4.62,23421.0,星期二,-0.0124,-0.0231
2022-07-04,4.61,4.82,4.82,4.61,27666.0,星期一,0.0044,0.0456
2022-07-01,4.54,4.59,4.74,4.51,20245.0,星期五,0.0,0.011
2022-06-30,4.47,4.54,4.65,4.44,21014.0,星期四,0.0,0.0157
2022-06-29,4.53,4.47,4.6,4.46,13192.0,星期三,-0.0109,-0.0132
2022-06-28,4.69,4.58,4.76,4.58,34751.0,星期二,0.0353,-0.0235
2022-06-27,4.44,4.53,4.53,4.34,26778.0,星期一,0.0302,0.0203
2022-06-24,4.28,4.31,4.33,4.18,13755.0,星期五,-0.0047,0.007
2022-06-23,4.35,4.3,4.39,4.29,11755.0,星期四,0.0093,-0.0115
2022-06-22,4.24,4.31,4.37,4.22,14572.0,星期三,-0.007,0.0165
2022-06-21,4.27,4.27,4.29,4.22,7903.0,星期二,0.0,0.0
2022-06-20,4.28,4.27,4.35,4.21,14029.0,星期一,0.0,-0.0023
2022-06-17,4.27,4.28,4.4,4.25,10801.0,星期五,-0.0116,0.0023
2022-06-16,4.22,4.32,4.43,4.18,18811.0,星期四,0.0,0.0237
2022-06-15,4.26,4.22,4.31,4.2,14777.0,星期三,-0.0023,-0.0094
2022-06-14,4.22,4.27,4.27,4.19,10109.0,星期二,-0.0094,0.0118
2022-06-13,4.27,4.26,4.28,4.19,10209.0,星期一,-0.0023,-0.0023
2022-06-10,4.23,4.28,4.31,4.18,14914.0,星期五,-0.0094,0.0118
2022-06-09,4.47,4.27,4.52,4.25,18014.0,星期四,0.0,-0.0447
2022-06-08,4.46,4.47,4.63,4.4,18938.0,星期三,-0.0089,0.0022
2022-06-07,4.6,4.5,4.65,4.47,32156.0,星期二,-0.0213,-0.0217
2022-06-06,4.77,4.7,4.77,4.65,34132.0,星期一,0.0507,-0.0147
2022-06-02,4.6,4.54,4.6,4.49,13957.0,星期四,0.0022,-0.013
2022-06-01,4.46,4.59,4.68,4.43,19875.0,星期三,-0.0022,0.0291
2022-05-31,4.54,4.47,4.55,4.42,22151.0,星期二,-0.0109,-0.0154
2022-05-30,4.4,4.59,4.6,4.4,27953.0,星期一,0.0046,0.0432
2022-05-27,4.67,4.38,4.67,4.37,23282.0,星期五,0.0174,-0.0621
2022-05-26,4.58,4.59,4.71,4.52,18513.0,星期四,-0.0065,0.0022
2022-05-25,4.61,4.61,4.77,4.51,27442.0,星期三,-0.0212,0.0
2022-05-24,4.7,4.71,4.79,4.52,50839.0,星期二,0.0307,0.0021
2022-05-23,4.33,4.56,4.56,4.25,21936.0,星期一,-0.0023,0.0531
2022-05-20,4.33,4.34,4.52,4.2,48088.0,星期五,0.0,0.0023
2022-05-19,4.33,4.33,4.33,4.16,48988.0,星期四,0.051,0.0
2022-05-18,4.12,4.12,4.12,4.12,1973.0,星期三,0.051,0.0
2022-05-17,3.74,3.92,3.92,3.68,33422.0,星期二,0.0027,0.0481
2022-05-16,3.72,3.73,3.76,3.67,12644.0,星期一,-0.0027,0.0027
2022-05-13,3.7,3.73,3.74,3.64,11023.0,星期五,0.0027,0.0081
2022-05-12,3.72,3.69,3.83,3.65,13705.0,星期四,-0.0106,-0.0081
2022-05-11,3.82,3.76,3.89,3.74,18226.0,星期三,-0.0078,-0.0157
2022-05-10,3.83,3.85,3.95,3.69,37591.0,星期二,-0.0129,0.0052
2022-05-09,3.93,3.88,3.93,3.68,45437.0,星期一,0.0508,-0.0127
2022-05-06,3.63,3.74,3.74,3.44,22596.0,星期五,0.0197,0.0303
2022-05-05,3.56,3.56,3.56,3.56,3693.0,星期四,0.0501,0.0
2022-04-29,3.39,3.39,3.39,3.38,9174.0,星期五,0.0495,0.0
2022-04-28,3.19,3.23,3.35,3.19,79794.0,星期四,-0.0506,0.0125
2022-04-27,3.36,3.36,3.36,3.36,6495.0,星期三,-0.0508,0.0
2022-04-26,3.54,3.54,3.54,3.54,3876.0,星期二,-0.0509,0.0
2022-04-25,3.73,3.73,3.73,3.73,4148.0,星期一,-0.0509,0.0
2022-04-22,3.93,3.93,3.93,3.93,7662.0,星期五,-0.0507,0.0
2022-04-21,4.29,4.14,4.36,4.14,28920.0,星期四,-0.0161,-0.035
2022-04-20,4.23,4.36,4.53,4.23,44777.0,星期三,-0.0494,0.0307
2022-04-19,4.45,4.45,4.45,4.45,11955.0,星期二,-0.0491,0.0
2022-04-18,4.68,4.68,4.76,4.68,8627.0,星期一,-0.0507,0.0
2022-04-15,5.08,4.93,5.08,4.84,22873.0,星期五,0.0,-0.0295
2022-04-14,5.1,5.08,5.17,5.01,28130.0,星期四,-0.0058,-0.0039
2022-04-13,5.09,5.13,5.2,5.07,24305.0,星期三,0.0,0.0079
2022-04-12,4.86,5.09,5.14,4.83,34084.0,星期二,-0.0082,0.0473
2022-04-11,5.0,4.9,5.0,4.8,15345.0,星期一,0.0,-0.02
2022-04-08,5.03,5.0,5.08,4.95,17477.0,星期五,-0.002,-0.006
2022-04-07,4.91,5.04,5.15,4.89,30978.0,星期四,0.0,0.0265
2022-04-06,4.9,4.91,4.95,4.81,24999.0,星期三,0.0062,0.002
2022-04-01,4.65,4.87,4.87,4.59,36520.0,星期五,0.0022,0.0473
2022-03-31,4.57,4.64,4.73,4.53,17373.0,星期四,0.0066,0.0153
2022-03-30,4.48,4.54,4.57,4.44,12590.0,星期三,-0.0067,0.0134
2022-03-29,4.57,4.51,4.61,4.47,12030.0,星期二,-0.0022,-0.0131
2022-03-28,4.56,4.58,4.63,4.51,10352.0,星期一,-0.0044,0.0044
2022-03-25,4.58,4.58,4.6,4.52,14830.0,星期五,0.0066,0.0
2022-03-24,4.56,4.55,4.6,4.48,12584.0,星期四,-0.0044,-0.0022
2022-03-23,4.6,4.58,4.64,4.56,15167.0,星期三,-0.0065,-0.0043
2022-03-22,4.45,4.63,4.7,4.43,19964.0,星期二,-0.0347,0.0404
2022-03-21,4.67,4.61,4.69,4.59,19117.0,星期一,0.0,-0.0128
2022-03-18,4.58,4.67,4.69,4.52,20165.0,星期五,0.0022,0.0197
2022-03-17,4.55,4.57,4.65,4.53,15659.0,星期四,-0.0022,0.0044
2022-03-16,4.6,4.56,4.6,4.37,22764.0,星期三,0.0,-0.0087
2022-03-15,4.8,4.6,4.8,4.6,19032.0,星期二,-0.0083,-0.0417
2022-03-14,4.86,4.84,4.89,4.66,16130.0,星期一,-0.0102,-0.0041
2022-03-11,4.91,4.91,4.99,4.82,15073.0,星期五,0.0,0.0
2022-03-10,4.77,4.91,4.95,4.77,13320.0,星期四,0.0021,0.0294
2022-03-09,4.89,4.76,4.94,4.7,28745.0,星期三,-0.0121,-0.0266
2022-03-08,4.95,4.95,5.11,4.93,23903.0,星期二,-0.006,0.0
2022-03-07,5.05,4.98,5.05,4.95,19291.0,星期一,-0.0059,-0.0139
2022-03-04,5.09,5.08,5.2,5.04,22281.0,星期五,-0.0136,-0.002
2022-03-03,5.24,5.16,5.36,5.13,23190.0,星期四,-0.0038,-0.0153
2022-03-02,5.05,5.26,5.41,5.05,41909.0,星期三,-0.0363,0.0416
2022-03-01,4.99,5.24,5.24,4.96,49316.0,星期二,0.0,0.0501
2022-02-28,4.95,4.99,4.99,4.8,17488.0,星期一,-0.006,0.0081
2022-02-25,4.95,4.98,5.13,4.9,25275.0,星期五,-0.01,0.0061
2022-02-24,4.9,5.0,5.13,4.83,54019.0,星期四,0.002,0.0204
2022-02-23,4.97,4.89,5.02,4.86,28929.0,星期三,0.0,-0.0161
2022-02-22,4.98,4.97,5.07,4.86,45497.0,星期二,0.0289,-0.002
2022-02-21,4.66,4.84,4.84,4.57,32053.0,星期一,0.0108,0.0386
2022-02-18,4.38,4.61,4.61,4.34,29514.0,星期五,-0.0023,0.0525
2022-02-17,4.42,4.39,4.44,4.37,10712.0,星期四,0.0023,-0.0068
2022-02-16,4.45,4.41,4.45,4.37,7524.0,星期三,0.0114,-0.009
2022-02-15,4.29,4.4,4.44,4.24,17851.0,星期二,-0.0023,0.0256
2022-02-14,4.31,4.3,4.44,4.26,12882.0,星期一,-0.0182,-0.0023
2022-02-11,4.53,4.39,4.53,4.38,16767.0,星期五,0.0044,-0.0309
2022-02-10,4.6,4.51,4.62,4.48,16347.0,星期四,-0.0043,-0.0196
2022-02-09,4.55,4.62,4.65,4.55,10204.0,星期三,-0.0066,0.0154
2022-02-08,4.44,4.58,4.61,4.44,15543.0,星期二,-0.0045,0.0315
2022-02-07,4.52,4.46,4.6,4.37,30651.0,星期一,-0.0174,-0.0133
2022-01-28,4.55,4.6,4.65,4.46,21526.0,星期五,0.0022,0.011
2022-01-27,4.61,4.54,4.78,4.54,25123.0,星期四,-0.0356,-0.0152
2022-01-26,4.88,4.78,4.89,4.73,22607.0,星期三,-0.0201,-0.0205
2022-01-25,5.21,4.98,5.21,4.98,27264.0,星期二,-0.0057,-0.0441
2022-01-24,5.25,5.24,5.28,5.1,14451.0,星期一,-0.0057,-0.0019
2022-01-21,5.2,5.28,5.36,5.17,11108.0,星期五,-0.0057,0.0154
2022-01-20,5.27,5.23,5.3,5.2,13872.0,星期四,-0.0038,-0.0076
2022-01-19,5.26,5.29,5.33,5.24,10867.0,星期三,-0.0038,0.0057
2022-01-18,5.23,5.28,5.41,5.16,23520.0,星期二,-0.0038,0.0096
2022-01-17,5.32,5.25,5.4,5.2,21756.0,星期一,-0.0037,-0.0132
2022-01-14,5.5,5.34,5.56,5.31,22557.0,星期五,0.0,-0.0291
2022-01-13,5.62,5.5,5.62,5.5,12974.0,星期四,0.0054,-0.0214
2022-01-12,5.47,5.59,5.65,5.42,24049.0,星期三,0.0,0.0219
2022-01-11,5.49,5.47,5.51,5.45,9030.0,星期二,0.0,-0.0036
2022-01-10,5.54,5.49,5.55,5.45,14128.0,星期一,0.0,-0.009
2022-01-07,5.52,5.54,5.59,5.47,20799.0,星期五,-0.0018,0.0036
2022-01-06,5.42,5.53,5.71,5.42,27213.0,星期四,-0.0109,0.0203
2022-01-05,5.31,5.48,5.59,5.28,47749.0,星期三,-0.0038,0.032
2022-01-04,5.21,5.33,5.46,5.1,29244.0,星期二,0.0,0.023
2021-12-31,5.2,5.21,5.28,5.18,12853.0,星期五,-0.0019,0.0019
2021-12-30,5.26,5.21,5.26,5.16,20278.0,星期四,0.0,-0.0095
2021-12-29,5.38,5.26,5.42,5.26,23441.0,星期三,0.0,-0.0223
2021-12-28,5.42,5.38,5.52,5.37,22228.0,星期二,0.0,-0.0074
2021-12-27,5.47,5.42,5.5,5.38,21029.0,星期一,-0.0055,-0.0091
2021-12-24,5.46,5.5,5.53,5.42,21658.0,星期五,-0.0036,0.0073
2021-12-23,5.54,5.48,5.56,5.48,22582.0,星期四,-0.0018,-0.0108
2021-12-22,5.56,5.55,5.6,5.53,13396.0,星期三,-0.0036,-0.0018
2021-12-21,5.61,5.58,5.61,5.48,9996.0,星期二,0.02,-0.0053
2021-12-20,5.58,5.5,5.64,5.49,15663.0,星期一,-0.0071,-0.0143
2021-12-17,5.56,5.62,5.63,5.54,16168.0,星期五,0.0,0.0108
2021-12-16,5.6,5.56,5.63,5.53,17100.0,星期四,-0.0071,-0.0071
2021-12-15,5.63,5.64,5.7,5.52,23069.0,星期三,0.0036,0.0018
2021-12-14,5.56,5.61,5.64,5.56,13979.0,星期二,-0.0071,0.009
2021-12-13,5.68,5.6,5.68,5.55,23327.0,星期一,-0.0035,-0.0141
2021-12-10,5.75,5.7,5.85,5.63,14542.0,星期五,0.007,-0.0087
2021-12-09,5.8,5.71,5.82,5.58,37298.0,星期四,-0.0051,-0.0155
2021-12-08,5.79,5.83,5.89,5.75,24186.0,星期三,-0.0069,0.0069
2021-12-07,5.75,5.83,5.85,5.7,22958.0,星期二,0.0,0.0139
2021-12-06,5.82,5.75,5.89,5.68,25505.0,星期一,-0.0017,-0.012
2021-12-03,5.73,5.83,5.86,5.7,19132.0,星期五,-0.0017,0.0175
2021-12-02,5.69,5.74,5.85,5.64,25965.0,星期四,-0.0018,0.0088
2021-12-01,5.65,5.7,5.79,5.59,22609.0,星期三,0.0036,0.0088
2021-11-30,5.62,5.63,5.74,5.6,15526.0,星期二,0.0018,0.0018
2021-11-29,5.61,5.61,5.67,5.53,20624.0,星期一,-0.0158,0.0
2021-11-26,5.77,5.7,5.84,5.69,17851.0,星期五,-0.0103,-0.0121
2021-11-25,5.98,5.83,5.98,5.69,50296.0,星期四,-0.0017,-0.0251
2021-11-24,5.95,5.99,6.06,5.95,17012.0,星期三,-0.0034,0.0067
2021-11-23,5.95,5.97,6.02,5.94,13559.0,星期二,0.0,0.0034
2021-11-22,6.0,5.95,6.02,5.89,18413.0,星期一,0.0,-0.0083
2021-11-19,5.9,6.0,6.07,5.9,13171.0,星期五,-0.0034,0.0169
2021-11-18,6.05,5.92,6.08,5.91,21081.0,星期四,0.0,-0.0215
2021-11-17,6.09,6.05,6.18,5.96,17721.0,星期三,0.0016,-0.0066
2021-11-16,6.02,6.08,6.19,6.02,22138.0,星期二,-0.0082,0.01
2021-11-15,5.92,6.07,6.15,5.9,27751.0,星期一,0.0051,0.0253
2021-11-12,5.84,5.89,5.93,5.82,14248.0,星期五,-0.0068,0.0086
2021-11-11,5.91,5.88,6.0,5.85,15197.0,星期四,0.0017,-0.0051
2021-11-10,6.0,5.9,6.03,5.8,28876.0,星期三,0.0101,-0.0167
2021-11-09,5.7,5.94,5.94,5.66,23794.0,星期二,0.0071,0.0421
2021-11-08,5.63,5.66,5.66,5.46,16783.0,星期一,0.0,0.0053
2021-11-05,5.7,5.63,5.77,5.6,15495.0,星期五,0.0053,-0.0123
2021-11-04,5.7,5.67,5.84,5.62,17201.0,星期四,0.0053,-0.0053
2021-11-03,5.61,5.67,5.75,5.6,12243.0,星期三,-0.0053,0.0107
2021-11-02,5.83,5.64,5.91,5.64,20828.0,星期二,-0.0034,-0.0326
2021-11-01,5.82,5.85,5.87,5.73,33261.0,星期一,-0.0169,0.0052
2021-10-29,5.68,5.92,5.92,5.64,44538.0,星期五,0.0071,0.0423
2021-10-28,5.7,5.64,5.9,5.57,18295.0,星期四,0.0,-0.0105
2021-10-27,5.81,5.7,5.81,5.62,18613.0,星期三,0.0,-0.0189
2021-10-26,5.9,5.81,5.9,5.77,17687.0,星期二,0.0017,-0.0153
2021-10-25,5.85,5.89,6.04,5.85,19465.0,星期一,0.0,0.0068
2021-10-22,6.0,5.85,6.06,5.74,33174.0,星期五,0.0017,-0.025
2021-10-21,6.19,5.99,6.26,5.96,55302.0,星期四,-0.0128,-0.0323
2021-10-20,6.25,6.27,6.51,6.08,87608.0,星期三,0.0081,0.0032
2021-10-19,5.9,6.2,6.2,5.85,26900.0,星期二,0.0,0.0508
2021-10-18,6.1,5.9,6.16,5.8,70502.0,星期一,0.0218,-0.0328
2021-10-15,5.81,5.97,5.97,5.62,61653.0,星期五,0.0211,0.0275
2021-10-14,5.59,5.69,5.69,5.53,38584.0,星期四,0.0314,0.0179
2021-10-13,5.42,5.42,5.42,5.42,6817.0,星期三,0.0504,0.0
2021-10-12,5.42,5.16,5.42,5.15,22532.0,星期二,0.0093,-0.048
2021-10-11,5.43,5.37,5.43,5.28,16881.0,星期一,0.0,-0.011
2021-10-08,5.25,5.43,5.57,5.25,21966.0,星期五,-0.0132,0.0343
2021-09-30,5.35,5.32,5.38,5.21,41813.0,星期四,0.0133,-0.0056
2021-09-29,5.0,5.28,5.28,5.0,57656.0,星期三,-0.006,0.056
2021-09-28,5.25,5.03,5.25,5.01,47174.0,星期二,-0.0038,-0.0419
2021-09-27,5.01,5.27,5.27,4.95,46118.0,星期一,-0.002,0.0519
2021-09-24,5.21,5.02,5.25,5.0,39484.0,星期五,-0.0076,-0.0365
2021-09-23,5.3,5.25,5.38,5.24,27392.0,星期四,0.0038,-0.0094
2021-09-22,5.26,5.28,5.38,5.23,20649.0,星期三,-0.0295,0.0038
2021-09-17,5.55,5.42,5.55,5.4,18685.0,星期五,0.0054,-0.0234
2021-09-16,5.64,5.52,5.64,5.51,17635.0,星期四,-0.0035,-0.0213
2021-09-15,5.68,5.66,5.75,5.42,24074.0,星期三,0.0053,-0.0035
2021-09-14,5.76,5.65,5.78,5.64,18164.0,星期二,0.0,-0.0191
2021-09-13,5.76,5.76,5.8,5.68,18639.0,星期一,0.0017,0.0
2021-09-10,5.76,5.75,5.77,5.67,24323.0,星期五,0.0035,-0.0017
2021-09-09,5.87,5.74,5.87,5.71,23179.0,星期四,0.0191,-0.0221
2021-09-08,5.78,5.76,5.8,5.69,24084.0,星期三,-0.0052,-0.0035
2021-09-07,5.99,5.81,6.04,5.71,63189.0,星期二,0.0,-0.0301
2021-09-06,5.9,5.99,6.12,5.8,26939.0,星期一,-0.0017,0.0153
2021-09-03,6.1,5.91,6.21,5.89,25895.0,星期五,0.0269,-0.0311
2021-09-02,5.84,5.94,5.97,5.76,22086.0,星期四,-0.0135,0.0171
2021-09-01,5.85,5.92,6.0,5.66,29359.0,星期三,0.0017,0.012
2021-08-31,5.85,5.84,5.89,5.75,24074.0,星期二,0.0052,-0.0017
2021-08-30,5.96,5.82,5.96,5.79,31897.0,星期一,-0.0067,-0.0235
2021-08-27,5.94,6.0,6.12,5.78,22933.0,星期五,-0.0017,0.0101
2021-08-26,6.18,5.95,6.19,5.88,35232.0,星期四,-0.0016,-0.0372
2021-08-25,6.13,6.19,6.27,6.11,21200.0,星期三,-0.0113,0.0098
2021-08-24,6.13,6.2,6.28,6.02,37523.0,星期二,0.0033,0.0114
2021-08-23,6.12,6.11,6.16,5.95,33597.0,星期一,-0.0033,-0.0016
2021-08-20,6.3,6.14,6.39,6.1,32460.0,星期五,-0.0079,-0.0254
2021-08-19,6.48,6.35,6.65,6.28,32850.0,星期四,-0.0107,-0.0201
2021-08-18,6.32,6.55,6.67,6.18,48507.0,星期三,-0.0047,0.0364
2021-08-17,6.82,6.35,6.82,6.35,57887.0,星期二,0.0349,-0.0689
2021-08-16,6.59,6.59,6.59,6.51,21202.0,星期一,0.0494,0.0
2021-08-13,6.1,6.28,6.35,5.98,33973.0,星期五,-0.0113,0.0295
2021-08-12,6.33,6.17,6.49,6.17,53283.0,星期四,-0.0247,-0.0253
2021-08-11,6.73,6.49,6.84,6.48,60633.0,星期三,-0.0132,-0.0357
2021-08-10,6.7,6.82,6.84,6.55,74419.0,星期二,0.0292,0.0179
2021-08-09,6.32,6.51,6.51,6.18,36948.0,星期一,0.0194,0.0301
2021-08-06,6.03,6.2,6.22,6.03,26891.0,星期五,-0.0099,0.0282
2021-08-05,6.2,6.09,6.34,6.09,48436.0,星期四,0.0,-0.0177
2021-08-04,5.83,6.2,6.3,5.83,52153.0,星期三,-0.0332,0.0635
2021-08-03,5.94,6.03,6.03,5.8,45623.0,星期二,0.0348,0.0152
2021-08-02,5.47,5.74,5.74,5.38,16590.0,星期一,0.0,0.0494
2021-07-30,5.62,5.47,5.83,5.46,49221.0,星期五,-0.0226,-0.0267
2021-07-29,5.84,5.75,5.89,5.68,33375.0,星期四,0.0192,-0.0154
2021-07-28,5.75,5.73,5.95,5.73,62882.0,星期三,-0.0464,-0.0035
2021-07-27,6.24,6.03,6.41,6.03,64675.0,星期二,-0.0173,-0.0337
2021-07-26,6.88,6.35,6.88,6.35,80389.0,星期一,0.0299,-0.077
2021-07-23,6.64,6.68,6.68,6.3,98184.0,星期五,0.044,0.006
2021-07-22,6.01,6.36,6.36,6.01,29216.0,星期四,-0.0083,0.0582
2021-07-21,6.16,6.06,6.17,6.0,56219.0,星期三,-0.0048,-0.0162
2021-07-20,5.88,6.19,6.32,5.88,82657.0,星期二,-0.0392,0.0527
2021-07-19,6.33,6.12,6.34,6.12,76727.0,星期一,-0.0171,-0.0332
2021-07-16,6.59,6.44,6.59,6.1,101385.0,星期五,0.0313,-0.0228
2021-07-15,6.55,6.39,6.73,6.39,91140.0,星期四,-0.0267,-0.0244
2021-07-14,6.95,6.73,7.06,6.73,85939.0,星期三,-0.0184,-0.0317
2021-07-13,7.0,7.08,7.28,6.85,60433.0,星期二,-0.0085,0.0114
2021-07-12,7.31,7.06,7.32,7.06,113897.0,星期一,-0.0162,-0.0342
2021-07-09,8.03,7.43,8.07,7.4,141880.0,星期五,0.0308,-0.0747
2021-07-08,7.97,7.79,8.08,7.4,141062.0,星期四,0.0297,-0.0226
2021-07-07,7.59,7.74,7.74,7.1,199290.0,星期三,0.0299,0.0198
2021-07-06,7.37,7.37,7.37,7.26,74466.0,星期二,0.0499,0.0
2021-07-05,6.87,7.02,7.02,6.87,44316.0,星期一,0.0269,0.0218
2021-07-02,6.78,6.69,6.99,6.56,162145.0,星期五,-0.0174,-0.0133
2021-07-01,7.08,6.9,7.47,6.9,178092.0,星期四,-0.0248,-0.0254
2021-06-30,7.65,7.26,7.66,7.26,121841.0,星期三,0.0013,-0.051
2021-06-29,7.48,7.64,7.99,7.48,141540.0,星期二,-0.0184,0.0214
2021-06-28,7.46,7.62,8.08,7.46,164240.0,星期一,-0.0387,0.0214
2021-06-25,8.53,7.76,8.53,7.71,287974.0,星期五,0.0505,-0.0903
2021-06-24,8.12,8.12,8.12,8.11,21172.0,星期四,0.0505,0.0
2021-06-23,7.5,7.73,7.73,7.41,84621.0,星期三,0.019,0.0307
2021-06-22,7.36,7.36,7.36,6.98,131439.0,星期二,0.0499,0.0
2021-06-21,7.01,7.01,7.01,6.9,67398.0,星期一,0.0494,0.0
2021-06-18,6.2,6.68,6.68,6.2,118189.0,星期五,-0.0252,0.0774
2021-06-17,6.4,6.36,6.57,6.08,298952.0,星期四,0.0224,-0.0063
2021-06-16,6.26,6.26,6.26,6.26,13639.0,星期三,0.0503,0.0
2021-06-15,5.92,5.96,5.96,5.75,50134.0,星期二,0.0423,0.0068
2021-06-11,5.46,5.68,5.68,5.35,75643.0,星期五,0.0092,0.0403
2021-06-10,5.15,5.41,5.41,4.89,159109.0,星期四,0.0,0.0505
2021-06-09,5.61,5.15,5.61,5.1,185176.0,星期三,0.0506,-0.082
2021-06-08,5.25,5.34,5.34,5.09,69329.0,星期二,0.0314,0.0171
2021-06-07,4.78,5.09,5.09,4.77,117111.0,星期一,-0.0144,0.0649
2021-06-04,4.77,4.85,4.95,4.7,80464.0,星期五,-0.0021,0.0168
2021-06-03,4.9,4.78,4.91,4.62,137596.0,星期四,0.047,-0.0245
2021-06-02,4.6,4.68,4.68,4.51,61718.0,星期三,0.0314,0.0174
2021-06-01,4.24,4.46,4.46,4.23,69294.0,星期二,-0.0024,0.0519
2021-05-31,4.09,4.25,4.25,4.06,64061.0,星期一,0.0099,0.0391
2021-05-28,4.09,4.05,4.1,4.03,16589.0,星期五,0.0025,-0.0098
2021-05-27,4.01,4.08,4.09,4.0,13432.0,星期四,-0.0074,0.0175
2021-05-26,4.09,4.04,4.09,3.98,29987.0,星期三,-0.0049,-0.0122
2021-05-25,4.08,4.11,4.14,4.08,11902.0,星期二,-0.0073,0.0074
2021-05-24,4.06,4.11,4.16,4.05,17605.0,星期一,-0.0122,0.0123
2021-05-21,4.11,4.11,4.15,4.06,13930.0,星期五,0.0,0.0
2021-05-20,4.09,4.11,4.15,4.06,12923.0,星期四,-0.0024,0.0049
2021-05-19,3.98,4.1,4.14,3.95,22441.0,星期三,-0.005,0.0302
2021-05-18,3.95,4.0,4.03,3.95,10865.0,星期二,-0.0075,0.0127
2021-05-17,4.15,3.98,4.17,3.97,17370.0,星期一,-0.0072,-0.041
2021-05-14,4.11,4.18,4.25,4.06,23369.0,星期五,0.0024,0.017
2021-05-13,4.01,4.1,4.12,3.97,17682.0,星期四,-0.0025,0.0224
2021-05-12,4.0,4.02,4.03,3.96,13448.0,星期三,0.005,0.005
2021-05-11,3.94,3.98,4.02,3.85,14935.0,星期二,0.0025,0.0102
2021-05-10,4.04,3.93,4.14,3.9,26975.0,星期一,0.0,-0.0272
2021-05-07,3.94,4.04,4.06,3.9,13008.0,星期五,0.0,0.0254
2021-05-06,4.0,3.94,4.0,3.87,15445.0,星期四,-0.0123,-0.015
2021-04-30,4.19,4.05,4.2,4.05,14847.0,星期五,0.0072,-0.0334
2021-04-29,4.2,4.16,4.25,4.1,17896.0,星期四,-0.0094,-0.0095
2021-04-28,4.17,4.24,4.34,4.16,33994.0,星期三,0.0024,0.0168
2021-04-27,4.22,4.16,4.26,4.15,13547.0,星期二,-0.0024,-0.0142
2021-04-26,4.22,4.23,4.29,4.16,21077.0,星期一,0.0,0.0024
2021-04-23,4.22,4.22,4.24,4.16,12281.0,星期五,0.0048,0.0
2021-04-22,4.16,4.2,4.26,4.07,25468.0,星期四,0.0,0.0096
2021-04-21,4.25,4.16,4.3,4.16,41163.0,星期三,-0.0297,-0.0212
2021-04-20,4.4,4.38,4.4,4.33,17316.0,星期二,0.0069,-0.0045
2021-04-19,4.41,4.37,4.44,4.36,21572.0,星期一,-0.0045,-0.0091
2021-04-16,4.29,4.43,4.48,4.24,25056.0,星期五,0.0,0.0326
2021-04-15,4.45,4.29,4.55,4.21,22120.0,星期四,0.0091,-0.036
2021-04-14,4.39,4.41,4.43,4.37,11797.0,星期三,-0.0023,0.0046
2021-04-13,4.38,4.4,4.48,4.35,14825.0,星期二,0.0,0.0046
2021-04-12,4.4,4.38,4.41,4.37,9772.0,星期一,0.0,-0.0045
2021-04-09,4.46,4.4,4.47,4.36,18155.0,星期五,-0.0022,-0.0135
2021-04-08,4.53,4.47,4.53,4.46,13636.0,星期四,0.0,-0.0132
2021-04-07,4.51,4.53,4.56,4.47,15204.0,星期三,0.0,0.0044
2021-04-06,4.4,4.51,4.56,4.39,16922.0,星期二,-0.0068,0.025
2021-04-02,4.42,4.43,4.47,4.36,12184.0,星期五,-0.0023,0.0023
2021-04-01,4.34,4.43,4.58,4.32,18077.0,星期四,-0.0046,0.0207
2021-03-31,4.21,4.36,4.43,4.21,19295.0,星期三,-0.0047,0.0356
2021-03-30,4.31,4.23,4.36,4.2,19261.0,星期二,-0.0115,-0.0186
2021-03-29,4.45,4.36,4.48,4.32,28947.0,星期一,0.0,-0.0202
2021-03-26,4.39,4.45,4.51,4.32,20368.0,星期五,-0.0023,0.0137
2021-03-25,4.48,4.4,4.55,4.4,42411.0,星期四,-0.011,-0.0179
2021-03-24,4.3,4.53,4.53,4.29,65623.0,星期三,-0.0023,0.0535
2021-03-23,4.25,4.31,4.33,4.24,24963.0,星期二,-0.0139,0.0141
2021-03-22,4.36,4.31,4.45,4.27,59177.0,星期一,0.0,-0.0115
2021-03-19,4.19,4.36,4.36,4.16,66214.0,星期五,0.0096,0.0406
2021-03-18,4.13,4.15,4.19,4.11,15965.0,星期四,0.0049,0.0048
2021-03-17,4.13,4.11,4.18,4.09,24095.0,星期三,-0.0072,-0.0048
2021-03-16,3.93,4.16,4.2,3.93,28636.0,星期二,-0.0272,0.0585
2021-03-15,3.91,4.04,4.11,3.91,40276.0,星期一,0.0,0.0332
2021-03-12,3.95,3.91,3.95,3.9,10009.0,星期五,0.0,-0.0101
2021-03-11,3.92,3.95,3.96,3.89,7847.0,星期四,0.0026,0.0077
2021-03-10,3.93,3.91,3.98,3.9,13669.0,星期三,0.0026,-0.0051
2021-03-09,4.03,3.92,4.04,3.89,31888.0,星期二,0.0,-0.0273
2021-03-08,4.07,4.03,4.15,4.0,20039.0,星期一,0.0,-0.0098
2021-03-05,3.99,4.07,4.16,3.98,31213.0,星期五,0.0,0.0201
2021-03-04,3.93,3.99,4.12,3.87,39547.0,星期四,0.0026,0.0153
2021-03-03,3.82,3.92,3.93,3.82,12750.0,星期三,-0.0026,0.0262
2021-03-02,3.96,3.83,3.97,3.8,15573.0,星期二,0.0076,-0.0328
2021-03-01,3.89,3.93,3.97,3.88,18153.0,星期一,-0.0026,0.0103
2021-02-26,3.8,3.9,4.0,3.75,18027.0,星期五,-0.0052,0.0263
2021-02-25,3.85,3.82,3.9,3.77,13007.0,星期四,0.0,-0.0078
2021-02-24,3.91,3.85,3.94,3.81,14515.0,星期三,0.0,-0.0153
2021-02-23,3.97,3.91,3.99,3.89,17682.0,星期二,0.0,-0.0151
2021-02-22,3.91,3.97,4.02,3.86,24800.0,星期一,-0.0076,0.0153
2021-02-19,3.87,3.94,4.0,3.87,31898.0,星期五,0.0078,0.0181
2021-02-18,3.73,3.84,3.89,3.7,24689.0,星期四,-0.0106,0.0295
2021-02-10,3.57,3.77,3.81,3.57,20910.0,星期三,-0.0219,0.056
2021-02-09,3.7,3.65,3.84,3.65,25758.0,星期二,0.0054,-0.0135
2021-02-08,3.49,3.68,3.68,3.43,25458.0,星期一,-0.0029,0.0544
2021-02-05,3.67,3.5,3.67,3.47,36633.0,星期五,0.0055,-0.0463
2021-02-04,3.46,3.65,3.65,3.39,37680.0,星期四,-0.0057,0.0549
2021-02-03,3.48,3.48,3.54,3.48,24309.0,星期三,-0.0492,0.0
2021-02-02,3.66,3.66,3.75,3.66,28951.0,星期二,-0.0494,0.0
2021-02-01,4.11,3.85,4.11,3.75,58236.0,星期一,0.0512,-0.0633
2021-01-29,3.91,3.91,3.91,3.91,9410.0,星期五,0.0511,0.0
2021-01-28,3.72,3.72,3.72,3.7,16889.0,星期四,0.0508,0.0
2021-01-27,3.54,3.54,3.54,3.54,4477.0,星期三,0.0504,0.0
2021-01-26,3.5,3.37,3.51,3.34,15340.0,星期二,0.0,-0.0371
2021-01-25,3.62,3.5,3.69,3.45,16801.0,星期一,-0.0028,-0.0331
2021-01-22,3.62,3.63,3.71,3.57,29436.0,星期五,0.0255,0.0028
2021-01-21,3.36,3.53,3.53,3.36,12918.0,星期四,0.0,0.0506
2021-01-20,3.36,3.36,3.38,3.31,6550.0,星期三,0.006,0.0
2021-01-19,3.31,3.34,3.36,3.29,8690.0,星期二,-0.003,0.0091
2021-01-18,3.28,3.32,3.37,3.26,8826.0,星期一,0.0,0.0122
2021-01-15,3.35,3.28,3.35,3.24,11278.0,星期五,0.0121,-0.0209
2021-01-14,3.38,3.31,3.38,3.15,15900.0,星期四,0.0181,-0.0207
2021-01-13,3.5,3.32,3.5,3.32,21689.0,星期三,0.0029,-0.0514
2021-01-12,3.54,3.49,3.6,3.46,11102.0,星期二,0.0,-0.0141
2021-01-11,3.46,3.54,3.66,3.46,15002.0,星期一,-0.017,0.0231
2021-01-08,3.37,3.52,3.54,3.29,19569.0,星期五,0.0,0.0445
2021-01-07,3.52,3.37,3.54,3.34,19715.0,星期四,0.0,-0.0426
2021-01-06,3.69,3.52,3.7,3.51,28177.0,星期三,0.0,-0.0461
2021-01-05,3.79,3.69,3.79,3.64,21584.0,星期二,-0.0026,-0.0264
2021-01-04,3.82,3.8,3.88,3.76,19484.0,星期一,0.0,-0.0052
2020-12-31,3.83,3.82,3.84,3.77,10966.0,星期四,0.0106,-0.0026
2020-12-30,3.87,3.79,3.87,3.79,11118.0,星期三,0.0131,-0.0207
2020-12-29,3.8,3.82,3.94,3.8,10249.0,星期二,-0.0104,0.0053
2020-12-28,3.81,3.84,3.97,3.76,15285.0,星期一,0.0,0.0079
2020-12-25,3.79,3.81,3.89,3.72,16942.0,星期五,0.0,0.0053
2020-12-24,3.93,3.79,3.93,3.79,43836.0,星期四,-0.015,-0.0356
2020-12-23,4.0,3.99,4.09,3.94,41978.0,星期三,-0.0148,-0.0025
2020-12-22,3.94,4.06,4.14,3.88,58582.0,星期二,0.0,0.0305
2020-12-21,3.88,3.94,3.95,3.76,23933.0,星期一,-0.0051,0.0155
2020-12-18,3.94,3.9,3.95,3.87,16572.0,星期五,-0.0025,-0.0102
2020-12-17,4.01,3.95,4.01,3.8,38810.0,星期四,0.0025,-0.015
2020-12-16,3.96,4.0,4.04,3.89,32605.0,星期三,0.0,0.0101
2020-12-15,4.0,3.96,4.04,3.89,52606.0,星期二,-0.022,-0.01
2020-12-14,4.09,4.09,4.18,4.05,39752.0,星期一,-0.0145,0.0
2020-12-11,4.14,4.15,4.25,4.06,62441.0,星期五,0.0,0.0024
2020-12-10,3.81,4.14,4.14,3.81,69552.0,星期四,-0.033,0.0866
2020-12-09,4.12,3.94,4.19,3.91,115485.0,星期三,0.0326,-0.0437
2020-12-08,3.79,3.99,3.99,3.79,61854.0,星期二,-0.0026,0.0528
2020-12-07,3.61,3.8,3.8,3.6,61625.0,星期一,-0.0028,0.0526
2020-12-04,3.53,3.62,3.68,3.51,16433.0,星期五,0.0,0.0255
2020-12-03,3.43,3.53,3.6,3.42,19622.0,星期四,0.0,0.0292
2020-12-02,3.5,3.43,3.5,3.42,11856.0,星期三,0.0029,-0.02
2020-12-01,3.46,3.49,3.51,3.4,19881.0,星期二,-0.0057,0.0087
2020-11-30,3.56,3.48,3.62,3.46,31332.0,星期一,0.0056,-0.0225
2020-11-27,3.38,3.54,3.54,3.37,39243.0,星期五,0.003,0.0473
2020-11-26,3.41,3.37,3.46,3.36,19662.0,星期四,-0.0029,-0.0117
2020-11-25,3.53,3.42,3.57,3.39,64518.0,星期三,-0.0112,-0.0312
2020-11-24,3.7,3.57,3.79,3.56,100041.0,星期二,0.0249,-0.0351
2020-11-23,3.49,3.61,3.61,3.44,41556.0,星期一,0.0145,0.0344
2020-11-20,3.29,3.44,3.44,3.25,41528.0,星期五,0.003,0.0456
2020-11-19,3.22,3.28,3.32,3.16,18986.0,星期四,-0.0031,0.0186
2020-11-18,3.22,3.23,3.3,3.17,20371.0,星期三,0.0,0.0031
2020-11-17,3.16,3.22,3.29,3.11,31552.0,星期二,0.0096,0.019
2020-11-16,3.15,3.13,3.17,3.08,15577.0,星期一,0.0064,-0.0063
2020-11-13,3.15,3.13,3.19,3.09,18947.0,星期五,-0.0156,-0.0063
2020-11-12,3.06,3.2,3.2,3.03,32861.0,星期四,0.0033,0.0458
2020-11-11,3.07,3.05,3.07,3.03,10190.0,星期三,0.0033,-0.0065
2020-11-10,3.09,3.06,3.09,3.04,7374.0,星期二,0.0065,-0.0097
2020-11-09,3.09,3.07,3.1,3.04,9330.0,星期一,0.0032,-0.0065
2020-11-06,3.12,3.08,3.13,3.06,10651.0,星期五,0.0065,-0.0128
2020-11-05,3.1,3.1,3.14,3.06,12057.0,星期四,0.0065,0.0
2020-11-04,3.07,3.08,3.11,3.04,8583.0,星期三,0.0,0.0033
2020-11-03,2.99,3.07,3.1,2.99,23723.0,星期二,-0.0508,0.0268
2020-11-02,3.31,3.15,3.31,3.15,21185.0,星期一,-0.003,-0.0483
2020-10-30,3.38,3.32,3.39,3.31,7405.0,星期五,0.003,-0.0178
2020-10-29,3.38,3.37,3.39,3.34,5368.0,星期四,-0.0029,-0.003
2020-10-28,3.4,3.39,3.41,3.35,9032.0,星期三,0.0,-0.0029
2020-10-27,3.39,3.4,3.43,3.35,4234.0,星期二,-0.0059,0.0029
2020-10-26,3.45,3.41,3.45,3.36,7762.0,星期一,0.0029,-0.0116
2020-10-23,3.46,3.44,3.48,3.43,6506.0,星期五,-0.0029,-0.0058
2020-10-22,3.49,3.47,3.49,3.45,6335.0,星期四,0.0,-0.0057
2020-10-21,3.52,3.49,3.55,3.46,8363.0,星期三,0.0,-0.0085
2020-10-20,3.52,3.52,3.53,3.49,6769.0,星期二,0.0028,0.0
2020-10-19,3.55,3.51,3.57,3.5,8196.0,星期一,0.0,-0.0113
2020-10-16,3.54,3.55,3.56,3.51,7182.0,星期五,0.0,0.0028
2020-10-15,3.61,3.54,3.62,3.54,12174.0,星期四,-0.0028,-0.0194
2020-10-14,3.58,3.62,3.65,3.57,11392.0,星期三,-0.0056,0.0112
2020-10-13,3.62,3.6,3.62,3.59,5399.0,星期二,0.0028,-0.0055
2020-10-12,3.57,3.61,3.63,3.55,12389.0,星期一,0.0,0.0112
2020-10-09,3.56,3.57,3.62,3.53,8718.0,星期五,0.0085,0.0028
2020-09-30,3.53,3.53,3.56,3.48,5050.0,星期三,0.0086,0.0
2020-09-29,3.5,3.5,3.53,3.49,6687.0,星期二,-0.0028,0.0
2020-09-28,3.58,3.51,3.58,3.47,11471.0,星期一,0.0028,-0.0196
2020-09-25,3.62,3.57,3.62,3.51,7548.0,星期五,0.0056,-0.0138
2020-09-24,3.69,3.6,3.69,3.6,9677.0,星期四,0.0027,-0.0244
2020-09-23,3.66,3.68,3.71,3.66,6737.0,星期三,-0.0135,0.0055
2020-09-22,3.63,3.71,3.77,3.6,13479.0,星期二,-0.0027,0.022
2020-09-21,3.66,3.64,3.69,3.62,6904.0,星期一,0.0,-0.0055
2020-09-18,3.62,3.66,3.67,3.59,12187.0,星期五,0.0028,0.011
2020-09-17,3.59,3.61,3.63,3.57,8519.0,星期四,-0.0083,0.0056
2020-09-16,3.65,3.62,3.65,3.57,17846.0,星期三,0.0027,-0.0082
2020-09-15,3.7,3.64,3.7,3.62,15863.0,星期二,-0.0027,-0.0162
2020-09-14,3.69,3.71,3.73,3.63,15874.0,星期一,0.0027,0.0054
2020-09-11,3.67,3.68,3.7,3.6,21641.0,星期五,0.0,0.0027
2020-09-10,3.83,3.67,3.83,3.66,22555.0,星期四,0.0079,-0.0418
2020-09-09,3.84,3.8,3.84,3.78,18581.0,星期三,0.0026,-0.0104
2020-09-08,3.84,3.83,3.87,3.79,19156.0,星期二,0.0,-0.0026
2020-09-07,3.94,3.84,3.95,3.83,22072.0,星期一,0.0,-0.0254
2020-09-04,3.91,3.94,3.95,3.9,14848.0,星期五,-0.0076,0.0077
2020-09-03,3.93,3.94,3.97,3.9,17440.0,星期四,0.0,0.0025
2020-09-02,3.94,3.93,3.96,3.89,17291.0,星期三,-0.0025,-0.0025
2020-09-01,3.92,3.95,3.95,3.87,21775.0,星期二,-0.0051,0.0077
2020-08-31,4.05,3.94,4.07,3.93,57346.0,星期一,0.0025,-0.0272
2020-08-28,4.06,4.04,4.06,3.89,37015.0,星期五,-0.0049,-0.0049
2020-08-27,4.09,4.08,4.18,4.06,54094.0,星期四,0.0074,-0.0024
2020-08-26,3.88,4.06,4.06,3.83,53927.0,星期三,0.0026,0.0464
2020-08-25,3.89,3.87,3.92,3.87,15155.0,星期二,-0.0077,-0.0051
2020-08-24,3.9,3.92,3.93,3.84,22263.0,星期一,0.0104,0.0051
2020-08-21,3.86,3.86,3.91,3.83,19754.0,星期五,-0.0153,0.0
2020-08-20,3.79,3.92,3.96,3.76,45674.0,星期四,0.0,0.0343
2020-08-19,3.84,3.79,3.84,3.79,22930.0,星期三,0.0026,-0.013
2020-08-18,3.85,3.83,3.86,3.82,13063.0,星期二,0.0026,-0.0052
2020-08-17,3.83,3.84,3.85,3.8,23919.0,星期一,0.0,0.0026
2020-08-14,3.78,3.83,3.85,3.75,23454.0,星期五,-0.0026,0.0132
2020-08-13,3.78,3.79,3.79,3.74,15631.0,星期四,0.0053,0.0026
2020-08-12,3.78,3.76,3.78,3.71,20308.0,星期三,0.0,-0.0053
2020-08-11,3.81,3.78,3.85,3.77,10271.0,星期二,-0.0078,-0.0079
2020-08-10,3.78,3.84,3.85,3.74,11884.0,星期一,-0.0131,0.0159
2020-08-07,3.93,3.83,3.93,3.81,14886.0,星期五,0.0,-0.0254
2020-08-06,3.92,3.93,3.97,3.9,12803.0,星期四,-0.0025,0.0026
2020-08-05,3.87,3.93,3.93,3.85,12089.0,星期三,0.0,0.0155
2020-08-04,3.92,3.87,3.93,3.84,17878.0,星期二,0.0,-0.0128
2020-08-03,3.9,3.92,3.95,3.85,17565.0,星期一,0.0026,0.0051
2020-07-31,3.79,3.89,3.9,3.78,20891.0,星期五,-0.0026,0.0264
2020-07-30,3.83,3.8,3.84,3.78,7199.0,星期四,0.0052,-0.0078
2020-07-29,3.79,3.81,3.85,3.7,13315.0,星期三,0.0026,0.0053
2020-07-28,3.75,3.78,3.85,3.72,9502.0,星期二,0.0054,0.008
2020-07-27,3.7,3.73,3.74,3.66,13073.0,星期一,-0.0027,0.0081
2020-07-24,3.9,3.71,3.91,3.71,26452.0,星期五,0.0,-0.0487
2020-07-23,3.95,3.9,3.95,3.87,12145.0,星期四,0.0,-0.0127
2020-07-22,3.96,3.95,4.02,3.92,13604.0,星期三,-0.0025,-0.0025
2020-07-21,4.0,3.97,4.02,3.96,11832.0,星期二,0.0,-0.0075
2020-07-20,3.95,4.0,4.02,3.95,14838.0,星期一,0.0,0.0127
2020-07-17,3.93,3.95,3.98,3.91,13163.0,星期五,0.0,0.0051
2020-07-16,4.08,3.93,4.09,3.9,21653.0,星期四,0.0,-0.0368
2020-07-15,4.07,4.08,4.13,4.04,21220.0,星期三,-0.0145,0.0025
2020-07-14,4.17,4.13,4.17,4.08,18784.0,星期二,-0.0024,-0.0096
2020-07-13,4.15,4.18,4.19,4.07,35680.0,星期一,-0.0048,0.0072
2020-07-10,4.25,4.17,4.25,4.13,27585.0,星期五,-0.007,-0.0188
2020-07-09,4.1,4.28,4.31,4.06,50201.0,星期四,0.0,0.0439
2020-07-08,4.09,4.1,4.14,4.08,16599.0,星期三,0.0,0.0024
2020-07-07,4.14,4.09,4.16,4.09,23282.0,星期二,0.0,-0.0121
2020-07-06,4.07,4.14,4.16,4.06,26369.0,星期一,-0.0145,0.0172
2020-07-03,3.99,4.13,4.19,3.99,21206.0,星期五,-0.0124,0.0351
2020-07-02,4.03,4.04,4.07,4.01,15059.0,星期四,-0.0123,0.0025
2020-07-01,4.02,4.08,4.12,3.99,15002.0,星期三,-0.005,0.0149
2020-06-30,4.06,4.04,4.07,3.95,15334.0,星期二,0.0025,-0.0049
2020-06-29,3.99,4.05,4.06,3.92,11963.0,星期一,0.0,0.015
2020-06-24,3.97,3.99,4.0,3.97,9081.0,星期三,-0.0025,0.005
2020-06-23,4.02,3.98,4.04,3.92,8470.0,星期二,0.0,-0.01
2020-06-22,4.02,4.02,4.07,3.99,10894.0,星期一,-0.005,0.0
2020-06-19,3.94,4.04,4.1,3.91,16144.0,星期五,0.0025,0.0254
2020-06-18,3.98,3.93,3.98,3.91,13560.0,星期四,-0.0075,-0.0126
2020-06-17,4.04,4.01,4.04,3.95,12715.0,星期三,0.01,-0.0074
2020-06-16,4.04,4.0,4.07,3.88,20692.0,星期二,0.0,-0.0099
2020-06-15,4.09,4.04,4.21,4.01,51884.0,星期一,0.0099,-0.0122
2020-06-12,3.86,4.05,4.05,3.8,42986.0,星期五,0.0,0.0492
2020-06-11,3.86,3.86,3.86,3.84,25334.0,星期四,0.0489,0.0
2020-06-10,3.77,3.68,3.77,3.65,10377.0,星期三,0.0027,-0.0239
2020-06-09,3.78,3.76,3.78,3.74,8896.0,星期二,0.008,-0.0053
2020-06-08,3.8,3.75,3.8,3.73,11178.0,星期一,0.008,-0.0132
2020-06-05,3.84,3.77,3.84,3.75,15845.0,星期五,0.0,-0.0182
2020-06-04,3.69,3.84,3.85,3.69,25169.0,星期四,-0.0027,0.0407
2020-06-03,3.69,3.7,3.73,3.66,13755.0,星期三,-0.0027,0.0027
2020-06-02,3.69,3.7,3.7,3.65,9508.0,星期二,0.0,0.0027
2020-06-01,3.72,3.69,3.72,3.64,17834.0,星期一,0.0054,-0.0081
2020-05-29,3.7,3.7,3.73,3.64,8406.0,星期五,0.0054,0.0
2020-05-28,3.76,3.68,3.82,3.66,12267.0,星期四,0.008,-0.0213
2020-05-27,3.52,3.73,3.73,3.52,15754.0,星期三,-0.0085,0.0597
2020-05-26,3.56,3.55,3.56,3.49,7802.0,星期二,0.0056,-0.0028
2020-05-25,3.56,3.54,3.6,3.5,6220.0,星期一,-0.0111,-0.0056
2020-05-22,3.69,3.6,3.69,3.58,6707.0,星期五,0.0,-0.0244
2020-05-21,3.67,3.69,3.74,3.65,5931.0,星期四,-0.0027,0.0054
2020-05-20,3.65,3.68,3.71,3.65,5784.0,星期三,-0.0162,0.0082
2020-05-19,3.74,3.71,3.74,3.59,6623.0,星期二,0.0,-0.008
2020-05-18,3.77,3.74,3.82,3.73,6137.0,星期一,0.0189,-0.008
2020-05-15,3.72,3.7,3.76,3.61,6317.0,星期五,0.0,-0.0054
2020-05-14,3.77,3.72,3.77,3.72,3933.0,星期四,-0.0053,-0.0133
2020-05-13,3.79,3.79,3.79,3.73,4759.0,星期三,-0.0026,0.0
2020-05-12,3.82,3.8,3.82,3.72,7585.0,星期二,0.0,-0.0052
2020-05-11,3.86,3.82,3.86,3.8,5606.0,星期一,0.0026,-0.0104
2020-05-08,3.84,3.85,3.85,3.81,6836.0,星期五,0.0,0.0026
2020-05-07,3.81,3.84,3.86,3.79,5492.0,星期四,-0.0104,0.0079
2020-05-06,3.79,3.85,3.85,3.78,8238.0,星期三,-0.0156,0.0158
2020-04-30,3.77,3.85,3.91,3.77,14087.0,星期四,-0.0105,0.0212
2020-04-29,3.6,3.81,3.81,3.6,21357.0,星期三,-0.0083,0.0583
2020-04-28,3.76,3.63,3.76,3.57,13586.0,星期二,0.0,-0.0346
2020-04-27,3.74,3.76,3.76,3.67,9785.0,星期一,0.0027,0.0053
2020-04-24,3.74,3.73,3.75,3.68,22875.0,星期五,0.0,-0.0027
2020-04-23,3.78,3.74,3.78,3.74,11817.0,星期四,0.0,-0.0106
2020-04-22,3.81,3.78,3.82,3.72,15741.0,星期三,-0.0078,-0.0079
2020-04-21,3.79,3.84,3.87,3.75,11468.0,星期二,0.0,0.0132
2020-04-20,3.79,3.79,3.83,3.7,18540.0,星期一,0.0026,0.0
2020-04-17,3.9,3.78,3.9,3.76,15684.0,星期五,0.0104,-0.0308
2020-04-16,3.95,3.86,3.95,3.86,14744.0,星期四,0.0,-0.0228
2020-04-15,3.98,3.95,4.01,3.94,7304.0,星期三,-0.0025,-0.0075
2020-04-14,3.95,3.99,4.02,3.94,6231.0,星期二,0.0,0.0101
2020-04-13,4.01,3.95,4.01,3.93,9952.0,星期一,0.0,-0.015
2020-04-10,4.09,4.01,4.1,4.0,10161.0,星期五,0.0,-0.0196
2020-04-09,4.09,4.09,4.14,4.08,12615.0,星期四,0.0,0.0
2020-04-08,4.1,4.09,4.1,4.05,9153.0,星期三,0.0,-0.0024
2020-04-07,4.11,4.1,4.15,4.07,14899.0,星期二,0.0024,-0.0024
2020-04-03,4.05,4.1,4.17,4.04,7565.0,星期五,-0.0098,0.0123
2020-04-02,4.07,4.09,4.09,3.98,5577.0,星期四,-0.0025,0.0049
2020-04-01,4.06,4.08,4.12,4.04,6181.0,星期三,-0.0122,0.0049
2020-03-31,4.06,4.11,4.21,4.06,9811.0,星期二,0.0,0.0123
2020-03-30,4.09,4.06,4.09,3.95,6670.0,星期一,-0.0024,-0.0073
2020-03-27,4.08,4.1,4.13,4.07,6106.0,星期五,0.0,0.0049
2020-03-26,4.1,4.08,4.11,4.05,7343.0,星期四,-0.0024,-0.0049
2020-03-25,4.14,4.11,4.14,4.09,9849.0,星期三,0.0098,-0.0072
2020-03-24,4.1,4.1,4.1,3.99,6981.0,星期二,0.0174,0.0
2020-03-23,4.09,4.03,4.09,4.0,6347.0,星期一,-0.0049,-0.0147
2020-03-20,4.13,4.11,4.13,4.05,9650.0,星期五,0.0172,-0.0048
2020-03-19,4.06,4.06,4.1,3.95,9767.0,星期四,0.01,0.0
2020-03-18,4.16,4.02,4.16,4.01,10712.0,星期三,0.0146,-0.0337
2020-03-17,4.14,4.1,4.21,3.96,15349.0,星期二,0.0024,-0.0097
2020-03-16,4.23,4.13,4.3,4.05,13995.0,星期一,-0.0047,-0.0236
2020-03-13,3.93,4.25,4.29,3.93,22824.0,星期五,-0.0507,0.0814
2020-03-12,4.28,4.14,4.28,4.12,19744.0,星期四,-0.0023,-0.0327
2020-03-11,4.33,4.29,4.35,4.26,16133.0,星期三,0.0,-0.0092
2020-03-10,4.24,4.33,4.37,4.22,16671.0,星期二,-0.023,0.0212
2020-03-09,4.48,4.34,4.48,4.3,19632.0,星期一,-0.0022,-0.0313
2020-03-06,4.45,4.49,4.49,4.41,16965.0,星期五,-0.0067,0.009
2020-03-05,4.44,4.48,4.52,4.43,18573.0,星期四,0.0023,0.009
2020-03-04,4.4,4.43,4.43,4.34,18378.0,星期三,0.0,0.0068
2020-03-03,4.34,4.4,4.42,4.31,15174.0,星期二,-0.0023,0.0138
2020-03-02,4.13,4.35,4.4,4.13,16189.0,星期一,-0.0305,0.0533
2020-02-28,4.35,4.26,4.35,4.23,25045.0,星期五,-0.0203,-0.0207
2020-02-27,4.4,4.44,4.46,4.35,24289.0,星期四,-0.0068,0.0091
2020-02-26,4.56,4.43,4.56,4.4,33362.0,星期三,0.0,-0.0285
2020-02-25,4.64,4.56,4.64,4.47,28558.0,星期二,-0.0149,-0.0172
2020-02-24,4.8,4.71,4.85,4.68,20639.0,星期一,0.0,-0.0187
2020-02-21,4.71,4.8,4.96,4.71,24088.0,星期五,-0.0084,0.0191
2020-02-20,4.68,4.75,4.9,4.67,32959.0,星期四,-0.0043,0.015
2020-02-19,4.65,4.7,4.78,4.56,30778.0,星期三,0.0,0.0108
2020-02-18,4.64,4.65,4.68,4.63,18624.0,星期二,-0.0064,0.0022
2020-02-17,4.69,4.67,4.76,4.62,23526.0,星期一,0.0064,-0.0043
2020-02-14,4.6,4.66,4.77,4.58,22099.0,星期五,-0.0356,0.013
2020-02-13,4.9,4.77,5.03,4.71,57132.0,星期四,0.0208,-0.0265
2020-02-12,4.8,4.8,4.8,4.8,4635.0,星期三,0.0503,0.0
2020-02-11,4.57,4.57,4.57,4.57,2199.0,星期二,0.0506,0.0
2020-02-10,4.1,4.35,4.35,4.08,19389.0,星期一,-0.0097,0.061
2020-02-07,4.06,4.14,4.14,3.99,15870.0,星期五,-0.0049,0.0197
2020-02-06,4.12,4.08,4.15,3.95,24625.0,星期四,0.0049,-0.0097
2020-02-05,4.03,4.1,4.2,4.03,31009.0,星期三,-0.0359,0.0174
2020-02-04,4.18,4.18,4.18,4.18,4134.0,星期二,-0.05,0.0
2020-02-03,4.4,4.4,4.4,4.4,783.0,星期一,-0.0497,0.0
2020-01-23,4.42,4.63,4.67,4.42,27984.0,星期四,-0.0067,0.0475
2020-01-22,4.52,4.45,4.54,4.4,13666.0,星期三,0.0022,-0.0155
2020-01-21,4.39,4.51,4.56,4.39,18275.0,星期二,-0.0498,0.0273
2020-01-20,4.71,4.62,4.73,4.62,14058.0,星期一,0.0,-0.0191
2020-01-17,4.71,4.71,4.76,4.67,8193.0,星期五,-0.0021,0.0
2020-01-16,4.72,4.72,4.8,4.66,12327.0,星期四,-0.0063,0.0
2020-01-15,4.76,4.75,4.78,4.65,14110.0,星期三,-0.0063,-0.0021
2020-01-14,4.79,4.79,4.85,4.77,12733.0,星期二,-0.0021,0.0
2020-01-13,4.85,4.8,4.85,4.71,17983.0,星期一,0.0,-0.0103
2020-01-10,4.87,4.85,4.91,4.78,15878.0,星期五,-0.002,-0.0041
2020-01-09,4.81,4.88,4.92,4.79,16966.0,星期四,0.0,0.0146
2020-01-08,4.87,4.81,4.95,4.73,24905.0,星期三,0.0021,-0.0123
2020-01-07,4.83,4.86,4.98,4.78,37134.0,星期二,0.0,0.0062
2020-01-06,4.65,4.83,4.83,4.57,38170.0,星期一,0.0109,0.0387
2020-01-03,4.62,4.6,4.66,4.56,22503.0,星期五,0.0022,-0.0043
2020-01-02,4.55,4.61,4.74,4.54,20266.0,星期四,0.0,0.0132
2019-12-31,4.52,4.55,4.69,4.44,22529.0,星期二,0.0089,0.0066
2019-12-30,4.63,4.48,4.65,4.48,45051.0,星期一,-0.0191,-0.0324
2019-12-27,4.92,4.72,4.96,4.72,71328.0,星期五,-0.0101,-0.0407
2019-12-26,4.7,4.97,5.09,4.69,78310.0,星期四,-0.0309,0.0574
2019-12-25,5.36,4.85,5.36,4.85,129478.0,星期三,0.051,-0.0951
2019-12-24,5.1,5.1,5.1,5.1,2510.0,星期二,0.0494,0.0
2019-12-23,4.86,4.86,4.86,4.86,5426.0,星期一,0.0497,0.0
2019-12-20,4.58,4.63,4.63,4.51,23895.0,星期五,0.0385,0.0109
2019-12-19,4.41,4.41,4.41,4.31,58099.0,星期四,0.05,0.0
2019-12-18,4.2,4.2,4.2,4.2,5230.0,星期三,0.05,0.0
2019-12-17,3.97,4.0,4.04,3.97,21201.0,星期二,0.0,0.0076
2019-12-16,3.92,3.97,4.01,3.92,21794.0,星期一,-0.0025,0.0128
2019-12-13,3.94,3.93,3.96,3.88,16297.0,星期五,0.0051,-0.0025
2019-12-12,3.86,3.92,3.94,3.85,9067.0,星期四,-0.0052,0.0155
2019-12-11,3.9,3.88,3.95,3.84,13534.0,星期三,0.0052,-0.0051
2019-12-10,3.93,3.88,3.94,3.83,16041.0,星期二,-0.0101,-0.0127
2019-12-09,4.0,3.97,4.04,3.94,11863.0,星期一,0.0127,-0.0075
2019-12-06,3.94,3.95,4.02,3.94,18652.0,星期五,-0.015,0.0025
2019-12-05,3.82,4.0,4.04,3.8,43030.0,星期四,-0.0078,0.0471
2019-12-04,3.7,3.85,3.89,3.69,26485.0,星期三,-0.0107,0.0405
2019-12-03,3.65,3.74,3.74,3.6,11863.0,星期二,-0.0027,0.0247
2019-12-02,3.66,3.66,3.7,3.63,9565.0,星期一,0.0,0.0
2019-11-29,3.64,3.66,3.66,3.62,5685.0,星期五,0.0028,0.0055
2019-11-28,3.66,3.63,3.68,3.62,7870.0,星期四,0.0,-0.0082
2019-11-27,3.69,3.66,3.73,3.66,12580.0,星期三,-0.0027,-0.0081
2019-11-26,3.66,3.7,3.7,3.65,11858.0,星期二,-0.0027,0.0109
2019-11-25,3.65,3.67,3.69,3.6,9401.0,星期一,0.0,0.0055
2019-11-22,3.66,3.65,3.7,3.61,7164.0,星期五,0.0,-0.0027
2019-11-21,3.64,3.66,3.73,3.62,13827.0,星期四,-0.0109,0.0055
2019-11-20,3.57,3.68,3.75,3.54,24217.0,星期三,0.0,0.0308
2019-11-19,3.5,3.57,3.58,3.48,13331.0,星期二,0.0,0.02
2019-11-18,3.52,3.5,3.57,3.48,10722.0,星期一,-0.0056,-0.0057
2019-11-15,3.71,3.54,3.71,3.53,14550.0,星期五,0.0054,-0.0458
2019-11-14,3.66,3.69,3.7,3.65,12612.0,星期四,0.0,0.0082
2019-11-13,3.66,3.66,3.72,3.63,6996.0,星期三,-0.0081,0.0
2019-11-12,3.74,3.69,3.77,3.64,9105.0,星期二,-0.0027,-0.0134
2019-11-11,3.86,3.75,3.86,3.73,12896.0,星期一,-0.0026,-0.0285
2019-11-08,3.89,3.87,3.89,3.85,5696.0,星期五,0.0052,-0.0051
2019-11-07,3.89,3.87,3.91,3.85,6425.0,星期四,0.0052,-0.0051
2019-11-06,3.86,3.87,3.89,3.86,6765.0,星期三,-0.0026,0.0026
2019-11-05,3.88,3.87,3.92,3.85,11938.0,星期二,0.0026,-0.0026
2019-11-04,3.88,3.87,3.93,3.86,8519.0,星期一,0.0,-0.0026
2019-11-01,3.87,3.88,3.89,3.81,7281.0,星期五,0.0,0.0026
2019-10-31,3.86,3.87,3.91,3.82,9250.0,星期四,-0.0128,0.0026
2019-10-30,3.92,3.91,3.94,3.86,9168.0,星期三,-0.0051,-0.0026
2019-10-29,3.95,3.94,3.98,3.91,13484.0,星期二,-0.0025,-0.0025
2019-10-28,3.93,3.96,3.99,3.93,9534.0,星期一,-0.0051,0.0076
2019-10-25,3.89,3.95,3.98,3.86,16118.0,星期五,0.0026,0.0154
2019-10-24,3.87,3.88,3.94,3.86,12112.0,星期四,-0.0051,0.0026
2019-10-23,3.94,3.89,3.95,3.87,13274.0,星期三,-0.0025,-0.0127
2019-10-22,4.03,3.95,4.03,3.93,18211.0,星期二,0.005,-0.0199
2019-10-21,3.97,4.01,4.02,3.96,9520.0,星期一,0.0,0.0101
2019-10-18,3.98,3.97,4.01,3.95,11678.0,星期五,0.0025,-0.0025
2019-10-17,4.05,3.97,4.05,3.95,11422.0,星期四,0.0075,-0.0198
2019-10-16,4.06,4.02,4.11,4.02,7710.0,星期三,-0.0025,-0.0099
2019-10-15,4.07,4.07,4.12,4.02,16062.0,星期二,-0.0193,0.0
2019-10-14,4.14,4.15,4.19,4.12,17253.0,星期一,-0.0048,0.0024
2019-10-11,4.14,4.16,4.26,4.1,24066.0,星期五,-0.0024,0.0048
2019-10-10,4.01,4.15,4.17,4.0,25559.0,星期四,-0.0025,0.0349
2019-10-09,3.97,4.02,4.03,3.92,10290.0,星期三,-0.0025,0.0126
2019-10-08,3.97,3.98,4.04,3.96,7577.0,星期二,0.0,0.0025
2019-09-30,3.99,3.97,4.0,3.94,11590.0,星期一,0.0076,-0.005
2019-09-27,3.91,3.96,4.02,3.88,7822.0,星期五,-0.0026,0.0128
2019-09-26,3.95,3.92,3.99,3.84,21760.0,星期四,-0.0025,-0.0076
2019-09-25,4.05,3.96,4.05,3.94,19582.0,星期三,-0.0025,-0.0222
2019-09-24,4.03,4.06,4.1,4.02,16210.0,星期二,-0.0025,0.0074
2019-09-23,4.13,4.04,4.15,4.01,17583.0,星期一,0.0024,-0.0218
2019-09-20,4.15,4.12,4.21,4.11,27941.0,星期五,-0.0119,-0.0072
2019-09-19,4.0,4.2,4.2,3.98,51458.0,星期四,0.0,0.05
2019-09-18,3.98,4.0,4.02,3.96,15708.0,星期三,0.0,0.005
2019-09-17,4.01,3.98,4.02,3.95,21445.0,星期二,0.0025,-0.0075
2019-09-16,4.0,4.0,4.02,3.98,19047.0,星期一,-0.0025,0.0
2019-09-12,3.98,4.01,4.01,3.98,11469.0,星期四,-0.0025,0.0075
2019-09-11,4.0,3.99,4.04,3.99,18354.0,星期三,-0.0025,-0.0025
2019-09-10,3.98,4.01,4.02,3.96,22764.0,星期二,-0.0025,0.0075
2019-09-09,4.01,3.99,4.01,3.96,29889.0,星期一,0.005,-0.005
2019-09-06,3.98,3.99,4.0,3.94,19087.0,星期五,0.0,0.0025
2019-09-05,3.96,3.98,4.05,3.96,26559.0,星期四,0.0,0.0051
2019-09-04,3.95,3.96,3.98,3.93,17650.0,星期三,0.0,0.0025
2019-09-03,3.97,3.95,3.99,3.91,13109.0,星期二,0.0,-0.005
2019-09-02,3.94,3.97,3.98,3.93,12736.0,星期一,0.0,0.0076
2019-08-30,4.0,3.94,4.02,3.92,16984.0,星期五,0.0,-0.015
2019-08-29,4.0,4.0,4.05,3.99,14739.0,星期四,-0.005,0.0
2019-08-28,4.05,4.02,4.05,3.97,14605.0,星期三,0.01,-0.0074
2019-08-27,3.94,4.01,4.03,3.94,11613.0,星期二,0.0,0.0178
2019-08-26,3.9,3.94,3.96,3.9,10284.0,星期一,-0.0274,0.0103
2019-08-23,4.04,4.01,4.04,3.99,15180.0,星期五,-0.0025,-0.0074
2019-08-22,4.03,4.05,4.07,3.98,16251.0,星期四,0.005,0.005
2019-08-21,4.04,4.01,4.05,4.0,10326.0,星期三,0.0,-0.0074
2019-08-20,4.04,4.04,4.08,4.01,13208.0,星期二,-0.0025,0.0
2019-08-19,4.0,4.05,4.05,3.93,20551.0,星期一,0.0,0.0125
2019-08-16,3.98,4.0,4.1,3.93,17506.0,星期五,0.0153,0.005
2019-08-15,3.85,3.92,3.93,3.81,7755.0,星期四,-0.0204,0.0182
2019-08-14,3.95,3.93,4.0,3.92,9553.0,星期三,0.0077,-0.0051
2019-08-13,3.89,3.92,3.96,3.86,9182.0,星期二,-0.0051,0.0077
2019-08-12,3.88,3.91,3.92,3.85,9024.0,星期一,-0.0026,0.0077
2019-08-09,3.92,3.89,3.96,3.86,7981.0,星期五,0.0051,-0.0077
2019-08-08,3.95,3.9,3.95,3.86,9765.0,星期四,0.0025,-0.0127
2019-08-07,3.93,3.94,4.04,3.88,14249.0,星期三,0.0051,0.0025
2019-08-06,4.04,3.91,4.06,3.9,44593.0,星期二,-0.0146,-0.0322
2019-08-05,4.13,4.1,4.14,4.05,13605.0,星期一,-0.0096,-0.0073
2019-08-02,4.12,4.17,4.2,4.09,20846.0,星期五,-0.012,0.0121
2019-08-01,3.92,4.17,4.17,3.92,34509.0,星期四,-0.0126,0.0638
2019-07-31,4.07,3.97,4.08,3.95,12871.0,星期三,-0.0025,-0.0246
2019-07-30,4.08,4.08,4.15,4.05,11903.0,星期二,0.0049,0.0
2019-07-29,4.08,4.06,4.11,4.03,13693.0,星期一,0.0,-0.0049
2019-07-26,4.08,4.08,4.1,4.04,10243.0,星期五,-0.0073,0.0
2019-07-25,4.1,4.11,4.13,4.04,14479.0,星期四,0.0074,0.0024
2019-07-24,3.9,4.07,4.07,3.89,23415.0,星期三,0.0052,0.0436
2019-07-23,3.8,3.88,3.91,3.77,13851.0,星期二,-0.0026,0.0211
2019-07-22,3.98,3.81,4.0,3.8,18000.0,星期一,-0.0025,-0.0427
2019-07-19,3.99,3.99,4.03,3.98,10145.0,星期五,0.0025,0.0
2019-07-18,4.05,3.98,4.08,3.96,13923.0,星期四,-0.0074,-0.0173
2019-07-17,4.08,4.08,4.13,4.07,11283.0,星期三,-0.0049,0.0
2019-07-16,4.09,4.1,4.13,4.07,15796.0,星期二,0.0025,0.0024
2019-07-15,4.15,4.08,4.15,4.05,24501.0,星期一,-0.0048,-0.0169
2019-07-12,4.18,4.17,4.19,4.14,9331.0,星期五,0.0,-0.0024
2019-07-11,4.2,4.18,4.26,4.15,15276.0,星期四,0.0048,-0.0048
2019-07-10,4.17,4.18,4.23,4.14,9137.0,星期三,-0.0048,0.0024
2019-07-09,4.14,4.19,4.23,4.12,18433.0,星期二,-0.0236,0.0121
2019-07-08,4.41,4.24,4.41,4.24,20486.0,星期一,-0.0112,-0.0385
2019-07-05,4.4,4.46,4.47,4.38,15362.0,星期五,-0.0135,0.0136
2019-07-04,4.48,4.46,4.5,4.43,17246.0,星期四,0.0022,-0.0045
2019-07-03,4.54,4.47,4.54,4.43,32958.0,星期三,0.0022,-0.0154
2019-07-02,4.44,4.53,4.65,4.41,42312.0,星期二,0.0,0.0203
2019-07-01,4.47,4.44,4.47,4.39,27885.0,星期一,0.0205,-0.0067
2019-06-28,4.48,4.38,4.5,4.38,24282.0,星期五,-0.0022,-0.0223
2019-06-27,4.46,4.49,4.57,4.42,28673.0,星期四,0.0,0.0067
2019-06-26,4.35,4.46,4.49,4.29,33857.0,星期三,-0.0114,0.0253
2019-06-25,4.34,4.4,4.42,4.3,29007.0,星期二,0.0,0.0138
2019-06-24,4.62,4.34,4.62,4.32,57122.0,星期一,0.05,-0.0606
2019-06-21,4.4,4.4,4.4,4.4,7926.0,星期五,0.0501,0.0
2019-06-20,4.22,4.19,4.26,4.15,30035.0,星期四,-0.0094,-0.0071
2019-06-19,4.28,4.26,4.4,4.24,43966.0,星期三,0.0023,-0.0047
2019-06-18,4.15,4.27,4.3,4.12,32277.0,星期二,0.0024,0.0289
2019-06-17,4.3,4.14,4.31,4.14,42520.0,星期一,-0.0138,-0.0372
2019-06-14,4.42,4.36,4.58,4.33,65992.0,星期五,-0.0023,-0.0136
2019-06-13,4.23,4.43,4.44,4.18,53012.0,星期四,0.0,0.0473
2019-06-12,4.06,4.23,4.25,4.05,72850.0,星期三,0.0025,0.0419
2019-06-11,3.89,4.05,4.05,3.86,17870.0,星期二,0.0078,0.0411
2019-06-10,3.82,3.86,3.9,3.78,19882.0,星期一,-0.0078,0.0105
2019-06-06,4.01,3.85,4.02,3.83,41557.0,星期四,-0.005,-0.0399
2019-06-05,4.03,4.03,4.08,3.99,29762.0,星期三,0.005,0.0
2019-06-04,4.19,4.01,4.2,4.01,49796.0,星期二,-0.0071,-0.043
2019-06-03,4.46,4.22,4.48,4.22,45400.0,星期一,0.0045,-0.0538
2019-05-31,4.5,4.44,4.54,4.42,37270.0,星期五,-0.0022,-0.0133
2019-05-30,4.54,4.51,4.56,4.44,24444.0,星期四,-0.0066,-0.0066
2019-05-29,4.63,4.57,4.68,4.54,35652.0,星期三,-0.0086,-0.013
2019-05-28,4.61,4.67,4.75,4.57,37226.0,星期二,-0.0107,0.013
2019-05-27,4.46,4.66,4.78,4.45,67379.0,星期一,-0.047,0.0448
2019-05-24,4.7,4.68,4.82,4.68,31326.0,星期五,-0.0467,-0.0043
2019-05-23,5.02,4.93,5.09,4.93,42679.0,星期四,-0.0328,-0.0179
2019-05-22,5.46,5.19,5.49,5.19,40206.0,星期三,0.0,-0.0495
2019-05-21,5.4,5.46,5.52,5.4,30151.0,星期二,-0.0146,0.0111
2019-05-20,5.62,5.48,5.69,5.48,47604.0,星期一,-0.026,-0.0249
2019-05-17,6.01,5.77,6.04,5.73,32973.0,星期五,0.0017,-0.0399
2019-05-16,5.99,6.0,6.04,5.97,21157.0,星期四,0.0017,0.0017
2019-05-15,5.9,5.98,6.04,5.88,23064.0,星期三,0.0051,0.0136
2019-05-14,5.75,5.87,5.96,5.72,37863.0,星期二,-0.0154,0.0209
2019-05-13,5.9,5.84,5.98,5.84,39569.0,星期一,-0.0199,-0.0102
2019-05-10,6.01,6.02,6.09,5.83,49240.0,星期五,0.0274,0.0017
2019-05-09,5.89,5.85,5.96,5.83,35009.0,星期四,-0.0051,-0.0068
2019-05-08,5.81,5.92,6.05,5.76,45741.0,星期三,-0.0284,0.0189
2019-05-07,5.98,5.98,6.16,5.98,114958.0,星期二,-0.0493,0.0
2019-05-06,6.29,6.29,6.29,6.29,5976.0,星期一,-0.0498,0.0
2019-04-29,6.81,6.62,6.87,6.59,54500.0,星期一,0.0015,-0.0279
2019-04-26,6.77,6.8,6.99,6.75,53170.0,星期五,-0.0188,0.0044
2019-04-25,7.0,6.9,7.07,6.85,62701.0,星期四,-0.0155,-0.0143
2019-04-24,7.05,7.11,7.16,6.77,87555.0,星期三,-0.0084,0.0085
2019-04-23,7.48,7.11,7.57,7.11,130068.0,星期二,0.0,-0.0495
2019-04-22,7.26,7.48,7.61,7.25,110952.0,星期一,-0.0014,0.0303
2019-04-19,7.22,7.27,7.27,7.08,115911.0,星期五,0.0014,0.0069
2019-04-18,7.14,7.21,7.35,7.0,209188.0,星期四,-0.0083,0.0098
2019-04-17,7.0,7.2,7.35,6.95,231987.0,星期三,-0.0182,0.0286
2019-04-16,6.7,7.13,7.39,6.7,351886.0,星期二,-0.0496,0.0642
2019-04-15,7.05,7.05,7.05,7.05,14137.0,星期一,-0.0499,0.0
2019-04-12,7.42,7.42,7.42,7.42,2970.0,星期五,-0.0499,0.0
2019-04-11,7.81,7.81,7.81,7.81,2131.0,星期四,-0.0499,0.0
2019-04-10,8.22,8.22,8.22,8.22,3978.0,星期三,-0.0497,0.0
2019-04-08,8.8,8.65,9.05,8.55,200895.0,星期一,-0.0011,-0.017
2019-04-04,8.52,8.81,8.85,8.43,237442.0,星期四,-0.0035,0.034
2019-04-03,8.39,8.55,8.81,8.36,180460.0,星期三,-0.0141,0.0191
2019-04-02,8.5,8.51,8.65,8.36,187430.0,星期二,-0.0035,0.0012
2019-04-01,8.16,8.53,8.67,8.16,216177.0,星期一,0.0062,0.0453
2019-03-29,8.05,8.11,8.13,7.78,112891.0,星期五,0.0037,0.0075
2019-03-28,8.19,8.02,8.23,8.01,110974.0,星期四,-0.0012,-0.0208
2019-03-27,8.29,8.2,8.33,8.01,159880.0,星期三,-0.0154,-0.0109
2019-03-26,8.27,8.42,8.65,8.0,254023.0,星期二,0.0098,0.0181
2019-03-25,8.18,8.19,8.37,8.16,133691.0,星期一,-0.0308,0.0012
2019-03-22,8.56,8.44,8.76,8.28,183142.0,星期五,-0.0104,-0.014
2019-03-21,8.6,8.65,8.95,8.55,391016.0,星期四,-0.0423,0.0058
2019-03-20,8.17,8.98,9.21,8.05,556557.0,星期三,-0.0239,0.0991
2019-03-19,7.95,8.37,8.63,7.73,283922.0,星期二,-0.0075,0.0528
2019-03-18,7.67,8.01,8.15,7.54,206416.0,星期一,0.0146,0.0443
2019-03-15,7.43,7.56,7.64,7.43,67772.0,星期五,-0.0054,0.0175
2019-03-14,7.76,7.47,7.87,7.0,82092.0,星期四,-0.0013,-0.0374
2019-03-13,7.9,7.77,7.96,7.7,109460.0,星期三,0.0,-0.0165
2019-03-12,7.77,7.9,8.0,7.7,132410.0,星期二,0.0104,0.0167
2019-03-11,7.42,7.69,7.74,7.41,96213.0,星期一,-0.0013,0.0364
2019-03-08,7.91,7.43,7.92,7.34,143074.0,星期五,-0.0198,-0.0607
2019-03-07,7.86,8.07,8.15,7.76,182076.0,星期四,-0.0163,0.0267
2019-03-06,7.75,7.99,8.03,7.71,188939.0,星期三,0.0013,0.031
2019-03-05,7.56,7.74,7.75,7.48,134586.0,星期二,-0.004,0.0238
2019-03-04,7.53,7.59,7.8,7.49,151382.0,星期一,-0.0013,0.008
2019-03-01,7.47,7.54,7.74,7.39,122383.0,星期五,-0.0132,0.0094
2019-02-28,7.36,7.57,7.98,7.2,178907.0,星期四,-0.0027,0.0285
2019-02-27,7.45,7.38,7.59,7.22,140637.0,星期三,-0.004,-0.0094
2019-02-26,7.4,7.48,7.65,7.28,160161.0,星期二,-0.0067,0.0108
2019-02-25,7.09,7.45,7.53,7.09,176297.0,星期一,-0.0194,0.0508
2019-02-22,7.11,7.23,7.28,6.99,171511.0,星期五,-0.0379,0.0169
2019-02-21,6.94,7.39,7.62,6.89,224692.0,星期四,0.0014,0.0648
2019-02-20,6.89,6.93,6.94,6.84,39778.0,星期三,-0.0029,0.0058
2019-02-19,6.93,6.91,6.97,6.79,47330.0,星期二,0.0058,-0.0029
2019-02-18,6.69,6.89,6.91,6.69,44943.0,星期一,0.0,0.0299
2019-02-15,6.67,6.69,6.74,6.64,24990.0,星期五,-0.0015,0.003
2019-02-14,6.68,6.68,6.74,6.61,32883.0,星期四,-0.0015,0.0
2019-02-13,6.69,6.69,6.73,6.57,37088.0,星期三,0.0045,0.0
2019-02-12,6.47,6.66,6.73,6.41,31921.0,星期二,0.0,0.0294
2019-02-11,6.37,6.47,6.49,6.33,25252.0,星期一,0.0192,0.0157
2019-02-01,5.96,6.25,6.26,5.96,26568.0,星期五,0.0,0.0487
2019-01-31,6.16,5.96,6.22,5.91,43837.0,星期四,-0.0314,-0.0325
2019-01-30,6.77,6.36,6.8,6.35,40494.0,星期三,0.0,-0.0606
2019-01-29,6.93,6.77,6.93,6.64,23095.0,星期二,0.0,-0.0231
2019-01-28,6.98,6.93,7.05,6.93,16699.0,星期一,0.0014,-0.0072
2019-01-25,7.11,6.97,7.12,6.97,17142.0,星期五,0.0014,-0.0197
2019-01-24,7.08,7.1,7.16,7.05,14313.0,星期四,0.0,0.0028
2019-01-23,7.12,7.08,7.13,7.05,12478.0,星期三,0.0042,-0.0056
2019-01-22,7.2,7.09,7.2,7.04,19712.0,星期二,0.0,-0.0153
2019-01-21,7.16,7.2,7.35,7.14,27860.0,星期一,0.0,0.0056
2019-01-18,7.05,7.16,7.18,7.05,21585.0,星期五,-0.007,0.0156
2019-01-17,7.22,7.1,7.25,7.1,25853.0,星期四,0.0028,-0.0166
2019-01-16,7.26,7.2,7.29,7.18,28555.0,星期三,-0.0082,-0.0083
2019-01-15,7.13,7.32,7.43,7.09,40477.0,星期二,-0.0014,0.0266
2019-01-14,7.15,7.14,7.24,7.11,17635.0,星期一,-0.0056,-0.0014
2019-01-11,7.1,7.19,7.19,7.06,22783.0,星期五,0.0,0.0127
2019-01-10,7.11,7.1,7.23,7.09,34808.0,星期四,-0.018,-0.0014
2019-01-09,7.15,7.24,7.53,7.09,64904.0,星期三,-0.0152,0.0126
2019-01-08,7.09,7.26,7.5,7.0,60130.0,星期二,-0.0098,0.024
2019-01-07,6.97,7.16,7.18,6.91,47758.0,星期一,0.0,0.0273
2019-01-04,6.84,6.97,6.97,6.62,33191.0,星期五,-0.0015,0.019
2019-01-03,7.0,6.85,7.04,6.85,23250.0,星期四,-0.0043,-0.0214
2019-01-02,7.05,7.03,7.07,6.96,13175.0,星期三,0.0,-0.0028
2018-12-28,7.02,7.05,7.19,6.97,18007.0,星期五,-0.0028,0.0043
2018-12-27,7.19,7.04,7.22,7.01,21386.0,星期四,0.0113,-0.0209
2018-12-26,7.2,7.11,7.22,7.08,18355.0,星期三,0.0028,-0.0125
2018-12-25,7.31,7.18,7.31,7.06,27185.0,星期二,-0.0054,-0.0178
2018-12-24,7.37,7.35,7.4,7.28,16988.0,星期一,0.0,-0.0027
2018-12-21,7.44,7.37,7.45,7.33,18298.0,星期五,-0.0067,-0.0094
2018-12-20,7.31,7.49,7.49,7.24,29464.0,星期四,-0.0108,0.0246
2018-12-19,7.32,7.39,7.42,7.3,31723.0,星期三,-0.0041,0.0096
2018-12-18,7.5,7.35,7.5,7.31,36681.0,星期二,-0.0027,-0.02
2018-12-17,7.62,7.52,7.72,7.28,75763.0,星期一,-0.013,-0.0131
2018-12-14,7.56,7.72,7.84,7.56,125849.0,星期五,-0.0467,0.0212
2018-12-13,7.6,7.93,8.04,7.52,142676.0,星期四,-0.0155,0.0434
2018-12-12,7.44,7.72,7.96,7.39,135347.0,星期三,0.0,0.0376
2018-12-11,7.33,7.44,7.48,7.28,26343.0,星期二,0.0069,0.015
2018-12-10,7.29,7.28,7.37,7.24,17665.0,星期一,-0.0122,-0.0014
2018-12-07,7.35,7.38,7.42,7.31,24167.0,星期五,0.0014,0.0041
2018-12-06,7.43,7.34,7.49,7.32,28832.0,星期四,-0.0067,-0.0121
2018-12-05,7.45,7.48,7.53,7.34,40417.0,星期三,-0.0184,0.004
2018-12-04,7.47,7.59,7.66,7.43,49501.0,星期二,-0.0027,0.0161
2018-12-03,7.42,7.49,7.54,7.34,58276.0,星期一,0.0192,0.0094
2018-11-30,7.12,7.28,7.32,7.12,39927.0,星期五,-0.0084,0.0225
2018-11-29,7.41,7.18,7.45,7.17,55871.0,星期四,-0.0013,-0.031
2018-11-28,7.37,7.42,7.44,7.23,47253.0,星期三,0.0041,0.0068
2018-11-27,7.45,7.34,7.5,7.28,68117.0,星期二,0.0013,-0.0148
2018-11-26,7.75,7.44,7.78,7.42,73568.0,星期一,-0.0039,-0.04
2018-11-23,8.04,7.78,8.08,7.77,102321.0,星期五,-0.0147,-0.0323
2018-11-22,8.1,8.16,8.47,7.99,140876.0,星期四,0.0037,0.0074
2018-11-21,7.7,8.07,8.2,7.65,87564.0,星期三,-0.0153,0.0481
2018-11-20,8.0,7.82,8.17,7.8,91551.0,星期二,-0.0087,-0.0225
2018-11-19,7.97,8.07,8.1,7.92,99361.0,星期一,-0.0209,0.0125
2018-11-16,7.79,8.14,8.58,7.78,196432.0,星期五,-0.0323,0.0449
2018-11-15,7.96,8.05,8.05,7.9,83773.0,星期四,-0.0013,0.0113
2018-11-14,8.03,7.97,8.17,7.93,115781.0,星期三,-0.0111,-0.0075
2018-11-13,7.65,8.12,8.38,7.62,167992.0,星期二,-0.0167,0.0614
2018-11-12,7.56,7.78,7.79,7.5,75371.0,星期一,-0.0092,0.0291
2018-11-09,7.66,7.63,7.89,7.55,82555.0,星期五,-0.0116,-0.0039
2018-11-08,7.77,7.75,8.1,7.7,131322.0,星期四,0.0065,-0.0026
2018-11-07,7.8,7.72,7.86,7.63,123107.0,星期三,-0.0152,-0.0103
2018-11-06,7.5,7.92,7.92,7.36,189579.0,星期二,-0.0092,0.056
2018-11-05,7.47,7.57,7.63,7.35,116664.0,星期一,0.0,0.0134
2018-11-02,7.31,7.47,7.54,7.31,120629.0,星期五,-0.0054,0.0219
2018-11-01,7.36,7.35,7.55,7.25,109646.0,星期四,0.0096,-0.0014
2018-10-31,7.23,7.29,7.5,7.2,98208.0,星期三,-0.0082,0.0083
2018-10-30,7.04,7.29,7.59,7.02,115527.0,星期二,0.0028,0.0355
2018-10-29,7.37,7.02,7.37,6.85,106538.0,星期一,-0.0107,-0.0475
2018-10-26,7.52,7.45,7.75,7.34,126591.0,星期五,-0.0105,-0.0093
2018-10-25,7.4,7.6,7.9,7.33,237172.0,星期四,-0.0339,0.027
2018-10-24,6.73,7.66,7.66,6.68,209908.0,星期三,-0.033,0.1382
2018-10-23,7.09,6.96,7.15,6.92,115169.0,星期二,-0.0056,-0.0183
2018-10-22,6.83,7.13,7.27,6.7,138126.0,星期一,0.0,0.0439
2018-10-19,6.42,6.83,6.95,6.26,116632.0,星期五,-0.0503,0.0639
2018-10-18,7.25,6.76,7.25,6.76,147439.0,星期四,-0.0346,-0.0676
2018-10-17,7.91,7.51,7.98,7.2,187833.0,星期三,0.0013,-0.0506
2018-10-16,8.49,7.9,8.56,7.7,219354.0,星期二,-0.0082,-0.0695
2018-10-15,8.4,8.56,8.86,8.4,233026.0,星期一,-0.0759,0.019
2018-10-12,8.79,9.09,9.2,8.59,375950.0,星期五,0.0514,0.0341
2018-10-11,7.6,8.36,8.36,7.4,120828.0,星期四,0.0,0.1
2018-10-10,7.77,7.6,7.79,7.5,46885.0,星期三,0.0157,-0.0219
2018-10-09,7.66,7.65,7.76,7.53,51767.0,星期二,0.0066,-0.0013
2018-10-08,8.0,7.61,8.0,7.38,69321.0,星期一,-0.0172,-0.0487
2018-09-28,8.18,8.14,8.27,8.1,62439.0,星期五,0.0074,-0.0049
2018-09-27,8.44,8.12,8.49,8.1,99037.0,星期四,0.0024,-0.0379
2018-09-26,8.34,8.42,8.6,8.28,99105.0,星期三,-0.013,0.0096
2018-09-25,8.35,8.45,8.64,8.3,98113.0,星期二,-0.0153,0.012
2018-09-21,8.66,8.48,8.74,8.27,149865.0,星期五,0.0,-0.0208
2018-09-20,8.96,8.66,9.13,8.6,186840.0,星期四,-0.0314,-0.0335
2018-09-19,8.61,9.25,9.68,8.58,261250.0,星期三,-0.0293,0.0743
2018-09-18,8.6,8.87,9.29,8.24,235351.0,星期二,0.0,0.0314
2018-09-17,8.36,8.6,9.05,8.2,193746.0,星期一,-0.0711,0.0287
2018-09-14,8.4,9.0,9.47,8.3,339940.0,星期五,-0.0345,0.0714
2018-09-13,7.79,8.7,8.7,7.56,240616.0,星期四,-0.0152,0.1168
2018-09-12,8.0,7.91,8.88,7.83,279884.0,星期三,-0.0208,-0.0112
2018-09-11,7.7,8.17,8.17,7.55,207099.0,星期二,0.0363,0.061
2018-09-10,6.77,7.43,7.43,6.75,85955.0,星期一,0.003,0.0975
2018-09-07,6.7,6.75,6.82,6.68,32668.0,星期五,0.0015,0.0075
2018-09-06,6.75,6.69,6.8,6.61,34489.0,星期四,-0.0044,-0.0089
2018-09-05,6.86,6.78,6.98,6.75,35227.0,星期三,-0.0044,-0.0117
2018-09-04,6.88,6.89,6.95,6.81,27277.0,星期二,0.0029,0.0015
2018-09-03,7.06,6.86,7.06,6.69,29827.0,星期一,0.0086,-0.0283
2018-08-31,7.1,7.0,7.1,6.86,39089.0,星期五,-0.0014,-0.0141
2018-08-30,7.44,7.11,7.44,7.02,47878.0,星期四,-0.004,-0.0444
2018-08-29,7.6,7.47,7.65,7.45,33703.0,星期三,-0.0065,-0.0171
2018-08-28,7.67,7.65,7.68,7.58,25161.0,星期二,0.0,-0.0026
2018-08-27,7.56,7.67,7.68,7.46,35606.0,星期一,-0.0105,0.0146
2018-08-24,7.52,7.64,7.73,7.52,35879.0,星期五,0.0067,0.016
2018-08-23,7.49,7.47,7.54,7.42,20751.0,星期四,0.0013,-0.0027
2018-08-22,7.71,7.48,7.78,7.4,38179.0,星期三,-0.0103,-0.0298
2018-08-21,7.74,7.79,7.83,7.7,23355.0,星期二,0.0052,0.0065
2018-08-20,7.74,7.7,7.79,7.45,30064.0,星期一,0.0013,-0.0052
2018-08-17,7.95,7.73,7.99,7.71,25823.0,星期五,0.0115,-0.0277
2018-08-16,7.78,7.86,8.02,7.64,37103.0,星期四,-0.0152,0.0103
2018-08-15,8.02,7.9,8.17,7.9,58633.0,星期三,-0.0267,-0.015
2018-08-14,8.39,8.24,8.4,8.18,76722.0,星期二,-0.0106,-0.0179
2018-08-13,8.11,8.48,8.7,8.0,103486.0,星期一,-0.0182,0.0456
2018-08-10,7.96,8.26,8.5,7.83,84431.0,星期五,0.0051,0.0377
2018-08-09,7.75,7.92,8.02,7.72,51289.0,星期四,-0.0064,0.0219
2018-08-08,7.68,7.8,8.08,7.56,74145.0,星期三,-0.0204,0.0156
2018-08-07,7.66,7.84,7.98,7.01,106922.0,星期二,-0.0091,0.0235
2018-08-06,8.4,7.73,8.4,7.6,106925.0,星期一,-0.0036,-0.0798
2018-08-03,8.9,8.43,9.05,8.37,120367.0,星期五,-0.0316,-0.0528
2018-08-02,8.78,9.19,9.47,8.3,167911.0,星期四,0.0011,0.0467
2018-08-01,8.55,8.77,9.03,8.38,105858.0,星期三,-0.0172,0.0257
2018-07-31,8.97,8.7,9.07,8.65,80754.0,星期二,-0.0121,-0.0301
2018-07-30,9.0,9.08,9.23,8.71,151059.0,星期一,-0.0466,0.0089
2018-07-27,9.12,9.44,9.82,9.12,220725.0,星期五,0.0213,0.0351
2018-07-26,8.85,8.93,9.23,8.81,123257.0,星期四,-0.0112,0.009
2018-07-25,8.47,8.95,9.26,8.45,145741.0,星期三,-0.0082,0.0567
2018-07-24,8.39,8.54,8.74,8.33,79316.0,星期二,-0.0083,0.0179
2018-07-23,8.35,8.46,8.54,8.31,63979.0,星期一,0.0072,0.0132
2018-07-20,8.22,8.29,8.36,8.15,41654.0,星期五,0.0012,0.0085
2018-07-19,8.36,8.21,8.45,8.18,54330.0,星期四,-0.0118,-0.0179
2018-07-18,8.45,8.46,8.78,8.41,72562.0,星期三,-0.0117,0.0012
2018-07-17,8.25,8.55,8.68,8.25,88169.0,星期二,-0.0306,0.0364
2018-07-16,8.46,8.51,8.96,8.46,123373.0,星期一,0.038,0.0059
2018-07-13,8.03,8.15,8.19,8.0,46771.0,星期五,-0.005,0.0149
2018-07-12,8.08,8.07,8.21,8.05,72296.0,星期四,0.0125,-0.0012
2018-07-11,8.05,7.98,8.08,7.74,80102.0,星期三,-0.0254,-0.0087
2018-07-10,8.15,8.26,8.63,8.01,102073.0,星期二,-0.0085,0.0135
2018-07-09,8.2,8.22,8.39,8.0,92142.0,星期一,-0.0132,0.0024
2018-07-06,8.36,8.31,8.58,7.75,143488.0,星期五,-0.0279,-0.006
2018-07-05,8.68,8.6,8.87,8.31,143119.0,星期四,0.0346,-0.0092
2018-07-04,8.31,8.39,8.95,8.2,167277.0,星期三,-0.0036,0.0096
2018-07-03,8.27,8.34,8.4,7.96,138680.0,星期二,0.016,0.0085
2018-07-02,8.03,8.14,8.53,7.94,242703.0,星期一,0.0282,0.0137
2018-06-29,7.15,7.81,7.81,7.01,141640.0,星期五,0.007,0.0923
2018-06-28,7.8,7.1,7.86,7.08,156289.0,星期四,-0.0089,-0.0897
2018-06-27,7.9,7.87,8.03,7.65,60152.0,星期三,-0.0063,-0.0038
2018-06-26,7.77,7.95,8.07,7.62,69490.0,星期二,-0.0263,0.0232
2018-06-25,7.71,7.98,8.45,7.6,116534.0,星期一,-0.0338,0.035
2018-06-22,7.9,7.98,8.14,7.6,131990.0,星期五,0.0,0.0101
2018-06-21,7.9,7.9,8.23,7.9,209574.0,星期四,-0.1002,0.0
2018-06-20,8.78,8.78,8.78,8.78,19894.0,星期三,-0.0995,0.0
2018-06-19,9.97,9.75,10.08,9.35,88929.0,星期二,-0.0404,-0.0221
2018-06-15,10.6,10.39,10.9,10.39,116746.0,星期五,-0.0815,-0.0198
2018-06-14,12.63,11.54,12.77,11.54,76452.0,星期四,-0.0148,-0.0863
2018-06-13,12.7,12.82,12.9,12.4,41732.0,星期三,-0.0078,0.0094
2018-06-12,13.55,12.8,13.64,12.2,74251.0,星期二,-0.0007,-0.0554
2018-06-11,13.71,13.56,13.78,13.52,18307.0,星期一,-0.0065,-0.0109
2018-06-08,14.08,13.8,14.1,13.69,22124.0,星期五,-0.0007,-0.0199
2018-06-07,14.09,14.09,14.14,13.9,18297.0,星期四,0.0036,0.0
2018-06-06,14.26,14.04,14.34,13.95,30484.0,星期三,0.0,-0.0154
2018-06-05,14.11,14.26,14.3,14.02,35226.0,星期二,0.0007,0.0106
2018-06-04,14.02,14.1,14.24,13.93,29408.0,星期一,0.0072,0.0057
2018-06-01,13.96,13.92,14.3,13.83,29104.0,星期五,-0.0043,-0.0029
2018-05-31,13.65,14.02,14.09,13.59,31435.0,星期四,0.0081,0.0271
2018-05-30,13.93,13.54,14.04,13.5,38745.0,星期三,-0.0169,-0.028
2018-05-29,14.01,14.17,14.37,13.9,53250.0,星期二,0.0007,0.0114
2018-05-28,13.79,14.0,14.18,13.75,41617.0,星期一,0.0007,0.0152
2018-05-25,13.72,13.78,13.9,13.64,16124.0,星期五,0.0022,0.0044
2018-05-24,13.6,13.69,13.72,13.57,8028.0,星期四,-0.0051,0.0066
2018-05-23,13.65,13.67,13.86,13.48,16933.0,星期三,-0.0051,0.0015
2018-05-22,13.75,13.72,13.93,13.7,15407.0,星期二,0.0,-0.0022
2018-05-21,13.67,13.75,13.79,13.61,10508.0,星期一,0.0051,0.0059
2018-05-18,13.66,13.6,13.71,13.51,11706.0,星期五,-0.0007,-0.0044
2018-05-17,13.7,13.67,13.88,13.61,14316.0,星期四,-0.0058,-0.0022
2018-05-16,13.51,13.78,14.2,13.47,34352.0,星期三,-0.0052,0.02
2018-05-15,13.4,13.58,13.64,13.4,8807.0,星期二,-0.0045,0.0134
2018-05-14,13.52,13.46,13.7,13.45,8995.0,星期一,0.0,-0.0044
2018-05-11,13.66,13.52,13.72,13.5,8364.0,星期五,0.0,-0.0102
2018-05-10,13.66,13.66,13.79,13.57,11442.0,星期四,0.0081,0.0
2018-05-09,13.53,13.55,13.66,13.44,6624.0,星期三,-0.0007,0.0015
2018-05-08,13.59,13.54,13.64,13.49,7632.0,星期二,-0.0044,-0.0037
2018-05-07,13.38,13.65,13.71,13.38,11181.0,星期一,-0.0045,0.0202
2018-05-04,13.28,13.44,13.59,13.28,10983.0,星期五,-0.0192,0.012
2018-05-03,13.66,13.54,13.66,13.4,12777.0,星期四,0.0044,-0.0088
2018-05-02,13.8,13.6,13.84,13.55,10170.0,星期三,0.0036,-0.0145
2018-04-27,13.76,13.75,13.8,13.46,8561.0,星期五,0.0044,-0.0007
2018-04-26,13.82,13.7,13.92,13.61,8834.0,星期四,-0.0014,-0.0087
2018-04-25,13.9,13.84,13.96,13.77,12616.0,星期三,-0.0057,-0.0043
2018-04-24,13.73,13.98,14.3,13.41,21599.0,星期二,0.0096,0.0182
2018-04-23,13.63,13.6,13.72,13.42,13943.0,星期一,-0.0058,-0.0022
2018-04-20,13.83,13.71,13.98,13.7,14691.0,星期五,-0.0058,-0.0087
2018-04-19,13.84,13.91,14.08,13.47,21726.0,星期四,-0.0043,0.0051
2018-04-18,13.77,13.9,13.98,13.53,12828.0,星期三,0.011,0.0094
2018-04-17,13.63,13.62,13.8,13.51,13038.0,星期二,0.0052,-0.0007
2018-04-16,13.68,13.56,13.89,13.56,15057.0,星期一,-0.0087,-0.0088
2018-04-13,14.16,13.8,14.19,13.75,22891.0,星期五,0.0057,-0.0254
2018-04-12,14.13,14.08,14.24,14.04,21359.0,星期四,-0.0035,-0.0035
2018-04-11,14.2,14.18,14.34,14.08,35394.0,星期三,-0.0007,-0.0014
2018-04-10,13.88,14.21,14.27,13.82,40669.0,星期二,-0.0029,0.0238
2018-04-09,13.9,13.92,14.16,13.84,16003.0,星期一,-0.0043,0.0014
2018-04-04,13.86,13.96,14.04,13.77,10996.0,星期三,0.0,0.0072
2018-04-03,13.84,13.86,13.99,13.66,17000.0,星期二,-0.0121,0.0014
2018-04-02,14.1,14.01,14.18,13.85,23832.0,星期一,0.0,-0.0064
2018-03-30,14.11,14.1,14.19,14.0,9511.0,星期五,0.0057,-0.0007
2018-03-29,13.95,14.03,14.18,13.95,5924.0,星期四,0.0,0.0057
2018-03-28,14.1,13.95,14.31,13.95,12052.0,星期三,-0.0063,-0.0106
2018-03-27,14.02,14.19,14.43,14.02,14789.0,星期二,0.005,0.0121
2018-03-26,13.8,13.95,14.09,13.44,15767.0,星期一,0.0,0.0109
2018-03-23,14.37,13.8,14.42,13.56,28729.0,星期五,-0.0191,-0.0397
2018-03-22,14.43,14.65,14.66,14.38,16464.0,星期四,-0.0021,0.0152
2018-03-21,14.63,14.46,14.72,14.43,17416.0,星期三,0.0,-0.0116
2018-03-20,14.13,14.63,14.76,13.91,46223.0,星期二,-0.0007,0.0354
2018-03-19,14.08,14.14,14.26,14.06,18243.0,星期一,-0.0021,0.0043
2018-03-16,14.16,14.11,14.38,14.1,11568.0,星期五,0.0,-0.0035
2018-03-15,14.17,14.16,14.29,13.92,20471.0,星期四,-0.0042,-0.0007
2018-03-14,13.93,14.23,14.3,13.68,38948.0,星期三,-0.0021,0.0215
2018-03-13,14.25,13.96,14.48,13.96,25177.0,星期二,-0.0077,-0.0204
2018-03-12,14.12,14.36,14.44,14.08,32465.0,星期一,-0.0035,0.017
2018-03-09,14.19,14.17,14.28,14.03,29916.0,星期五,-0.0021,-0.0014
2018-03-08,14.05,14.22,14.3,13.94,38541.0,星期四,-0.0021,0.0121
2018-03-07,13.61,14.08,14.2,13.54,56595.0,星期三,-0.0058,0.0345
2018-03-06,13.46,13.69,13.83,13.46,22426.0,星期二,-0.003,0.0171
2018-03-05,13.59,13.5,13.66,13.41,17723.0,星期一,0.0007,-0.0066
2018-03-02,13.23,13.58,13.6,13.23,27406.0,星期五,-0.0075,0.0265
2018-03-01,13.01,13.33,13.38,13.01,16162.0,星期四,-0.0203,0.0246
2018-02-28,13.37,13.28,13.52,13.23,18908.0,星期三,0.0,-0.0067
2018-02-27,13.23,13.37,13.43,13.18,25479.0,星期二,0.0,0.0106
2018-02-26,13.04,13.23,13.26,13.03,16045.0,星期一,0.0,0.0146
2018-02-23,13.23,13.04,13.27,12.98,16452.0,星期五,-0.0008,-0.0144
2018-02-22,13.03,13.24,13.24,12.95,15262.0,星期四,0.0093,0.0161
2018-02-14,13.04,12.91,13.13,12.83,9109.0,星期三,-0.0008,-0.01
2018-02-13,13.12,13.05,13.3,12.96,15675.0,星期二,-0.0015,-0.0053
2018-02-12,12.89,13.14,13.23,12.8,20415.0,星期一,-0.0031,0.0194
2018-02-09,12.5,12.93,13.28,12.31,50380.0,星期五,-0.0157,0.0344
2018-02-08,12.88,12.7,12.88,12.69,11839.0,星期四,-0.0016,-0.014
2018-02-07,12.83,12.9,13.42,12.7,33105.0,星期三,0.0071,0.0055
2018-02-06,12.88,12.74,13.01,12.53,18176.0,星期二,-0.0108,-0.0109
2018-02-05,12.8,13.02,13.03,12.7,11120.0,星期一,-0.0078,0.0172
2018-02-02,12.8,12.9,13.01,12.56,16671.0,星期五,0.0,0.0078
2018-02-01,12.73,12.8,13.08,12.19,23765.0,星期四,-0.0024,0.0055
2018-01-31,12.79,12.76,12.8,12.55,10881.0,星期三,0.0024,-0.0023
2018-01-30,12.78,12.76,12.86,12.73,6110.0,星期二,0.0,-0.0016
2018-01-29,12.92,12.78,12.99,12.73,12489.0,星期一,-0.0031,-0.0108
2018-01-26,12.88,12.96,13.01,12.72,13624.0,星期五,0.0,0.0062
2018-01-25,12.95,12.88,12.99,12.87,9997.0,星期四,0.0008,-0.0054
2018-01-24,12.9,12.94,13.04,12.79,8212.0,星期三,-0.0039,0.0031
2018-01-23,13.0,12.95,13.11,12.9,12915.0,星期二,0.0,-0.0038
2018-01-22,12.9,13.0,13.03,12.85,8749.0,星期一,0.0,0.0078
2018-01-19,12.9,12.9,12.96,12.8,6039.0,星期五,0.0,0.0
2018-01-18,12.79,12.9,12.98,12.79,6532.0,星期四,-0.0078,0.0086
2018-01-17,13.1,12.89,13.13,12.8,11342.0,星期三,-0.0023,-0.016
2018-01-16,12.92,13.13,13.29,12.92,16631.0,星期二,0.0016,0.0163
2018-01-15,13.4,12.9,13.42,12.9,18881.0,星期一,0.0,-0.0373
2018-01-12,13.53,13.4,13.59,13.38,10495.0,星期五,0.0007,-0.0096
2018-01-11,13.51,13.52,13.52,13.32,17788.0,星期四,0.0,0.0007
2018-01-10,13.4,13.51,13.54,13.32,15597.0,星期三,-0.0052,0.0082
2018-01-09,13.67,13.47,13.67,13.45,17128.0,星期二,0.0,-0.0146
2018-01-08,13.45,13.67,13.69,13.23,28072.0,星期一,-0.0147,0.0164
2018-01-05,13.61,13.65,14.09,13.57,30961.0,星期五,0.0059,0.0029
2018-01-04,13.56,13.53,13.66,13.44,25549.0,星期四,0.0,-0.0022
2018-01-03,13.78,13.56,13.8,13.52,21482.0,星期三,0.0,-0.016
2018-01-02,13.68,13.78,14.0,13.54,26105.0,星期二,-0.0044,0.0073
2017-12-29,13.48,13.74,13.85,13.28,40454.0,星期五,-0.0044,0.0193
2017-12-28,13.3,13.54,13.8,13.3,55721.0,星期四,-0.0075,0.018
2017-12-27,13.37,13.4,13.46,13.2,27994.0,星期三,-0.0082,0.0022
2017-12-26,13.71,13.48,13.73,13.29,39227.0,星期二,0.0,-0.0168
2017-12-25,12.74,13.71,13.91,12.74,91271.0,星期一,0.0008,0.0761
2017-12-22,12.66,12.73,12.86,12.66,4627.0,星期五,-0.0063,0.0055
2017-12-21,12.61,12.74,12.91,12.61,11048.0,星期四,-0.0141,0.0103
2017-12-20,12.79,12.79,12.89,12.69,8438.0,星期三,0.0,0.0
2017-12-19,12.83,12.79,12.83,12.7,3859.0,星期二,0.0086,-0.0031
2017-12-18,12.81,12.72,12.81,12.67,7202.0,星期一,-0.0016,-0.007
2017-12-15,12.85,12.83,12.91,12.8,8122.0,星期五,-0.0016,-0.0016
2017-12-14,13.01,12.87,13.01,12.86,6594.0,星期四,-0.0008,-0.0108
2017-12-13,12.89,13.02,13.06,12.81,9219.0,星期三,0.0,0.0101
2017-12-12,13.01,12.89,13.01,12.86,8467.0,星期二,0.0,-0.0092
2017-12-11,13.15,13.01,13.15,12.89,14946.0,星期一,0.0,-0.0106
2017-12-08,13.2,13.15,13.27,13.11,8164.0,星期五,0.0015,-0.0038
2017-12-07,13.09,13.18,13.31,12.92,17281.0,星期四,-0.0008,0.0069
2017-12-06,12.88,13.1,13.31,12.72,13781.0,星期三,0.0,0.0171
2017-12-05,12.99,12.88,13.16,12.81,12035.0,星期二,0.0,-0.0085
2017-12-04,13.23,12.99,13.23,12.97,9325.0,星期一,0.0046,-0.0181
2017-12-01,13.28,13.17,13.29,13.1,5758.0,星期五,0.0099,-0.0083
2017-11-30,13.29,13.15,13.4,13.14,9555.0,星期四,0.0,-0.0105
2017-11-29,13.0,13.29,13.52,13.0,16715.0,星期三,-0.0107,0.0223
2017-11-28,12.9,13.14,13.22,12.66,10596.0,星期二,-0.0008,0.0186
2017-11-27,13.14,12.91,13.16,12.88,9241.0,星期一,-0.0023,-0.0175
2017-11-24,12.82,13.17,13.27,12.8,15990.0,星期五,-0.0016,0.0273
2017-11-23,13.05,12.84,13.09,12.75,12227.0,星期四,0.0046,-0.0161
2017-11-22,13.04,12.99,13.29,12.86,12149.0,星期三,-0.0053,-0.0038
2017-11-21,12.42,13.11,13.3,12.42,22623.0,星期二,0.0,0.0556
2017-11-20,12.73,12.42,12.88,12.05,15733.0,星期一,-0.0024,-0.0244
2017-11-17,13.48,12.76,13.55,12.6,24300.0,星期五,0.0,-0.0534
2017-11-16,13.52,13.48,13.65,13.41,9497.0,星期四,0.0,-0.003
2017-11-15,13.65,13.52,13.79,13.5,9742.0,星期三,-0.0036,-0.0095
2017-11-14,13.6,13.7,13.89,13.48,20671.0,星期二,-0.0015,0.0074
2017-11-13,13.79,13.62,13.79,13.6,19549.0,星期一,-0.0007,-0.0123
2017-11-10,13.89,13.8,13.89,13.7,12790.0,星期五,0.0,-0.0065
2017-11-09,13.75,13.89,14.01,13.69,16615.0,星期四,-0.0029,0.0102
2017-11-08,13.69,13.79,13.83,13.6,14470.0,星期三,-0.0036,0.0073
2017-11-07,13.8,13.74,13.85,13.59,12917.0,星期二,0.0,-0.0043
2017-11-06,13.62,13.8,13.84,13.56,10405.0,星期一,-0.0044,0.0132
2017-11-03,13.8,13.68,13.91,13.45,15770.0,星期五,0.0,-0.0087
2017-11-02,13.78,13.8,13.96,13.75,12282.0,星期四,-0.0022,0.0015
2017-11-01,13.63,13.81,14.03,13.63,15414.0,星期三,-0.0173,0.0132
2017-10-31,13.4,13.87,13.92,13.4,22024.0,星期二,-0.0133,0.0351
2017-10-30,14.15,13.58,14.15,13.51,29631.0,星期一,0.0,-0.0403
2017-10-27,14.2,14.15,14.4,14.14,17061.0,星期五,0.0,-0.0035
2017-10-26,14.23,14.2,14.33,14.13,16784.0,星期四,-0.0014,-0.0021
2017-10-25,14.17,14.25,14.43,14.1,15824.0,星期三,-0.007,0.0056
2017-10-24,14.19,14.27,14.45,14.12,24493.0,星期二,-0.0021,0.0056
2017-10-23,14.35,14.22,14.42,14.14,20761.0,星期一,-0.0069,-0.0091
2017-10-20,14.98,14.45,14.98,14.26,44467.0,星期五,0.0204,-0.0354
2017-10-19,14.06,14.68,14.68,13.8,31108.0,星期四,-0.0028,0.0441
2017-10-18,14.1,14.1,14.2,13.98,18870.0,星期三,0.0028,0.0
2017-10-17,14.0,14.06,14.16,13.9,12481.0,星期二,-0.0021,0.0043
2017-10-16,14.3,14.03,14.42,14.01,30309.0,星期一,0.0,-0.0189
2017-10-13,14.3,14.3,14.55,14.23,29512.0,星期五,0.0,0.0
2017-10-12,14.6,14.3,14.65,14.18,39614.0,星期四,-0.0082,-0.0205
2017-10-11,14.62,14.72,15.16,14.45,56532.0,星期三,0.0,0.0068
2017-10-10,14.58,14.62,14.65,14.41,26881.0,星期二,0.0,0.0027
2017-10-09,14.52,14.58,14.73,14.48,24993.0,星期一,0.0055,0.0041
2017-09-29,14.17,14.44,14.5,14.17,28800.0,星期五,0.0007,0.0191
2017-09-28,14.32,14.16,14.53,14.15,25888.0,星期四,-0.0069,-0.0112
2017-09-27,14.03,14.42,14.5,13.92,31915.0,星期三,0.0,0.0278
2017-09-26,13.87,14.03,14.16,13.87,20206.0,星期二,-0.0029,0.0115
2017-09-25,14.15,13.91,14.31,13.9,28870.0,星期一,-0.0021,-0.017
2017-09-22,14.35,14.18,14.47,14.14,37456.0,星期五,-0.0028,-0.0118
2017-09-21,14.69,14.39,15.04,14.38,66719.0,星期四,-0.0061,-0.0204
2017-09-20,14.58,14.78,15.14,14.5,95104.0,星期三,-0.0102,0.0137
2017-09-19,14.53,14.73,15.35,14.33,106660.0,星期二,-0.0095,0.0138
2017-09-18,14.4,14.67,14.85,14.34,50049.0,星期一,-0.0096,0.0187
2017-09-15,14.45,14.54,14.85,14.15,85578.0,星期五,-0.0062,0.0062
2017-09-14,14.75,14.54,14.8,14.45,100181.0,星期四,-0.0047,-0.0142
2017-09-13,14.32,14.82,15.0,14.08,137293.0,星期三,0.0021,0.0349
2017-09-12,14.0,14.29,14.43,13.88,97851.0,星期二,-0.0014,0.0207
2017-09-11,13.83,14.02,14.28,13.83,74738.0,星期一,-0.0114,0.0137
2017-09-08,13.6,13.99,14.1,13.6,78279.0,星期五,-0.0051,0.0287
2017-09-07,13.73,13.67,13.83,13.65,27201.0,星期四,-0.0007,-0.0044
2017-09-06,13.83,13.74,13.83,13.64,26038.0,星期三,0.0,-0.0065
2017-09-05,13.84,13.83,14.01,13.72,38715.0,星期二,-0.005,-0.0007
2017-09-04,13.54,13.91,14.05,13.42,58449.0,星期一,-0.0081,0.0273
2017-09-01,13.8,13.65,13.8,13.57,32577.0,星期五,0.0066,-0.0109
2017-08-31,13.55,13.71,13.78,13.44,48365.0,星期四,0.0,0.0118
2017-08-30,13.44,13.55,13.67,13.4,34331.0,星期三,-0.0118,0.0082
2017-08-29,13.49,13.6,13.64,13.41,48023.0,星期二,-0.0007,0.0082
2017-08-28,13.18,13.5,13.53,13.16,50542.0,星期一,-0.003,0.0243
2017-08-25,13.08,13.22,13.26,13.03,31010.0,星期五,-0.0015,0.0107
2017-08-24,13.15,13.1,13.22,13.06,26782.0,星期四,-0.0023,-0.0038
2017-08-23,13.09,13.18,13.23,13.05,22843.0,星期三,-0.0008,0.0069
2017-08-22,13.26,13.1,13.33,13.1,30403.0,星期二,-0.0045,-0.0121
2017-08-21,13.31,13.32,13.36,13.22,23257.0,星期一,0.0015,0.0008
2017-08-18,13.29,13.29,13.44,13.16,41522.0,星期五,0.003,0.0
2017-08-17,13.15,13.25,13.35,13.0,31358.0,星期四,0.0,0.0076
2017-08-16,13.21,13.15,13.25,13.02,22915.0,星期三,0.0046,-0.0045
2017-08-15,13.2,13.15,13.39,13.08,25009.0,星期二,0.0,-0.0038
2017-08-14,13.08,13.2,13.35,13.08,23283.0,星期一,0.0008,0.0092
2017-08-11,13.25,13.07,13.25,13.0,47685.0,星期五,-0.0038,-0.0136
2017-08-10,13.8,13.3,13.82,13.25,72264.0,星期四,-0.0086,-0.0362
2017-08-09,13.94,13.92,14.12,13.87,52506.0,星期三,0.0022,-0.0014
2017-08-08,13.94,13.91,14.13,13.82,56977.0,星期二,0.0,-0.0022
2017-08-07,13.88,13.94,13.94,13.65,48302.0,星期一,-0.005,0.0043
2017-08-04,13.49,13.95,14.16,13.47,112481.0,星期五,-0.0037,0.0341
2017-08-03,13.7,13.54,13.82,13.5,55812.0,星期四,-0.0137,-0.0117
2017-08-02,13.76,13.89,14.59,13.42,104489.0,星期三,-0.0029,0.0094
2017-08-01,13.72,13.8,13.99,13.54,81261.0,星期二,-0.0022,0.0058
2017-07-31,13.38,13.75,13.83,13.24,74297.0,星期一,-0.0059,0.0277
2017-07-28,13.2,13.46,13.6,13.11,52167.0,星期五,-0.0045,0.0197
2017-07-27,13.4,13.26,13.42,13.0,55815.0,星期四,-0.0015,-0.0104
2017-07-26,13.55,13.42,13.62,13.27,50144.0,星期三,0.0044,-0.0096
2017-07-25,13.78,13.49,13.85,13.4,51214.0,星期二,0.0,-0.021
2017-07-24,13.5,13.78,13.88,13.38,60892.0,星期一,0.0,0.0207
2017-07-21,13.58,13.5,13.84,13.41,56513.0,星期五,-0.0088,-0.0059
2017-07-20,13.92,13.7,13.96,13.56,88844.0,星期四,-0.0093,-0.0158
2017-07-19,13.49,14.05,14.18,13.47,124123.0,星期三,0.0,0.0415
2017-07-18,13.02,13.49,13.64,12.93,89725.0,星期二,-0.0106,0.0361
2017-07-17,14.02,13.16,14.07,12.79,123000.0,星期一,-0.0106,-0.0613
2017-07-14,14.58,14.17,14.9,14.0,139166.0,星期五,-0.0155,-0.0281
2017-07-13,14.38,14.81,15.34,14.2,258412.0,星期四,-0.009,0.0299
2017-07-12,13.27,14.51,14.54,13.19,189866.0,星期三,-0.0052,0.0934
2017-07-11,13.18,13.34,13.59,13.13,67672.0,星期二,0.0015,0.0121
2017-07-10,13.38,13.16,13.49,13.13,41987.0,星期一,0.0075,-0.0164
2017-07-07,13.21,13.28,13.45,13.08,55896.0,星期五,-0.0097,0.0053
2017-07-06,12.71,13.34,13.35,12.69,105112.0,星期四,-0.007,0.0496
2017-07-05,12.59,12.8,12.85,12.51,40679.0,星期三,0.0024,0.0167
2017-07-04,12.62,12.56,12.68,12.52,15977.0,星期二,0.0,-0.0048
2017-07-03,12.5,12.62,12.67,12.48,18353.0,星期一,0.0016,0.0096
2017-06-30,12.41,12.48,12.56,12.41,16016.0,星期五,-0.004,0.0056
2017-06-29,12.51,12.46,12.58,12.45,20501.0,星期四,-0.0016,-0.004
2017-06-28,12.75,12.53,12.75,12.45,29678.0,星期三,-0.0008,-0.0173
2017-06-27,12.58,12.76,12.77,12.51,29998.0,星期二,-0.0016,0.0143
2017-06-26,12.52,12.6,12.67,12.47,26898.0,星期一,-0.0032,0.0064
2017-06-23,12.51,12.56,12.77,12.3,31381.0,星期五,-0.004,0.004
2017-06-22,12.72,12.56,12.95,12.52,60845.0,星期四,-0.02,-0.0126
2017-06-21,12.51,12.98,13.25,12.32,102037.0,星期三,0.0064,0.0376
2017-06-20,12.38,12.43,12.65,12.38,35566.0,星期二,-0.0096,0.004
2017-06-19,12.35,12.5,12.56,12.29,36804.0,星期一,-0.0096,0.0121
2017-06-16,12.28,12.47,12.98,12.12,63744.0,星期五,-0.0016,0.0155
2017-06-15,12.12,12.3,12.4,12.07,49425.0,星期四,-0.0025,0.0149
2017-06-14,11.9,12.15,12.15,11.88,38433.0,星期三,0.0,0.021
2017-06-13,11.75,11.9,11.96,11.71,21204.0,星期二,0.0,0.0128
2017-06-12,12.07,11.75,12.07,11.71,23876.0,星期一,-0.0008,-0.0265
2017-06-09,12.09,12.08,12.1,11.9,19413.0,星期五,0.0,-0.0008
2017-06-08,12.18,12.09,12.21,12.01,22083.0,星期四,0.0008,-0.0074
2017-06-07,11.81,12.17,12.26,11.81,40089.0,星期三,-0.0051,0.0305
2017-06-06,11.67,11.87,11.9,11.65,20789.0,星期二,-0.0068,0.0171
2017-06-05,11.69,11.75,11.75,11.57,15388.0,星期一,0.0069,0.0051
2017-06-02,11.41,11.61,11.67,11.32,20668.0,星期五,-0.0198,0.0175
2017-06-01,11.86,11.64,11.88,11.41,24281.0,星期四,0.0,-0.0185
2017-05-31,12.01,11.86,12.09,11.84,20650.0,星期三,0.0126,-0.0125
2017-05-26,11.94,11.86,12.18,11.85,15282.0,星期五,0.0,-0.0067
2017-05-25,11.92,11.94,11.99,11.66,23111.0,星期四,0.0,0.0017
2017-05-24,11.73,11.92,11.95,11.52,22428.0,星期三,-0.0042,0.0162
2017-05-23,12.03,11.78,12.26,11.62,33972.0,星期二,-0.0099,-0.0208
2017-05-22,12.7,12.15,12.7,12.05,35874.0,星期一,-0.0024,-0.0433
2017-05-19,12.66,12.73,12.89,12.66,16106.0,星期五,-0.0031,0.0055
2017-05-18,12.61,12.7,12.85,12.61,17602.0,星期四,-0.0156,0.0071
2017-05-17,12.66,12.81,12.93,12.56,29108.0,星期三,0.0,0.0118
2017-05-16,12.5,12.66,12.68,12.27,23588.0,星期二,0.004,0.0128
2017-05-15,12.41,12.45,12.6,12.36,20890.0,星期一,0.0032,0.0032
2017-05-12,12.75,12.37,12.84,12.14,36123.0,星期五,0.0016,-0.0298
2017-05-11,13.16,12.73,13.18,12.27,60993.0,星期四,0.0,-0.0327
2017-05-10,14.17,13.16,14.28,13.02,48868.0,星期三,0.0,-0.0713
2017-05-09,14.06,14.17,14.25,14.02,19742.0,星期二,-0.0085,0.0078
2017-05-08,14.27,14.18,14.42,14.0,30686.0,星期一,-0.0035,-0.0063
2017-05-05,14.54,14.32,14.67,14.3,34255.0,星期五,-0.0095,-0.0151
2017-05-04,14.56,14.68,14.95,14.45,67347.0,星期四,0.0125,0.0082
2017-05-03,14.3,14.38,14.6,14.12,30749.0,星期三,0.0014,0.0056
2017-05-02,14.4,14.28,14.44,14.2,22994.0,星期二,0.0014,-0.0083
2017-04-28,14.4,14.38,14.47,14.28,22350.0,星期五,-0.0055,-0.0014
2017-04-27,14.6,14.48,14.6,14.11,42761.0,星期四,-0.0108,-0.0082
2017-04-26,14.2,14.76,15.1,14.2,53262.0,星期三,-0.0105,0.0394
2017-04-25,14.08,14.35,15.0,14.01,41050.0,星期二,0.0,0.0192
2017-04-24,14.35,14.08,14.35,13.7,46890.0,星期一,-0.0028,-0.0188
2017-04-21,14.42,14.39,14.58,14.22,26840.0,星期五,-0.013,-0.0021
2017-04-20,14.46,14.61,14.67,14.33,37411.0,星期四,0.0014,0.0104
2017-04-19,14.88,14.44,14.88,14.15,40412.0,星期三,-0.0027,-0.0296
2017-04-18,14.89,14.92,15.09,14.89,28214.0,星期二,0.0007,0.002
2017-04-17,15.17,14.88,15.18,14.84,37157.0,星期一,0.0,-0.0191
2017-04-14,15.51,15.17,15.51,15.09,54608.0,星期五,0.0,-0.0219
2017-04-13,15.48,15.51,15.65,15.39,37541.0,星期四,-0.0019,0.0019
2017-04-12,15.75,15.51,15.8,15.5,50163.0,星期三,-0.0051,-0.0152
2017-04-11,15.65,15.83,15.93,15.56,61931.0,星期二,-0.0025,0.0115
2017-04-10,16.1,15.69,16.1,15.62,82922.0,星期一,0.0006,-0.0255
2017-04-07,16.29,16.09,16.48,16.05,86055.0,星期五,-0.0079,-0.0123
2017-04-06,16.24,16.42,16.8,16.15,127304.0,星期四,-0.0085,0.0111
2017-04-05,16.15,16.38,16.56,15.51,107842.0,星期三,-0.0037,0.0142
2017-03-31,16.75,16.21,16.89,16.01,173074.0,星期五,-0.013,-0.0322
2017-03-30,16.5,16.97,17.39,16.13,293064.0,星期四,-0.0096,0.0285
2017-03-29,16.3,16.66,16.94,16.27,215413.0,星期三,-0.0181,0.0221
2017-03-28,15.75,16.6,16.87,15.7,215466.0,星期二,-0.0038,0.054
2017-03-27,16.0,15.81,16.0,15.68,59167.0,星期一,-0.005,-0.0119
2017-03-24,16.1,16.08,16.54,16.02,99260.0,星期五,-0.0062,-0.0012
2017-03-23,15.73,16.2,16.59,15.69,123576.0,星期四,-0.0006,0.0299
2017-03-22,15.77,15.74,15.87,15.69,25703.0,星期三,-0.0019,-0.0019
2017-03-21,15.73,15.8,15.86,15.71,27962.0,星期二,-0.0019,0.0045
2017-03-20,15.63,15.76,15.76,15.55,31217.0,星期一,-0.0032,0.0083
2017-03-17,15.7,15.68,15.86,15.67,48559.0,星期五,0.0,-0.0013
2017-03-16,15.58,15.7,15.72,15.55,31396.0,星期四,0.0026,0.0077
2017-03-15,15.69,15.54,15.77,15.52,33788.0,星期三,-0.0063,-0.0096
2017-03-14,15.78,15.79,15.88,15.64,34748.0,星期二,0.0,0.0006
2017-03-13,15.79,15.78,15.79,15.53,24440.0,星期一,0.0006,-0.0006
2017-03-10,15.8,15.78,15.89,15.71,17007.0,星期五,-0.0006,-0.0013
2017-03-09,15.87,15.81,15.93,15.68,35181.0,星期四,-0.0013,-0.0038
2017-03-08,16.12,15.89,16.17,15.85,40354.0,星期三,0.0019,-0.0143
2017-03-07,15.9,16.09,16.15,15.9,42994.0,星期二,-0.0025,0.0119
2017-03-06,15.88,15.94,16.04,15.86,34239.0,星期一,0.0,0.0038
2017-03-03,15.8,15.88,15.92,15.67,29847.0,星期五,-0.0006,0.0051
2017-03-02,16.05,15.81,16.13,15.78,51666.0,星期四,0.0,-0.015
2017-03-01,15.97,16.05,16.13,15.95,51673.0,星期三,-0.0019,0.005
2017-02-28,16.01,16.0,16.11,15.83,55900.0,星期二,-0.0025,-0.0006
2017-02-27,16.56,16.05,16.62,16.0,94654.0,星期一,-0.0048,-0.0308
2017-02-24,16.81,16.64,16.83,16.55,58588.0,星期五,-0.0065,-0.0101
2017-02-23,16.75,16.92,16.98,16.66,86763.0,星期四,-0.0024,0.0101
2017-02-22,16.77,16.79,16.89,16.53,69969.0,星期三,-0.0012,0.0012
2017-02-21,16.96,16.79,16.96,16.65,72328.0,星期二,0.0,-0.01
2017-02-20,16.77,16.96,17.21,16.51,117765.0,星期一,-0.0077,0.0113
2017-02-17,16.28,16.9,17.86,16.2,138846.0,星期五,0.0006,0.0381
2017-02-16,16.15,16.27,16.7,16.09,44851.0,星期四,-0.0019,0.0074
2017-02-15,16.51,16.18,16.56,16.12,41221.0,星期三,-0.0084,-0.02
2017-02-14,16.54,16.65,16.75,16.39,53735.0,星期二,-0.003,0.0067
2017-02-13,16.7,16.59,16.79,16.45,68323.0,星期一,-0.0089,-0.0066
2017-02-10,16.48,16.85,17.28,16.4,108022.0,星期五,-0.003,0.0225
2017-02-09,15.98,16.53,16.97,15.97,59027.0,星期四,-0.0012,0.0344
2017-02-08,16.0,16.0,16.07,15.81,23028.0,星期三,-0.0031,0.0
2017-02-07,16.15,16.05,16.19,16.0,17273.0,星期二,0.0,-0.0062
2017-02-06,16.12,16.15,16.25,16.05,17091.0,星期一,0.0,0.0019
2017-02-03,16.31,16.12,16.32,16.1,11824.0,星期五,0.0,-0.0116
2017-01-26,16.36,16.31,16.39,16.05,23665.0,星期四,-0.0012,-0.0031
2017-01-25,16.18,16.38,16.68,16.1,26307.0,星期三,-0.0098,0.0124
2017-01-24,16.26,16.34,16.58,16.26,26782.0,星期二,-0.0079,0.0049
2017-01-23,16.2,16.39,16.63,16.19,35858.0,星期一,-0.0146,0.0117
2017-01-20,15.47,16.44,17.04,15.22,55798.0,星期五,-0.0013,0.0627
2017-01-19,15.4,15.49,15.61,15.35,28917.0,星期四,-0.0147,0.0058
2017-01-18,15.65,15.63,15.65,15.38,22839.0,星期三,0.0038,-0.0013
2017-01-17,15.23,15.59,15.67,15.0,23878.0,星期二,-0.0026,0.0236
2017-01-16,16.22,15.27,16.28,14.66,39392.0,星期一,0.0,-0.0586
2017-01-13,16.76,16.22,16.76,16.07,35229.0,星期五,0.0,-0.0322
2017-01-12,17.09,16.76,17.16,16.68,24731.0,星期四,0.0,-0.0193
2017-01-11,17.4,17.09,17.4,16.96,41488.0,星期三,-0.0017,-0.0178
2017-01-10,17.12,17.43,17.78,17.01,57094.0,星期二,-0.0006,0.0181
2017-01-09,17.05,17.13,17.17,16.82,28684.0,星期一,-0.0012,0.0047
2017-01-06,17.05,17.07,17.17,16.91,27845.0,星期五,-0.0029,0.0012
2017-01-05,17.11,17.1,17.17,16.9,38331.0,星期四,0.0029,-0.0006
2017-01-04,17.02,17.06,17.15,16.92,38263.0,星期三,0.0053,0.0024
2017-01-03,16.55,16.93,16.98,16.51,41539.0,星期二,-0.0006,0.023
2016-12-30,16.71,16.56,16.84,16.51,22455.0,星期五,0.0006,-0.009
2016-12-29,16.84,16.7,16.93,16.68,22474.0,星期四,-0.0041,-0.0083
2016-12-28,16.84,16.91,17.3,16.84,36719.0,星期三,-0.0006,0.0042
2016-12-27,16.7,16.85,17.0,16.59,26493.0,星期二,0.0012,0.009
2016-12-26,16.54,16.68,16.7,16.13,23347.0,星期一,0.0012,0.0085
2016-12-23,16.87,16.52,16.87,16.51,26273.0,星期五,0.006,-0.0207
2016-12-22,16.76,16.77,16.9,16.66,19321.0,星期四,0.0,0.0006
2016-12-21,16.7,16.76,17.08,16.66,29723.0,星期三,0.0042,0.0036
2016-12-20,16.6,16.63,16.8,16.51,20658.0,星期二,-0.006,0.0018
2016-12-19,16.53,16.7,16.74,16.45,27086.0,星期一,-0.0102,0.0103
2016-12-16,16.23,16.7,16.96,16.06,44339.0,星期五,0.0,0.029
2016-12-15,15.95,16.23,16.39,15.83,34693.0,星期四,-0.0105,0.0176
2016-12-14,16.42,16.12,16.42,16.0,35417.0,星期三,0.0031,-0.0183
2016-12-13,16.03,16.37,16.48,16.0,37206.0,星期二,0.0,0.0212
2016-12-12,17.52,16.03,17.6,16.0,81633.0,星期一,0.0006,-0.085
2016-12-09,17.8,17.51,17.8,17.51,35862.0,星期五,0.0028,-0.0163
2016-12-08,18.06,17.75,18.16,17.66,45247.0,星期四,0.0006,-0.0172
2016-12-07,17.89,18.05,18.28,17.89,34108.0,星期三,0.0011,0.0089
2016-12-06,17.85,17.87,18.06,17.82,22220.0,星期二,0.0017,0.0011
2016-12-05,18.0,17.82,18.0,17.63,27222.0,星期一,-0.0099,-0.01
2016-12-02,18.08,18.18,18.34,18.0,30954.0,星期五,0.0011,0.0055
2016-12-01,18.08,18.06,18.28,17.92,40818.0,星期四,-0.0011,-0.0011
2016-11-30,18.22,18.1,18.38,18.04,29115.0,星期三,0.0022,-0.0066
2016-11-29,18.57,18.18,18.62,18.18,45607.0,星期二,0.0,-0.021
2016-11-28,18.6,18.57,18.74,18.35,38088.0,星期一,0.0011,-0.0016
2016-11-25,18.39,18.58,18.64,18.05,44603.0,星期五,-0.0005,0.0103
2016-11-24,18.76,18.4,18.94,18.31,58515.0,星期四,0.0,-0.0192
2016-11-23,19.02,18.76,19.07,18.55,84781.0,星期三,0.0011,-0.0137
2016-11-22,18.88,19.0,19.12,18.82,49887.0,星期二,-0.0016,0.0064
2016-11-21,18.9,18.91,19.06,18.68,57411.0,星期一,-0.0011,0.0005
2016-11-18,19.26,18.92,19.29,18.75,82732.0,星期五,0.0,-0.0177
2016-11-17,19.22,19.26,19.38,19.05,42463.0,星期四,0.001,0.0021
2016-11-16,19.45,19.2,19.49,19.05,70069.0,星期三,0.0,-0.0129
2016-11-15,19.68,19.45,20.15,19.42,115460.0,星期二,-0.004,-0.0117
2016-11-14,19.0,19.76,19.8,18.92,125316.0,星期一,-0.0084,0.04
2016-11-11,19.04,19.16,19.38,18.83,79593.0,星期五,-0.0005,0.0063
2016-11-10,19.25,19.05,19.3,18.83,82192.0,星期四,0.0132,-0.0104
2016-11-09,19.42,19.0,19.48,18.8,104975.0,星期三,-0.0041,-0.0216
2016-11-08,18.86,19.5,19.68,18.86,154062.0,星期二,0.0005,0.0339
2016-11-07,19.1,18.85,19.15,18.67,73191.0,星期一,-0.0037,-0.0131
2016-11-04,19.15,19.17,19.3,18.8,100245.0,星期五,-0.0026,0.001
2016-11-03,18.54,19.2,19.4,18.54,170470.0,星期四,-0.0159,0.0356
2016-11-02,18.08,18.84,19.4,17.91,139731.0,星期三,-0.005,0.042
2016-11-01,17.86,18.17,18.47,17.69,61958.0,星期二,0.0096,0.0174
2016-10-31,18.0,17.69,18.06,17.5,66141.0,星期一,-0.0033,-0.0172
2016-10-28,18.65,18.06,18.78,18.01,98422.0,星期五,-0.0011,-0.0316
2016-10-27,18.6,18.67,18.83,18.53,77020.0,星期四,-0.0037,0.0038
2016-10-26,18.3,18.67,18.77,18.23,106430.0,星期三,-0.0049,0.0202
2016-10-25,18.51,18.39,18.65,18.26,76426.0,星期二,-0.0027,-0.0065
2016-10-24,17.91,18.56,18.7,17.85,109970.0,星期一,0.0,0.0363
2016-10-21,18.47,17.91,18.6,17.73,99886.0,星期五,0.0022,-0.0303
2016-10-20,18.8,18.43,18.81,18.38,65006.0,星期四,0.0016,-0.0197
2016-10-19,18.71,18.77,19.0,18.41,83353.0,星期三,0.0,0.0032
2016-10-18,18.51,18.71,18.95,18.36,71516.0,星期二,0.0043,0.0108
2016-10-17,18.89,18.43,19.1,18.3,94279.0,星期一,-0.0005,-0.0244
2016-10-14,19.5,18.9,19.5,18.7,108841.0,星期五,-0.0015,-0.0308
2016-10-13,19.51,19.53,20.18,19.4,110094.0,星期四,0.0005,0.001
2016-10-12,19.63,19.5,19.82,19.35,119354.0,星期三,-0.0111,-0.0066
2016-10-11,18.64,19.85,20.43,18.63,197871.0,星期二,-0.0117,0.0649
2016-10-10,18.7,18.86,19.24,18.2,135596.0,星期一,0.0038,0.0086
2016-09-30,18.61,18.63,19.25,18.47,175733.0,星期五,-0.0174,0.0011
2016-09-29,17.63,18.94,19.06,17.61,198704.0,星期四,0.0011,0.0743
2016-09-28,17.77,17.61,17.97,17.4,84148.0,星期三,-0.0017,-0.009
2016-09-27,18.09,17.8,18.28,17.0,125752.0,星期二,0.0106,-0.016
2016-09-26,18.21,17.9,19.27,17.81,230034.0,星期一,-0.0109,-0.017
2016-09-23,17.58,18.41,19.3,17.58,298352.0,星期五,0.0017,0.0472
2016-09-22,16.91,17.55,17.97,16.73,213377.0,星期四,0.0042,0.0378
2016-09-21,16.95,16.84,17.15,16.75,82013.0,星期三,0.0053,-0.0065
2016-09-20,17.09,16.86,17.12,16.63,84636.0,星期二,0.0041,-0.0135
2016-09-19,16.48,17.02,17.17,16.42,134494.0,星期一,-0.0114,0.0328
2016-09-14,16.41,16.67,17.3,16.35,173745.0,星期三,-0.0085,0.0158
2016-09-13,15.9,16.55,16.65,15.7,104022.0,星期二,0.0044,0.0409
2016-09-12,15.93,15.83,16.0,15.58,68934.0,星期一,-0.0233,-0.0063
2016-09-09,16.0,16.31,16.6,16.0,92068.0,星期五,0.0031,0.0194
2016-09-08,16.02,15.95,16.13,15.9,32407.0,星期四,0.0,-0.0044
2016-09-07,16.03,16.02,16.18,15.98,39895.0,星期三,-0.0006,-0.0006
2016-09-06,15.94,16.04,16.08,15.65,35881.0,星期二,0.0044,0.0063
2016-09-05,15.87,15.87,16.03,15.7,29400.0,星期一,0.0032,0.0
2016-09-02,15.88,15.82,15.95,15.68,28187.0,星期五,0.0038,-0.0038
2016-09-01,15.87,15.82,16.06,15.74,52546.0,星期四,0.0051,-0.0032
2016-08-31,16.0,15.79,16.12,15.72,68135.0,星期三,-0.0074,-0.0131
2016-08-30,16.56,16.12,16.65,16.0,74514.0,星期二,-0.0024,-0.0266
2016-08-29,16.44,16.6,16.68,16.4,51409.0,星期一,0.0018,0.0097
2016-08-26,16.33,16.41,16.6,16.22,57528.0,星期五,0.0018,0.0049
2016-08-25,16.33,16.3,16.44,16.13,46152.0,星期四,-0.0097,-0.0018
2016-08-24,16.15,16.49,16.68,16.1,79355.0,星期三,0.0019,0.0211
2016-08-23,16.19,16.12,16.35,15.96,47872.0,星期二,-0.0006,-0.0043
2016-08-22,16.39,16.2,16.63,16.17,48683.0,星期一,0.0018,-0.0116
2016-08-19,16.66,16.36,16.66,16.25,61044.0,星期五,-0.003,-0.018
2016-08-18,16.54,16.71,16.79,16.39,72011.0,星期四,-0.0084,0.0103
2016-08-17,16.82,16.68,16.91,16.51,85810.0,星期三,-0.01,-0.0083
2016-08-16,16.62,16.99,17.33,16.55,136849.0,星期二,-0.0012,0.0223
2016-08-15,16.53,16.64,16.96,16.18,128362.0,星期一,0.003,0.0067
2016-08-12,16.25,16.48,16.79,16.2,88637.0,星期五,-0.0037,0.0142
2016-08-11,16.57,16.31,16.88,16.13,112803.0,星期四,-0.0078,-0.0157
2016-08-10,17.22,16.7,17.3,16.69,115809.0,星期三,-0.0103,-0.0302
2016-08-09,16.8,17.4,17.64,16.56,146223.0,星期二,-0.0094,0.0357
2016-08-08,16.68,16.96,17.5,16.52,166700.0,星期一,-0.0165,0.0168
2016-08-05,15.76,16.96,17.0,15.76,156167.0,星期五,0.0116,0.0761
2016-08-04,15.58,15.58,15.77,15.5,38982.0,星期四,0.0026,0.0
2016-08-03,15.25,15.54,15.67,15.23,36337.0,星期三,-0.0026,0.019
2016-08-02,15.11,15.29,15.36,14.99,29540.0,星期二,0.0087,0.0119
2016-08-01,15.33,14.98,15.33,14.83,39267.0,星期一,-0.0045,-0.0228
2016-07-29,15.69,15.4,15.78,15.35,50241.0,星期五,0.0071,-0.0185
2016-07-28,15.64,15.58,15.98,15.43,62873.0,星期四,-0.0114,-0.0038
2016-07-27,16.92,15.82,17.01,15.41,109909.0,星期三,-0.0006,-0.065
2016-07-26,16.87,16.93,17.04,16.8,64040.0,星期二,-0.0006,0.0036
2016-07-25,17.35,16.88,17.49,16.85,99019.0,星期一,-0.0131,-0.0271
2016-07-22,17.19,17.58,17.88,16.81,124689.0,星期五,0.0017,0.0227
2016-07-21,17.2,17.16,17.39,17.09,50242.0,星期四,0.0,-0.0023
2016-07-20,17.3,17.2,17.49,17.13,62226.0,星期三,-0.0057,-0.0058
2016-07-19,17.61,17.4,17.88,17.1,97549.0,星期二,-0.0157,-0.0119
2016-07-18,17.33,17.89,18.11,17.32,164026.0,星期一,0.0087,0.0323
2016-07-15,17.0,17.18,17.45,16.88,98993.0,星期五,0.0047,0.0106
2016-07-14,16.86,16.92,17.18,16.8,84849.0,星期四,-0.0158,0.0036
2016-07-13,17.08,17.13,17.48,16.61,150954.0,星期三,0.0,0.0029
2016-07-12,16.93,17.08,17.49,16.8,200684.0,星期二,0.0047,0.0089
2016-07-11,16.37,16.85,17.86,16.0,215758.0,星期一,0.0055,0.0293
2016-07-08,16.18,16.28,16.36,15.85,139679.0,星期五,0.0037,0.0062
2016-07-07,15.8,16.12,16.28,15.8,135490.0,星期四,-0.0075,0.0203
2016-07-06,15.98,15.92,16.3,15.86,128719.0,星期三,0.0101,-0.0038
2016-07-05,16.19,15.82,16.21,15.75,92141.0,星期二,0.0019,-0.0229
2016-07-04,15.91,16.16,16.25,15.9,74051.0,星期一,-0.0118,0.0157
2016-07-01,15.91,16.1,16.1,15.7,76934.0,星期五,0.0057,0.0119
2016-06-30,16.2,15.82,16.3,15.79,85566.0,星期四,0.0037,-0.0235
2016-06-29,15.93,16.14,16.43,15.65,137624.0,星期三,0.0031,0.0132
2016-06-28,15.69,15.88,16.14,15.53,111000.0,星期二,-0.0057,0.0121
2016-06-27,15.17,15.78,15.9,15.17,93046.0,星期一,-0.0181,0.0402
2016-06-24,15.44,15.45,15.64,14.8,96523.0,星期五,-0.0013,0.0006
2016-06-23,15.75,15.46,15.79,15.3,67901.0,星期四,0.0,-0.0184
2016-06-22,15.06,15.75,15.75,15.02,110419.0,星期三,-0.0118,0.0458
2016-06-21,15.47,15.24,15.77,15.05,100593.0,星期二,0.0059,-0.0149
2016-06-20,15.5,15.38,15.6,15.05,114200.0,星期一,-0.0159,-0.0077
2016-06-17,15.96,15.75,16.13,15.55,129130.0,星期五,-0.0025,-0.0132
2016-06-16,16.22,16.0,16.42,15.88,193764.0,星期四,-0.0146,-0.0136
2016-06-15,15.5,16.46,16.87,15.5,291948.0,星期三,-0.0312,0.0619
2016-06-14,15.55,16.0,16.0,15.3,269801.0,星期二,0.0284,0.0289
2016-06-13,15.35,15.12,15.96,15.03,147949.0,星期一,-0.0122,-0.015
2016-06-08,15.58,15.54,16.06,15.29,164053.0,星期三,0.0019,-0.0026
2016-06-07,15.4,15.55,15.73,15.3,162968.0,星期二,0.0,0.0097
2016-06-06,15.65,15.4,15.69,15.29,197115.0,星期一,-0.0038,-0.016
2016-06-03,15.13,15.71,15.96,14.92,388472.0,星期五,-0.0079,0.0383
2016-06-02,14.61,15.25,15.25,14.6,451790.0,星期四,0.0541,0.0438
2016-03-02,12.6,13.86,13.86,12.51,76864.0,星期三,0.0,0.1
2016-03-01,12.34,12.6,12.85,12.15,63581.0,星期二,0.0,0.0211
2016-02-29,12.87,12.34,12.89,11.9,88057.0,星期一,-0.0016,-0.0412
2016-02-26,13.01,12.89,13.19,12.61,50588.0,星期五,0.0039,-0.0092
2016-02-25,14.4,12.96,14.4,12.96,85161.0,星期四,0.0,-0.1
2016-02-24,14.4,14.4,14.55,14.01,62202.0,星期三,-0.0062,0.0
2016-02-23,14.2,14.49,14.58,14.01,83394.0,星期二,0.0007,0.0204
2016-02-22,14.27,14.19,14.27,14.07,80887.0,星期一,0.0251,-0.0056
2016-02-19,13.78,13.92,14.1,13.69,56396.0,星期五,0.0,0.0102
2016-02-18,13.89,13.78,14.17,13.64,69784.0,星期四,0.0058,-0.0079
2016-02-17,13.86,13.81,14.1,13.51,69074.0,星期三,0.0095,-0.0036
2016-02-16,13.24,13.73,13.8,13.23,68260.0,星期二,0.0,0.037
2016-02-15,12.94,13.24,13.38,12.81,42162.0,星期一,-0.0372,0.0232
2016-02-05,13.5,13.44,13.67,13.35,57265.0,星期五,0.0037,-0.0044
2016-02-04,13.41,13.45,13.78,13.25,64721.0,星期四,0.0,0.003
2016-02-03,13.14,13.41,13.46,12.89,53134.0,星期三,-0.0105,0.0205
2016-02-02,12.67,13.28,13.3,12.57,57489.0,星期二,0.0088,0.0481
2016-02-01,12.7,12.56,12.83,12.45,43765.0,星期一,-0.0016,-0.011
2016-01-29,12.21,12.72,12.95,12.18,47295.0,星期五,0.0,0.0418
2016-01-28,12.41,12.21,12.66,12.0,46376.0,星期四,-0.0135,-0.0161
2016-01-27,12.43,12.58,12.79,11.8,87841.0,星期三,0.0081,0.0121
2016-01-26,13.0,12.33,13.12,12.12,85331.0,星期二,-0.0166,-0.0515
2016-01-25,13.39,13.22,13.46,13.1,55280.0,星期一,0.0045,-0.0127
2016-01-22,12.5,13.33,13.48,12.5,96778.0,星期五,-0.0181,0.0664
2016-01-21,13.04,12.73,13.42,12.72,82767.0,星期四,-0.0091,-0.0238
2016-01-20,13.02,13.16,13.38,12.91,75808.0,星期三,-0.0084,0.0108
2016-01-19,12.9,13.13,13.2,12.61,79975.0,星期二,0.0102,0.0178
2016-01-18,12.3,12.77,13.06,12.11,86626.0,星期一,-0.0032,0.0382
2016-01-15,12.62,12.34,12.67,12.11,82664.0,星期五,0.0048,-0.0222
2016-01-14,11.24,12.56,12.72,11.24,109766.0,星期四,-0.0547,0.1174
2016-01-13,12.61,11.89,12.64,11.82,83261.0,星期三,0.0186,-0.0571
2016-01-12,12.69,12.38,12.95,12.04,91752.0,星期二,-0.0024,-0.0244
2016-01-11,13.87,12.72,13.87,12.72,123715.0,星期一,-0.0184,-0.0829
2016-01-08,14.7,14.13,15.12,13.08,145408.0,星期五,0.0117,-0.0388
2016-01-07,15.6,14.53,15.87,14.53,26314.0,星期四,-0.0335,-0.0686
2016-01-06,16.0,16.14,16.28,15.4,97091.0,星期三,0.0114,0.0088
2016-01-05,15.35,15.82,16.55,15.19,197327.0,星期二,-0.0906,0.0306
2016-01-04,18.85,16.88,18.9,16.88,118730.0,星期一,0.0053,-0.1045
2015-12-31,19.03,18.75,19.38,18.69,151256.0,星期四,0.0048,-0.0147
2015-12-30,18.6,18.94,19.2,18.4,167549.0,星期三,0.0076,0.0183
2015-12-29,18.39,18.46,18.69,18.04,120023.0,星期二,0.0022,0.0038
2015-12-28,18.75,18.35,19.45,18.2,220273.0,星期一,0.0027,-0.0213
2015-12-25,18.08,18.7,18.8,17.82,167783.0,星期五,0.0017,0.0343
2015-12-24,18.5,18.05,18.5,17.8,114092.0,星期四,0.006,-0.0243
2015-12-23,18.25,18.39,18.6,17.7,191148.0,星期三,-0.0033,0.0077
2015-12-22,18.16,18.31,18.38,17.79,164203.0,星期二,-0.0038,0.0083
2015-12-21,18.5,18.23,18.95,18.18,202995.0,星期一,-0.0022,-0.0146
2015-12-18,18.1,18.54,19.21,18.0,314881.0,星期五,0.0106,0.0243
2015-12-17,16.3,17.91,17.91,16.3,221525.0,星期四,0.0012,0.0988
2015-12-16,16.15,16.28,16.59,16.15,81782.0,星期三,-0.014,0.008
2015-12-15,16.42,16.38,16.72,16.31,76232.0,星期二,0.0049,-0.0024
2015-12-14,16.0,16.34,16.4,15.85,75659.0,星期一,-0.0214,0.0212
2015-12-11,17.4,16.35,17.4,16.18,185376.0,星期五,0.0075,-0.0603
2015-12-10,17.31,17.27,17.65,17.21,119956.0,星期四,-0.0159,-0.0023
2015-12-09,16.72,17.59,17.76,16.5,207200.0,星期三,0.0084,0.052
2015-12-08,16.7,16.58,16.85,16.38,97550.0,星期二,-0.0071,-0.0072
2015-12-07,16.72,16.82,17.08,16.47,113078.0,星期一,0.0091,0.006
2015-12-04,16.54,16.57,16.83,16.35,80992.0,星期五,-0.0006,0.0018
2015-12-03,16.2,16.55,16.56,16.0,88041.0,星期四,-0.0031,0.0216
2015-12-02,16.4,16.25,16.64,15.65,66677.0,星期三,0.0055,-0.0091
2015-12-01,16.7,16.31,16.8,16.0,82598.0,星期二,0.0006,-0.0234
2015-11-30,16.42,16.69,16.95,15.64,146991.0,星期一,0.0012,0.0164
2015-11-27,17.5,16.4,17.99,15.86,194306.0,星期五,-0.0068,-0.0629
2015-11-26,17.1,17.62,18.24,17.05,207054.0,星期四,0.0041,0.0304
2015-11-25,16.61,17.03,17.07,16.58,109289.0,星期三,-0.0048,0.0253
2015-11-24,16.96,16.69,17.1,16.11,104636.0,星期二,0.0,-0.0159
2015-11-23,17.45,16.96,17.53,16.6,125705.0,星期一,-0.0029,-0.0281
2015-11-20,17.51,17.5,17.93,17.41,130076.0,星期五,-0.0051,-0.0006
2015-11-19,17.3,17.6,17.76,17.11,104928.0,星期四,0.0141,0.0173
2015-11-18,17.48,17.06,17.67,17.0,102323.0,星期三,0.0017,-0.024
2015-11-17,17.5,17.45,18.5,17.22,232433.0,星期二,0.021,-0.0029
2015-11-16,16.21,17.14,17.23,16.21,139482.0,星期一,-0.0345,0.0574
2015-11-13,16.47,16.79,17.24,16.1,192131.0,星期五,-0.0185,0.0194
2015-11-12,16.96,16.78,17.21,16.69,159281.0,星期四,-0.0064,-0.0106
2015-11-11,17.12,17.07,17.51,16.69,244922.0,星期三,-0.0006,-0.0029
2015-11-10,16.59,17.13,17.4,16.34,251613.0,星期二,-0.0012,0.0325
2015-11-09,16.35,16.61,17.21,15.87,241086.0,星期一,-0.0162,0.0159
2015-11-06,15.82,16.62,17.0,15.66,249935.0,星期五,-0.0013,0.0506
2015-11-05,15.97,15.84,16.23,15.56,209423.0,星期四,-0.0013,-0.0081
2015-11-04,15.17,15.99,15.99,15.1,151266.0,星期三,0.0046,0.0541
2015-11-03,14.92,15.1,15.37,14.81,94676.0,星期二,0.0047,0.0121
2015-11-02,15.5,14.85,15.75,14.8,133014.0,星期一,-0.0196,-0.0419
2015-10-30,15.38,15.81,16.12,15.12,216624.0,星期五,0.0,0.028
2015-10-29,15.35,15.38,15.67,15.12,118182.0,星期四,0.0033,0.002
2015-10-28,15.6,15.3,16.2,15.08,176052.0,星期三,-0.0019,-0.0192
2015-10-27,15.89,15.63,16.01,14.7,187319.0,星期二,-0.01,-0.0164
2015-10-26,16.47,16.05,16.5,15.66,248079.0,星期一,0.0092,-0.0255
2015-10-23,15.6,16.32,16.56,15.6,406670.0,星期五,0.0065,0.0462
2015-10-22,14.5,15.5,15.6,14.27,288506.0,星期四,0.0175,0.069
2015-10-21,15.39,14.25,15.83,13.91,382293.0,星期三,-0.0039,-0.0741
2015-10-20,14.47,15.45,15.51,14.47,292767.0,星期二,0.0,0.0677
2015-10-19,14.4,14.47,15.12,14.11,281642.0,星期一,0.0007,0.0049
2015-10-16,13.58,14.39,14.89,13.58,335070.0,星期五,0.0015,0.0596
2015-10-15,13.14,13.56,13.6,13.08,185914.0,星期四,0.0,0.032
2015-10-14,13.59,13.14,13.77,13.13,226468.0,星期三,-0.0116,-0.0331
2015-10-13,13.0,13.75,13.94,12.83,342523.0,星期二,-0.0091,0.0577
2015-10-12,12.54,13.12,13.19,12.38,306614.0,星期一,0.0024,0.0463
2015-10-09,12.47,12.51,12.8,12.3,240384.0,星期五,0.0,0.0032
2015-10-08,12.15,12.47,12.67,12.0,257887.0,星期四,0.0262,0.0263
2015-09-30,12.0,11.84,12.32,11.75,278898.0,星期三,0.0033,-0.0133
2015-09-29,11.01,11.96,12.33,10.85,331695.0,星期二,-0.0178,0.0863
2015-09-28,11.1,11.21,11.25,10.74,96198.0,星期一,0.0091,0.0099
2015-09-25,11.5,11.0,11.66,10.89,149962.0,星期五,-0.0061,-0.0435
2015-09-24,11.49,11.57,11.68,11.41,127649.0,星期四,0.0017,0.007
2015-09-23,11.61,11.47,11.93,11.35,175082.0,星期三,-0.0268,-0.0121
2015-09-22,12.0,11.93,12.19,11.81,211619.0,星期二,0.005,-0.0058
2015-09-21,11.3,11.94,12.04,11.2,180937.0,星期一,-0.03,0.0566
2015-09-18,11.62,11.65,11.95,11.2,176060.0,星期五,0.0061,0.0026
2015-09-17,11.6,11.55,12.75,11.43,319419.0,星期四,-0.0153,-0.0043
2015-09-16,10.77,11.78,11.81,10.51,223699.0,星期三,0.0028,0.0938
2015-09-15,11.06,10.74,11.52,10.74,218129.0,星期二,-0.0729,-0.0289
2015-09-14,13.23,11.93,13.75,11.93,306485.0,星期一,-0.0023,-0.0983
2015-09-11,12.8,13.26,13.55,12.8,281518.0,星期五,-0.0131,0.0359
2015-09-10,13.21,12.97,13.59,12.81,323514.0,星期四,-0.0428,-0.0182
2015-09-09,12.65,13.8,13.8,12.65,461060.0,星期三,0.004,0.0909
2015-09-08,12.3,12.6,13.0,11.5,329711.0,星期二,-0.0184,0.0244
2015-09-07,12.0,12.53,12.67,11.61,426179.0,星期一,0.0372,0.0442
2015-09-02,11.57,11.57,13.22,11.57,349944.0,星期三,-0.0996,0.0
2015-09-01,13.21,12.85,13.6,12.85,303785.0,星期二,-0.0749,-0.0273
2015-08-31,15.73,14.28,16.37,14.19,557218.0,星期一,0.0,-0.0922
2015-08-28,14.5,15.73,15.73,13.58,540946.0,星期五,0.014,0.0848
2015-08-27,15.75,14.3,16.22,14.24,567101.0,星期四,-0.0044,-0.0921
2015-08-26,18.0,15.82,18.33,15.82,689075.0,星期三,0.0239,-0.1211
2015-08-25,17.66,17.58,18.53,17.58,319777.0,星期二,-0.0958,-0.0045
2015-08-24,20.5,19.53,22.44,19.53,596938.0,星期一,-0.0553,-0.0473
2015-08-21,19.93,21.7,22.8,19.21,659254.0,星期五,-0.051,0.0888
2015-08-20,21.2,21.0,22.31,20.11,681762.0,星期四,0.0387,-0.0094
2015-08-19,17.9,20.41,20.41,17.88,484425.0,星期三,-0.035,0.1402
2015-08-18,20.29,18.55,21.39,18.33,572318.0,星期二,-0.0005,-0.0858
2015-08-17,19.51,20.3,20.92,19.05,518960.0,星期一,-0.0166,0.0405
2015-08-14,18.28,19.84,19.84,17.94,479908.0,星期五,0.0133,0.0853
2015-08-13,17.31,18.04,18.05,17.23,221016.0,星期四,-0.0114,0.0422
2015-08-12,18.3,17.51,18.3,17.5,278909.0,星期三,-0.0065,-0.0432
2015-08-11,18.5,18.42,19.48,18.0,428209.0,星期二,-0.0133,-0.0043
2015-08-10,18.0,18.75,19.0,17.99,458761.0,星期一,0.0084,0.0417
2015-08-07,17.83,17.85,18.44,17.04,436658.0,星期五,0.0006,0.0011
2015-08-06,16.9,17.82,18.55,16.67,501200.0,星期四,-0.0259,0.0544
2015-08-05,16.45,17.35,18.01,16.3,535657.0,星期三,-0.0084,0.0547
2015-08-04,14.7,16.59,16.68,14.28,408963.0,星期二,-0.0417,0.1286
2015-08-03,17.14,15.34,17.8,15.34,556825.0,星期一,0.0059,-0.105
2015-07-31,16.42,17.04,17.04,16.18,635842.0,星期五,0.0594,0.0378
2015-07-30,15.9,15.5,17.25,15.3,441419.0,星期四,0.0057,-0.0252
2015-07-29,14.85,15.81,15.86,13.9,306886.0,星期三,0.0298,0.0646
2015-07-28,14.42,14.42,16.07,14.42,425065.0,星期二,-0.0999,0.0
2015-07-27,17.0,16.02,18.08,16.02,307907.0,星期一,-0.0449,-0.0576
2015-07-24,17.1,17.8,18.67,16.8,584478.0,星期五,0.0077,0.0409
2015-07-23,15.52,16.97,16.97,15.28,409054.0,星期四,0.0058,0.0934
2015-07-22,14.88,15.43,15.7,14.62,283754.0,星期三,-0.002,0.037
2015-07-21,14.1,14.91,15.3,13.84,256918.0,星期二,-0.0235,0.0574
2015-07-20,13.96,14.44,14.81,13.71,262880.0,星期一,0.0,0.0344
2015-07-17,12.93,13.96,14.25,12.93,209509.0,星期五,-0.0054,0.0797
2015-07-16,11.9,13.0,13.75,11.9,203759.0,星期四,-0.0971,0.0924
2015-07-15,14.0,13.18,14.32,13.18,206247.0,星期三,-0.0437,-0.0586
2015-07-14,14.45,14.64,15.13,13.75,402090.0,星期二,0.0509,0.0131
2015-07-13,13.55,13.75,13.75,13.0,229726.0,星期一,0.084,0.0148
2015-07-10,11.76,12.5,12.5,11.56,192736.0,星期五,0.0352,0.0629
2015-07-09,9.31,11.36,11.36,9.31,414696.0,星期四,-0.0987,0.2202
2015-07-08,10.33,10.33,10.33,10.33,68082.0,星期三,-0.1002,0.0
2015-07-07,11.48,11.48,11.79,11.48,57106.0,星期二,-0.1003,0.0
2015-07-06,15.5,12.76,15.5,12.76,242747.0,星期一,0.0931,-0.1768
2015-07-03,14.3,14.18,15.95,14.18,176789.0,星期五,-0.0926,-0.0084
2015-07-02,16.99,15.76,16.99,15.76,190199.0,星期四,-0.0297,-0.0724
2015-07-01,19.2,17.51,19.84,17.51,189192.0,星期三,-0.0129,-0.088
2015-06-30,17.9,19.45,20.0,17.21,212784.0,星期二,-0.0638,0.0866
2015-06-29,21.45,19.12,21.79,19.12,141958.0,星期一,0.0099,-0.1086
2015-06-26,22.01,21.24,22.54,21.24,127789.0,星期五,-0.0674,-0.035
2015-06-25,22.46,23.6,24.7,21.65,247581.0,星期四,0.0,0.0508
2015-06-24,22.3,22.46,22.98,21.61,142577.0,星期三,0.009,0.0072
2015-06-23,22.22,22.1,23.21,20.47,139519.0,星期二,-0.0229,-0.0054
2015-06-19,24.42,22.74,24.99,22.74,126152.0,星期五,-0.0336,-0.0688
2015-06-18,26.19,25.27,27.1,25.0,124630.0,星期四,0.0038,-0.0351
2015-06-17,25.61,26.09,26.43,23.8,147172.0,星期三,0.0004,0.0187
2015-06-16,27.54,25.6,27.54,25.31,154171.0,星期二,-0.0199,-0.0704
2015-06-15,28.81,28.1,29.5,27.99,166006.0,星期一,0.0007,-0.0246
2015-06-12,29.6,28.79,29.93,28.7,239451.0,星期五,-0.0087,-0.0274
2015-06-11,27.14,29.86,30.05,27.11,269629.0,星期四,-0.0099,0.1002
2015-06-10,26.41,27.41,28.27,25.94,193558.0,星期三,-0.0109,0.0379
2015-06-09,26.59,26.7,27.66,26.35,147195.0,星期二,0.0,0.0041
2015-06-08,27.54,26.59,27.58,26.0,175167.0,星期一,-0.004,-0.0345
2015-06-05,27.64,27.65,28.49,26.9,229853.0,星期五,0.0113,0.0004
2015-06-04,28.17,27.33,28.17,25.38,229549.0,星期四,-0.0011,-0.0298
2015-06-03,27.69,28.2,29.28,27.13,397907.0,星期三,0.0,0.0184
2015-06-02,24.88,27.69,27.7,24.5,409960.0,星期二,-0.0119,0.1129
2015-06-01,23.25,25.18,25.25,23.25,260061.0,星期一,0.0061,0.083
2015-05-29,21.95,23.11,24.15,21.28,285214.0,星期五,0.0,0.0528
2015-05-28,23.99,21.95,24.5,21.9,260815.0,星期四,0.0261,-0.085
2015-05-27,23.7,23.38,23.88,22.75,204391.0,星期三,0.0004,-0.0135
2015-05-26,22.54,23.69,23.92,22.41,306587.0,星期二,0.0,0.051
2015-05-25,22.1,22.54,23.45,21.4,351231.0,星期一,-0.0191,0.0199
2015-05-22,22.62,22.53,23.24,21.45,324921.0,星期五,0.0536,-0.004
2015-05-21,20.61,21.47,21.57,20.51,190479.0,星期四,-0.0063,0.0417
2015-05-20,20.1,20.74,21.16,19.86,209042.0,星期三,-0.0035,0.0318
2015-05-19,19.7,20.17,20.3,19.5,138168.0,星期二,0.002,0.0239
2015-05-18,19.24,19.66,20.07,19.24,118292.0,星期一,-0.0179,0.0218
2015-05-15,20.31,19.59,20.37,19.5,156534.0,星期五,-0.0184,-0.0355
2015-05-14,21.5,20.69,21.86,20.0,308701.0,星期四,0.0075,-0.0377
2015-05-13,19.99,21.34,21.34,19.64,185169.0,星期三,0.0304,0.0675
2015-05-12,19.67,19.4,19.67,19.18,133199.0,星期二,-0.0005,-0.0137
2015-05-11,19.5,19.68,19.68,19.02,181560.0,星期一,0.0135,0.0092
2015-05-08,18.35,19.24,19.28,18.35,172289.0,星期五,0.0033,0.0485
2015-05-07,18.17,18.29,18.66,17.9,83869.0,星期四,-0.0016,0.0066
2015-05-06,18.08,18.2,18.8,18.08,109123.0,星期三,-0.0006,0.0066
2015-05-05,18.05,18.09,18.49,17.98,96235.0,星期二,-0.0017,0.0022
2015-05-04,18.29,18.08,18.3,17.6,59655.0,星期一,-0.0005,-0.0115
2015-04-30,18.17,18.3,18.5,18.01,80481.0,星期四,0.0,0.0072
2015-04-29,17.81,18.17,18.3,17.75,68551.0,星期三,-0.0089,0.0202
2015-04-28,18.89,17.97,18.91,17.7,116313.0,星期二,0.0005,-0.0487
2015-04-27,19.3,18.88,19.8,18.83,149432.0,星期一,0.0212,-0.0218
2015-04-24,18.76,18.9,18.94,18.55,112032.0,星期五,-0.0157,0.0075
2015-04-23,18.75,19.06,19.18,18.54,162201.0,星期四,0.0021,0.0165
2015-04-22,18.54,18.71,18.92,18.5,192922.0,星期三,0.0016,0.0092
2015-04-21,18.29,18.51,18.74,18.07,143593.0,星期二,0.0,0.012
2015-04-20,19.42,18.29,19.46,17.63,144569.0,星期一,-0.0056,-0.0582
2015-04-17,19.78,19.53,19.81,19.33,126221.0,星期五,-0.006,-0.0126
2015-04-16,19.8,19.9,20.0,19.0,136926.0,星期四,-0.0075,0.0051
2015-04-15,19.72,19.95,20.58,19.0,232120.0,星期三,-0.008,0.0117
2015-04-14,19.64,19.88,20.39,19.35,179737.0,星期二,-0.0066,0.0122
2015-04-13,19.48,19.77,19.88,19.11,171069.0,星期一,-0.0056,0.0149
2015-04-10,19.19,19.59,19.8,19.03,156852.0,星期五,-0.0005,0.0208
2015-04-09,19.39,19.2,19.39,18.64,125189.0,星期四,-0.0015,-0.0098
2015-04-08,19.73,19.42,19.87,18.81,178151.0,星期三,0.0,-0.0157
2015-04-07,19.99,19.73,20.08,19.28,235027.0,星期二,-0.004,-0.013
2015-04-03,18.2,20.07,20.09,17.91,380468.0,星期五,-0.0033,0.1027
2015-04-02,17.99,18.26,18.57,17.78,151649.0,星期四,0.0028,0.015
2015-04-01,17.68,17.94,17.95,17.5,102544.0,星期三,0.0023,0.0147
2015-03-31,17.75,17.64,18.0,17.59,92279.0,星期二,-0.0028,-0.0062
2015-03-30,18.38,17.8,18.38,17.66,114215.0,星期一,0.0166,-0.0316
2015-03-27,17.98,18.08,18.17,17.76,76913.0,星期五,-0.005,0.0056
2015-03-26,18.41,18.07,18.41,17.75,85766.0,星期四,-0.0016,-0.0185
2015-03-25,18.3,18.44,18.68,18.2,100216.0,星期三,-0.0119,0.0077
2015-03-24,18.41,18.52,18.97,18.0,162263.0,星期二,-0.0249,0.006
2015-03-23,17.76,18.88,19.0,17.56,257287.0,星期一,0.0017,0.0631
2015-03-20,17.65,17.73,17.85,17.47,116087.0,星期五,-0.0011,0.0045
2015-03-19,17.61,17.67,17.79,17.38,136427.0,星期四,-0.0112,0.0034
2015-03-18,17.3,17.81,17.85,17.2,243056.0,星期三,-0.0248,0.0295
2015-03-17,18.19,17.74,18.19,17.55,491075.0,星期二,0.0998,-0.0247
2015-03-16,16.18,16.54,16.68,16.01,64670.0,星期一,-0.0012,0.0222
2015-03-13,16.01,16.2,16.27,15.71,67694.0,星期五,-0.0117,0.0119
2015-03-12,16.8,16.2,17.18,16.07,129368.0,星期四,-0.0018,-0.0357
2015-03-11,16.3,16.83,16.88,16.0,115098.0,星期三,0.0031,0.0325
2015-03-10,16.27,16.25,16.48,16.08,54247.0,星期二,0.0,-0.0012
2015-03-09,15.86,16.27,16.48,15.61,72965.0,星期一,-0.0069,0.0259
2015-03-06,16.38,15.97,16.59,15.66,66111.0,星期五,0.0,-0.025
2015-03-05,16.75,16.38,16.91,16.33,139826.0,星期四,0.0,-0.0221
2015-03-04,16.58,16.75,16.76,16.33,126166.0,星期三,0.0,0.0103
2015-03-03,16.0,16.58,17.2,15.72,246681.0,星期二,-0.0068,0.0362
2015-03-02,14.82,16.11,16.28,14.72,237029.0,星期一,0.0014,0.087
2015-02-27,14.41,14.8,14.96,14.38,77954.0,星期五,-0.0041,0.0271
2015-02-26,14.23,14.47,14.5,14.15,39516.0,星期四,-0.0014,0.0169
2015-02-25,14.16,14.25,14.36,14.15,23146.0,星期三,-0.007,0.0064
2015-02-17,14.17,14.26,14.36,14.13,39567.0,星期二,0.0014,0.0064
2015-02-16,14.08,14.15,14.21,14.06,29634.0,星期一,-0.0014,0.005
2015-02-13,14.0,14.1,14.18,13.93,52096.0,星期五,0.0,0.0071
2015-02-12,13.85,14.0,14.15,13.85,31194.0,星期四,-0.0072,0.0108
2015-02-11,14.06,13.95,14.06,13.65,38881.0,星期三,0.013,-0.0078
2015-02-10,13.84,13.88,13.95,13.77,22050.0,星期二,-0.0007,0.0029
2015-02-09,14.01,13.85,14.1,13.49,53777.0,星期一,0.0007,-0.0114
2015-02-06,14.27,14.0,14.46,14.0,43263.0,星期五,0.0007,-0.0189
2015-02-05,14.95,14.26,14.97,14.0,79353.0,星期四,0.0067,-0.0462
2015-02-04,14.85,14.85,15.05,14.75,79886.0,星期三,0.0,0.0
2015-02-03,14.85,14.85,15.0,14.81,66621.0,星期二,0.0,0.0
2015-02-02,15.1,14.85,15.1,14.8,46534.0,星期一,-0.0092,-0.0166
2015-01-30,15.35,15.24,15.45,15.13,57266.0,星期五,-0.002,-0.0072
2015-01-29,15.31,15.38,15.53,15.09,69112.0,星期四,-0.0058,0.0046
2015-01-28,15.29,15.4,15.52,15.18,116552.0,星期三,0.0,0.0072
2015-01-27,15.5,15.29,15.5,15.06,92521.0,星期二,0.0111,-0.0135
2015-01-26,15.32,15.33,15.65,15.15,90474.0,星期一,-0.0033,0.0007
2015-01-23,15.66,15.37,15.66,15.02,94070.0,星期五,0.0,-0.0185
2015-01-22,15.43,15.66,15.73,15.24,106376.0,星期四,0.0026,0.0149
2015-01-21,15.08,15.39,15.44,14.98,121500.0,星期三,0.0013,0.0206
2015-01-20,14.97,15.06,15.1,14.71,93360.0,星期二,0.006,0.006
2015-01-19,14.65,14.88,14.94,14.11,69794.0,星期一,-0.0227,0.0157
2015-01-16,14.73,14.99,15.24,14.7,74887.0,星期五,-0.0173,0.0177
2015-01-15,15.11,14.99,15.19,14.72,74604.0,星期四,-0.0059,-0.0079
2015-01-14,15.3,15.2,15.7,14.98,149663.0,星期三,-0.0026,-0.0065
2015-01-13,15.16,15.34,15.4,14.81,115709.0,星期二,-0.0046,0.0119
2015-01-12,15.04,15.23,15.29,14.68,128420.0,星期一,-0.0099,0.0126
2015-01-09,13.81,15.19,15.2,13.67,269424.0,星期五,-0.0007,0.0999
2015-01-08,14.18,13.82,14.18,13.69,82643.0,星期四,0.0114,-0.0254
2015-01-07,13.95,14.02,14.25,13.85,113125.0,星期三,-0.0014,0.005
2015-01-06,13.73,13.97,14.06,13.55,117447.0,星期二,-0.0079,0.0175
2015-01-05,13.84,13.84,13.88,13.59,65087.0,星期一,-0.0029,0.0
2014-12-31,13.55,13.88,13.9,13.41,117551.0,星期三,-0.0066,0.0244
2014-12-30,13.63,13.64,13.9,13.35,82413.0,星期二,0.0044,0.0007
2014-12-29,13.96,13.57,13.98,13.45,89581.0,星期一,-0.0029,-0.0279
2014-12-26,13.95,14.0,14.15,13.85,65832.0,星期五,-0.0085,0.0036
2014-12-25,13.83,14.07,14.28,13.81,91252.0,星期四,-0.0086,0.0174
2014-12-24,13.6,13.95,13.99,13.58,72533.0,星期三,-0.0109,0.0257
2014-12-23,13.51,13.75,14.15,13.32,113994.0,星期二,-0.0139,0.0178
2014-12-22,14.7,13.7,14.7,13.28,186049.0,星期一,-0.0034,-0.068
2014-12-19,15.48,14.75,15.48,14.3,135834.0,星期五,-0.0006,-0.0472
2014-12-18,15.55,15.49,15.69,15.32,109544.0,星期四,0.0,-0.0039
2014-12-17,15.72,15.55,15.8,15.22,156243.0,星期三,-0.0088,-0.0108
2014-12-16,16.2,15.86,16.24,15.6,118500.0,星期二,0.0075,-0.021
2014-12-15,16.02,16.08,16.27,16.0,109687.0,星期一,-0.0184,0.0037
2014-12-12,15.38,16.32,16.45,15.3,268481.0,星期五,0.0,0.0611
2014-12-11,15.5,15.38,15.62,15.11,124459.0,星期四,-0.0083,-0.0077
2014-12-10,14.21,15.63,15.63,14.06,301898.0,星期三,0.0,0.0999
2014-12-09,14.53,14.21,14.89,14.2,93904.0,星期二,-0.0116,-0.022
2014-12-08,14.67,14.7,14.92,14.31,92559.0,星期一,-0.0027,0.002
2014-12-05,14.97,14.71,15.0,14.29,144338.0,星期五,0.0007,-0.0174
2014-12-04,14.67,14.96,15.07,14.4,175792.0,星期四,0.0055,0.0198
2014-12-03,14.03,14.59,14.61,14.02,122071.0,星期三,0.0007,0.0399
2014-12-02,13.95,14.02,14.38,13.9,82028.0,星期二,0.0014,0.005
2014-12-01,14.38,13.93,14.38,13.89,96141.0,星期一,-0.0021,-0.0313
2014-11-28,14.85,14.41,14.87,14.38,80628.0,星期五,0.0007,-0.0296
2014-11-27,14.79,14.84,14.94,14.55,84584.0,星期四,-0.0014,0.0034
2014-11-26,14.54,14.81,15.08,14.44,97350.0,星期三,-0.0027,0.0186
2014-11-25,14.47,14.58,14.82,14.41,65062.0,星期二,-0.0069,0.0076
2014-11-24,14.85,14.57,14.93,14.4,67410.0,星期一,0.0061,-0.0189
2014-11-21,14.8,14.76,14.85,14.55,48382.0,星期五,0.0,-0.0027
2014-11-20,14.89,14.8,15.03,14.6,74486.0,星期四,0.0,-0.006
2014-11-19,14.36,14.89,14.89,14.35,124530.0,星期三,-0.0055,0.0369
2014-11-18,14.3,14.44,14.48,14.23,56108.0,星期二,-0.0021,0.0098
2014-11-17,13.9,14.33,14.5,13.89,94017.0,星期一,-0.0043,0.0309
2014-11-14,13.83,13.96,14.09,13.75,51902.0,星期五,-0.0007,0.0094
2014-11-13,14.01,13.84,14.19,13.7,64131.0,星期四,-0.0099,-0.0121
2014-11-12,13.8,14.15,14.19,13.7,56010.0,星期三,-0.0143,0.0254
2014-11-11,14.1,14.0,14.57,13.67,159101.0,星期二,0.0007,-0.0071
2014-11-10,14.04,14.09,14.14,13.75,59804.0,星期一,0.005,0.0036
2014-11-07,14.28,13.97,14.48,13.92,79081.0,星期五,-0.0014,-0.0217
2014-11-06,14.29,14.3,14.59,13.96,109994.0,星期四,-0.0097,0.0007
2014-11-05,14.33,14.43,15.0,14.25,193768.0,星期三,-0.0117,0.007
2014-11-04,13.95,14.5,14.58,13.91,192435.0,星期二,-0.0036,0.0394
2014-11-03,13.72,14.0,14.2,13.61,113547.0,星期一,-0.0029,0.0204
2014-10-31,14.01,13.76,14.3,13.61,134127.0,星期五,-0.005,-0.0178
2014-10-30,13.62,14.08,14.18,13.61,151362.0,星期四,-0.0029,0.0338
2014-10-29,13.57,13.66,13.82,13.35,160745.0,星期三,0.0134,0.0066
2014-10-28,12.92,13.39,13.4,12.91,160476.0,星期二,0.0039,0.0364
2014-10-27,13.1,12.87,13.1,12.73,137713.0,星期一,-0.0061,-0.0176
2014-10-24,12.93,13.18,13.34,12.82,111165.0,星期五,0.0094,0.0193
2014-10-23,12.9,12.81,13.1,12.77,91834.0,星期四,-0.0054,-0.007
2014-10-22,12.61,12.97,13.07,12.49,97856.0,星期三,-0.0008,0.0285
2014-10-21,12.65,12.62,12.89,12.54,62284.0,星期二,-0.0024,-0.0024
2014-10-20,12.63,12.68,12.75,12.49,66355.0,星期一,0.0024,0.004
2014-10-17,12.81,12.6,12.93,12.37,100595.0,星期五,0.0008,-0.0164
2014-10-16,12.85,12.8,13.03,12.68,97032.0,星期四,-0.0062,-0.0039
2014-10-15,13.35,12.93,13.46,12.87,126233.0,星期三,-0.0022,-0.0315
2014-10-14,13.22,13.38,13.74,13.06,146958.0,星期二,-0.0045,0.0121
2014-10-13,12.89,13.28,13.35,12.76,158372.0,星期一,-0.0031,0.0303
2014-10-10,12.8,12.93,12.99,12.7,109422.0,星期五,-0.0085,0.0102
2014-10-09,12.96,12.91,13.05,12.75,128004.0,星期四,0.0,-0.0039
2014-10-08,12.9,12.96,13.05,12.71,147263.0,星期三,0.0031,0.0047
2014-09-30,12.55,12.86,13.03,12.32,207543.0,星期二,0.0,0.0247
2014-09-29,12.05,12.55,12.97,11.88,246758.0,星期一,0.0067,0.0415
2014-09-26,11.69,11.97,12.04,11.53,167932.0,星期五,0.0095,0.024
2014-09-25,11.5,11.58,11.79,11.47,115223.0,星期四,-0.0035,0.007
2014-09-24,11.45,11.54,11.6,11.41,88246.0,星期三,-0.0026,0.0079
2014-09-23,11.33,11.48,11.58,11.26,84434.0,星期二,-0.0035,0.0132
2014-09-22,11.31,11.37,11.55,11.25,121530.0,星期一,-0.0044,0.0053
2014-09-19,10.92,11.36,11.44,10.87,151611.0,星期五,0.0,0.0403
2014-09-18,10.85,10.92,10.94,10.79,49553.0,星期四,-0.0028,0.0065
2014-09-17,10.86,10.88,10.9,10.71,59469.0,星期三,0.0046,0.0018
2014-09-16,11.24,10.81,11.32,10.78,95091.0,星期二,0.0,-0.0383
2014-09-15,11.21,11.24,11.32,11.14,71982.0,星期一,-0.0009,0.0027
2014-09-12,11.16,11.22,11.28,10.98,85982.0,星期五,-0.0018,0.0054
2014-09-11,11.1,11.18,11.24,11.02,108220.0,星期四,0.0036,0.0072
2014-09-10,10.97,11.06,11.07,10.88,76748.0,星期三,-0.0036,0.0082
2014-09-09,10.84,11.01,11.11,10.84,87896.0,星期二,-0.0082,0.0157
2014-09-05,11.03,10.93,11.04,10.78,93963.0,星期五,0.0018,-0.0091
2014-09-04,11.09,11.01,11.1,10.87,89686.0,星期四,0.0073,-0.0072
2014-09-03,10.82,11.01,11.05,10.74,123323.0,星期三,0.0028,0.0176
2014-09-02,10.65,10.79,10.81,10.58,89233.0,星期二,0.0028,0.0131
2014-09-01,10.57,10.62,10.65,10.44,69305.0,星期一,0.0038,0.0047
2014-08-29,10.44,10.53,10.57,10.41,47566.0,星期五,0.0,0.0086
2014-08-28,10.52,10.44,10.54,10.38,60367.0,星期四,0.0048,-0.0076
2014-08-27,10.42,10.47,10.56,10.37,78561.0,星期三,-0.0133,0.0048
2014-08-26,11.1,10.56,11.1,10.26,242131.0,星期二,-0.0177,-0.0486
2014-08-25,11.85,11.3,11.95,11.2,170609.0,星期一,0.0242,-0.0464
2014-08-22,11.55,11.57,11.61,11.4,122893.0,星期五,0.0026,0.0017
2014-08-21,11.21,11.52,11.65,11.16,210932.0,星期四,-0.0027,0.0277
2014-08-20,11.42,11.24,11.44,11.15,86595.0,星期三,-0.0026,-0.0158
2014-08-19,11.3,11.45,11.5,11.21,127921.0,星期二,-0.0053,0.0133
2014-08-18,11.26,11.36,11.44,11.16,126233.0,星期一,-0.0053,0.0089
2014-08-15,11.21,11.32,11.52,11.13,131851.0,星期五,-0.0062,0.0098
2014-08-14,11.34,11.28,11.68,11.27,180822.0,星期四,-0.0087,-0.0053
2014-08-13,11.24,11.44,11.51,11.0,190723.0,星期三,0.0009,0.0178
2014-08-12,11.21,11.23,11.29,11.09,123993.0,星期二,-0.008,0.0018
2014-08-11,10.91,11.3,11.3,10.91,164720.0,星期一,-0.0055,0.0357
2014-08-08,11.07,10.97,11.22,10.83,129617.0,星期五,0.0269,-0.009
2014-08-07,11.11,10.78,11.3,10.77,220369.0,星期四,0.023,-0.0297
2014-08-06,10.58,10.86,10.96,10.53,121428.0,星期三,-0.0028,0.0265
2014-08-05,10.68,10.61,10.83,10.5,94060.0,星期二,-0.0009,-0.0066
2014-08-04,10.41,10.69,10.69,10.38,80603.0,星期一,-0.001,0.0269
2014-08-01,10.61,10.42,10.78,10.39,95845.0,星期五,-0.013,-0.0179
2014-07-31,10.68,10.75,11.08,10.55,129811.0,星期四,0.0047,0.0066
2014-07-30,10.6,10.63,10.78,10.48,102177.0,星期三,-0.0084,0.0028
2014-07-29,10.44,10.69,10.77,10.38,126121.0,星期二,-0.0057,0.0239
2014-07-28,10.37,10.5,10.66,10.31,118209.0,星期一,0.0058,0.0125
2014-07-25,10.13,10.31,10.4,10.12,60884.0,星期五,0.001,0.0178
2014-07-24,10.25,10.12,10.34,9.99,57850.0,星期四,0.0,-0.0127
2014-07-23,10.39,10.25,10.49,10.2,64705.0,星期三,0.0,-0.0135
2014-07-22,10.31,10.39,10.43,10.22,91302.0,星期二,-0.0019,0.0078
2014-07-21,10.43,10.33,10.55,10.26,82814.0,星期一,-0.0057,-0.0096
2014-07-18,10.12,10.49,10.65,10.12,177684.0,星期五,-0.0078,0.0366
2014-07-17,10.06,10.2,10.23,9.95,58177.0,星期四,-0.003,0.0139
2014-07-16,10.2,10.09,10.24,9.96,56802.0,星期三,-0.0029,-0.0108
2014-07-15,10.1,10.23,10.43,10.02,96193.0,星期二,-0.0079,0.0129
2014-07-14,9.9,10.18,10.29,9.83,98515.0,星期一,0.001,0.0283
2014-07-11,9.71,9.89,10.07,9.7,67349.0,星期五,-0.0172,0.0185
2014-07-10,9.77,9.88,10.05,9.76,40150.0,星期四,-0.002,0.0113
2014-07-09,9.97,9.79,10.02,9.78,39065.0,星期三,-0.002,-0.0181
2014-07-08,9.9,9.99,10.06,9.82,37051.0,星期二,-0.004,0.0091
2014-07-07,9.95,9.94,10.08,9.84,30408.0,星期一,0.0,-0.001
2014-07-04,10.06,9.95,10.12,9.95,58597.0,星期五,-0.0098,-0.0109
2014-07-03,9.9,10.16,10.3,9.82,110864.0,星期四,0.0,0.0263
2014-07-02,9.92,9.9,10.1,9.8,50641.0,星期三,0.0,-0.002
2014-07-01,9.9,9.92,10.19,9.83,61473.0,星期二,-0.001,0.002
2014-06-30,9.93,9.91,9.99,9.68,84319.0,星期一,-0.0149,-0.002
2014-06-27,9.74,10.08,10.5,9.7,187310.0,星期五,0.0199,0.0349
2014-06-26,9.39,9.55,9.89,9.35,72254.0,星期四,0.0064,0.017
2014-06-25,9.43,9.33,9.43,9.31,21872.0,星期三,-0.0053,-0.0106
2014-06-24,9.32,9.48,9.55,9.26,35588.0,星期二,0.0,0.0172
2014-06-23,9.26,9.32,9.36,9.21,17368.0,星期一,-0.0032,0.0065
2014-06-20,9.2,9.29,9.38,9.2,20010.0,星期五,0.0,0.0098
2014-06-19,9.48,9.2,9.51,9.18,33917.0,星期四,-0.0011,-0.0295
2014-06-18,9.62,9.49,9.65,9.47,32911.0,星期三,-0.001,-0.0135
2014-06-17,9.72,9.63,9.79,9.62,26033.0,星期二,-0.0021,-0.0093
2014-06-16,9.7,9.74,9.81,9.68,34520.0,星期一,-0.001,0.0041
2014-06-13,9.68,9.71,9.75,9.64,33541.0,星期五,-0.0021,0.0031
2014-06-12,9.56,9.7,9.77,9.56,50772.0,星期四,-0.001,0.0146
2014-06-11,9.56,9.57,9.59,9.49,20561.0,星期三,-0.001,0.001
2014-06-10,9.52,9.57,9.58,9.44,21900.0,星期二,-0.001,0.0053
2014-06-09,9.49,9.53,9.59,9.41,21845.0,星期一,0.0,0.0042
2014-06-06,9.62,9.49,9.62,9.44,27369.0,星期五,-0.001,-0.0135
2014-06-05,9.54,9.63,9.63,9.45,22667.0,星期四,-0.001,0.0094
2014-06-04,9.68,9.55,9.72,9.43,31401.0,星期三,-0.0051,-0.0134
2014-06-03,9.84,9.73,9.91,9.71,37228.0,星期二,-0.004,-0.0112
2014-05-30,9.8,9.88,10.08,9.75,66244.0,星期五,-0.0031,0.0082
2014-05-29,9.75,9.83,9.92,9.69,62149.0,星期四,0.0,0.0082
2014-05-28,9.66,9.75,9.77,9.62,45110.0,星期三,-0.0102,0.0093
2014-05-27,9.59,9.76,10.0,9.49,78070.0,星期二,0.0,0.0177
2014-05-26,9.5,9.59,9.61,9.48,25499.0,星期一,0.0032,0.0095
2014-05-23,9.44,9.47,9.48,9.38,18396.0,星期五,0.0,0.0032
2014-05-22,9.45,9.44,9.57,9.42,22867.0,星期四,-0.0042,-0.0011
2014-05-21,9.4,9.49,9.52,9.26,22924.0,星期三,-0.0021,0.0096
2014-05-20,9.46,9.42,9.53,9.4,19863.0,星期二,0.0021,-0.0042
2014-05-19,9.6,9.44,9.6,9.33,27006.0,星期一,-0.001,-0.0167
2014-05-16,9.58,9.61,9.64,9.52,22909.0,星期五,-0.0031,0.0031
2014-05-15,9.82,9.61,9.82,9.6,32821.0,星期四,0.001,-0.0214
2014-05-14,9.81,9.81,9.86,9.76,24135.0,星期三,-0.003,0.0
2014-05-13,9.9,9.84,10.1,9.82,42428.0,星期二,0.0041,-0.0061
2014-05-12,9.65,9.86,9.9,9.63,52857.0,星期一,0.0063,0.0218
2014-05-09,9.64,9.59,9.73,9.51,27353.0,星期五,-0.001,-0.0052
2014-05-08,9.61,9.65,9.77,9.6,26945.0,星期四,-0.0021,0.0042
2014-05-07,9.8,9.63,9.81,9.62,36213.0,星期三,-0.0081,-0.0173
2014-05-06,9.73,9.88,9.91,9.73,41856.0,星期二,-0.0031,0.0154
2014-05-05,9.87,9.76,9.87,9.61,47105.0,星期一,0.0,-0.0111
2014-04-30,9.9,9.87,9.93,9.75,39082.0,星期三,-0.004,-0.003
2014-04-29,9.74,9.94,9.99,9.71,43998.0,星期二,-0.002,0.0205
2014-04-28,10.14,9.76,10.27,9.76,74118.0,星期一,-0.0136,-0.0375
2014-04-25,10.75,10.28,10.88,10.25,79873.0,星期五,-0.0065,-0.0437
2014-04-24,10.7,10.82,10.99,10.65,62411.0,星期四,-0.0037,0.0112
2014-04-23,10.68,10.74,10.89,10.62,58737.0,星期三,-0.0037,0.0056
2014-04-22,10.83,10.72,11.02,10.54,71976.0,星期二,-0.0009,-0.0102
2014-04-21,10.95,10.84,11.29,10.79,98131.0,星期一,-0.009,-0.01
2014-04-18,10.96,11.05,11.12,10.85,84506.0,星期五,-0.0063,0.0082
2014-04-17,11.2,11.03,11.31,10.95,158669.0,星期四,-0.0132,-0.0152
2014-04-16,10.89,11.35,11.47,10.77,342312.0,星期三,-0.0303,0.0422
2014-04-15,10.43,11.23,11.48,10.35,393719.0,星期二,-0.001,0.0767
2014-04-14,10.28,10.44,10.45,10.25,59148.0,星期一,0.0,0.0156
2014-04-11,10.31,10.28,10.36,10.25,23549.0,星期五,-0.001,-0.0029
2014-04-10,10.35,10.32,10.37,10.28,38103.0,星期四,0.0,-0.0029
2014-04-09,10.32,10.35,10.44,10.28,41466.0,星期三,0.0,0.0029
2014-04-08,10.23,10.32,10.33,10.19,35242.0,星期二,-0.0039,0.0088
2014-04-04,10.13,10.27,10.3,10.09,30617.0,星期五,-0.001,0.0138
2014-04-03,10.12,10.14,10.21,10.12,20229.0,星期四,-0.001,0.002
2014-04-02,10.16,10.13,10.18,10.11,18711.0,星期三,0.0,-0.003
2014-04-01,10.09,10.16,10.17,10.03,16980.0,星期二,0.0,0.0069
2014-03-31,10.06,10.09,10.21,10.02,18602.0,星期一,0.0,0.003
2014-03-28,10.15,10.06,10.19,10.02,26822.0,星期五,0.0,-0.0089
2014-03-27,10.4,10.15,10.4,10.15,36552.0,星期四,0.0,-0.024
2014-03-26,10.3,10.4,10.4,10.22,36379.0,星期三,0.0,0.0097
2014-03-25,10.3,10.3,10.33,10.22,28885.0,星期二,0.0029,0.0
2014-03-24,10.2,10.27,10.31,10.15,38465.0,星期一,-0.002,0.0069
2014-03-21,10.01,10.22,10.24,9.95,34506.0,星期五,-0.004,0.021
2014-03-20,10.21,10.05,10.27,10.05,22481.0,星期四,-0.001,-0.0157
2014-03-19,10.27,10.22,10.3,10.11,19422.0,星期三,0.0,-0.0049
2014-03-18,10.22,10.27,10.39,10.21,35807.0,星期二,0.0,0.0049
2014-03-17,10.12,10.22,10.22,10.06,19262.0,星期一,0.0,0.0099
2014-03-14,10.2,10.12,10.27,10.07,27932.0,星期五,-0.0126,-0.0078
2014-03-13,10.08,10.33,10.41,10.03,56380.0,星期四,0.0,0.0248
2014-03-12,10.05,10.08,10.09,9.9,18064.0,星期三,-0.001,0.003
2014-03-11,9.98,10.06,10.07,9.95,20570.0,星期二,-0.006,0.008
2014-03-10,10.19,10.04,10.19,9.98,29521.0,星期一,-0.0088,-0.0147
2014-03-07,10.36,10.28,10.41,10.23,25286.0,星期五,0.0,-0.0077
2014-03-06,10.34,10.36,10.38,10.15,28105.0,星期四,0.001,0.0019
2014-03-05,10.44,10.33,10.52,10.33,34486.0,星期三,-0.0038,-0.0105
2014-03-04,10.3,10.48,10.54,10.16,54847.0,星期二,-0.0048,0.0175
2014-03-03,10.19,10.35,10.42,10.13,42624.0,星期一,-0.001,0.0157
2014-02-28,10.21,10.2,10.27,10.07,27654.0,星期五,0.0059,-0.001
2014-02-27,10.26,10.15,10.38,10.11,22195.0,星期四,-0.001,-0.0107
2014-02-26,10.11,10.27,10.29,10.06,25865.0,星期三,0.0,0.0158
2014-02-25,10.44,10.11,10.53,10.08,35177.0,星期二,0.0,-0.0316
2014-02-24,10.57,10.44,10.57,10.27,31618.0,星期一,-0.0038,-0.0123
2014-02-21,10.69,10.61,10.77,10.51,27895.0,星期五,0.0,-0.0075
2014-02-20,10.83,10.69,10.97,10.64,39303.0,星期四,-0.0064,-0.0129
2014-02-19,10.85,10.9,11.02,10.84,42842.0,星期三,-0.0046,0.0046
2014-02-18,11.05,10.9,11.05,10.84,47679.0,星期二,0.0027,-0.0136
2014-02-17,10.87,11.02,11.14,10.82,77391.0,星期一,0.0065,0.0138
2014-02-14,10.63,10.8,10.82,10.61,41318.0,星期五,0.0009,0.016
2014-02-13,10.8,10.62,10.84,10.61,38256.0,星期四,0.0009,-0.0167
2014-02-12,10.78,10.79,10.82,10.63,37696.0,星期三,0.0056,0.0009
2014-02-11,10.77,10.72,10.86,10.62,48649.0,星期二,0.0,-0.0046
2014-02-10,10.4,10.77,10.85,10.4,71117.0,星期一,0.0039,0.0356
2014-02-07,10.08,10.36,10.47,10.05,27248.0,星期五,-0.004,0.0278
2014-01-30,10.24,10.12,10.26,10.1,12542.0,星期四,0.001,-0.0117
2014-01-29,10.31,10.23,10.31,10.2,13903.0,星期三,0.0118,-0.0078
2014-01-28,10.25,10.19,10.33,10.17,13687.0,星期二,-0.001,-0.0059
2014-01-27,10.33,10.26,10.37,10.25,24238.0,星期一,-0.0048,-0.0068
2014-01-24,10.23,10.38,10.43,10.22,25185.0,星期五,-0.0058,0.0147
2014-01-23,10.27,10.29,10.39,10.25,24781.0,星期四,-0.0029,0.0019
2014-01-22,10.09,10.3,10.34,10.07,23355.0,星期三,-0.003,0.0208
2014-01-21,10.05,10.12,10.18,9.99,16469.0,星期二,0.004,0.007
2014-01-20,10.08,10.01,10.17,9.94,16778.0,星期一,-0.003,-0.0069
2014-01-17,10.36,10.11,10.37,10.1,22543.0,星期五,-0.0067,-0.0241
2014-01-16,10.39,10.43,10.57,10.25,31840.0,星期四,-0.0086,0.0038
2014-01-15,10.11,10.48,10.88,10.01,54330.0,星期三,0.0,0.0366
2014-01-14,10.0,10.11,10.11,9.89,15891.0,星期二,0.0,0.011
2014-01-13,9.95,10.0,10.08,9.8,16324.0,星期一,0.004,0.005
2014-01-10,10.05,9.91,10.1,9.85,20055.0,星期五,-0.002,-0.0139
2014-01-09,10.2,10.07,10.29,10.05,21107.0,星期四,-0.001,-0.0127
2014-01-08,10.4,10.21,10.43,10.17,23717.0,星期三,0.0019,-0.0183
2014-01-07,10.4,10.38,10.45,10.31,14025.0,星期二,0.0,-0.0019
2014-01-06,10.59,10.4,10.6,10.35,26858.0,星期一,0.0,-0.0179
2014-01-03,10.65,10.59,10.72,10.55,16569.0,星期五,0.0,-0.0056
2014-01-02,10.58,10.65,10.69,10.55,16252.0,星期四,-0.0066,0.0066
2013-12-31,10.47,10.65,10.74,10.47,29771.0,星期二,0.001,0.0172
2013-12-30,10.65,10.46,10.7,10.44,17197.0,星期一,0.0124,-0.0178
2013-12-27,10.43,10.52,10.56,10.35,18552.0,星期五,0.0029,0.0086
2013-12-26,10.7,10.4,10.7,10.36,27968.0,星期四,0.0,-0.028
2013-12-25,10.73,10.7,10.79,10.58,22907.0,星期三,0.0009,-0.0028
2013-12-24,10.76,10.72,10.89,10.66,19990.0,星期二,0.0,-0.0037
2013-12-23,10.64,10.76,10.9,10.61,25491.0,星期一,0.0,0.0113
2013-12-20,10.71,10.64,10.77,10.54,18038.0,星期五,0.0,-0.0065
2013-12-19,10.9,10.71,10.94,10.71,15291.0,星期四,0.0046,-0.0174
2013-12-18,10.78,10.85,10.85,10.73,13175.0,星期三,0.0,0.0065
2013-12-17,10.75,10.78,10.85,10.7,14643.0,星期二,0.0,0.0028
2013-12-16,10.9,10.75,10.93,10.71,21750.0,星期一,-0.0037,-0.0138
2013-12-13,10.85,10.94,11.05,10.78,18169.0,星期五,-0.0046,0.0083
2013-12-12,10.85,10.9,10.98,10.82,22545.0,星期四,-0.0046,0.0046
2013-12-11,11.11,10.9,11.13,10.84,35622.0,星期三,-0.0054,-0.0189
2013-12-10,11.19,11.17,11.31,11.15,25853.0,星期二,0.0009,-0.0018
2013-12-09,11.12,11.18,11.32,11.11,32529.0,星期一,0.0,0.0054
2013-12-06,11.18,11.12,11.37,11.1,50957.0,星期五,-0.0158,-0.0054
2013-12-05,10.82,11.36,11.66,10.78,90634.0,星期四,0.0009,0.0499
2013-12-04,10.74,10.81,10.92,10.7,37666.0,星期三,-0.0009,0.0065
2013-12-03,10.59,10.75,10.76,10.52,25310.0,星期二,0.0009,0.0151
2013-12-02,10.99,10.58,10.99,10.48,50549.0,星期一,-0.0126,-0.0373
2013-11-29,11.19,11.13,11.2,11.0,33418.0,星期五,0.0009,-0.0054
2013-11-28,11.06,11.18,11.33,10.98,64000.0,星期四,0.0082,0.0108
2013-11-27,10.88,10.97,10.97,10.81,29368.0,星期三,0.0018,0.0083
2013-11-26,10.84,10.86,10.98,10.83,20726.0,星期二,-0.0055,0.0018
2013-11-25,10.96,10.9,11.04,10.86,23485.0,星期一,-0.0027,-0.0055
2013-11-22,10.99,10.99,11.15,10.95,25848.0,星期五,0.0027,0.0
2013-11-21,11.01,10.96,11.05,10.87,31703.0,星期四,-0.0126,-0.0045
2013-11-20,11.01,11.15,11.24,10.95,48252.0,星期三,0.0,0.0127
2013-11-19,11.0,11.01,11.16,10.93,30643.0,星期二,0.0,0.0009
2013-11-18,10.82,11.0,11.05,10.79,39157.0,星期一,0.0037,0.0166
2013-11-15,10.66,10.78,10.94,10.65,32482.0,星期五,0.0,0.0113
2013-11-14,10.53,10.66,10.66,10.41,18030.0,星期四,-0.0009,0.0123
2013-11-13,10.8,10.54,10.83,10.52,30794.0,星期三,-0.0037,-0.0241
2013-11-12,10.57,10.84,10.96,10.55,33236.0,星期二,0.0,0.0255
2013-11-11,10.5,10.57,10.63,10.41,17514.0,星期一,0.0,0.0067
2013-11-08,10.7,10.5,10.82,10.45,29303.0,星期五,-0.0074,-0.0187
2013-11-07,11.06,10.78,11.09,10.77,27643.0,星期四,0.0,-0.0253
2013-11-06,11.02,11.06,11.19,10.93,35608.0,星期三,-0.0045,0.0036
2013-11-05,10.98,11.07,11.08,10.85,26602.0,星期二,-0.0099,0.0082
2013-11-04,11.07,11.09,11.24,11.04,20554.0,星期一,0.0027,0.0018
2013-11-01,10.93,11.04,11.15,10.85,24191.0,星期五,-0.0073,0.0101
2013-10-31,11.09,11.01,11.28,10.86,32962.0,星期四,0.0018,-0.0072
2013-10-30,10.88,11.07,11.08,10.83,25120.0,星期三,-0.0037,0.0175
2013-10-29,11.38,10.92,11.52,10.66,42232.0,星期二,0.0009,-0.0404
2013-10-28,11.3,11.37,11.51,11.3,22796.0,星期一,0.0018,0.0062
2013-10-25,11.73,11.28,11.79,11.23,53747.0,星期五,0.0017,-0.0384
2013-10-24,11.94,11.71,12.0,11.7,44384.0,星期四,-0.005,-0.0193
2013-10-23,12.2,12.0,12.35,11.9,84035.0,星期三,0.0,-0.0164
2013-10-22,11.86,12.2,12.47,11.83,127061.0,星期二,-0.0067,0.0287
2013-10-21,11.81,11.94,11.95,11.72,42901.0,星期一,-0.0025,0.011
2013-10-18,11.9,11.84,11.9,11.74,26719.0,星期五,0.0128,-0.005
2013-10-17,11.84,11.75,11.89,11.71,32612.0,星期四,0.0077,-0.0076
2013-10-16,12.13,11.75,12.16,11.7,55340.0,星期三,0.0008,-0.0313
2013-10-15,12.19,12.12,12.2,12.05,55275.0,星期二,-0.0041,-0.0057
2013-10-14,12.0,12.24,12.36,12.0,80168.0,星期一,0.0017,0.02
2013-10-11,11.89,11.98,12.03,11.89,36269.0,星期五,0.0008,0.0076
2013-10-10,12.08,11.88,12.09,11.88,47210.0,星期四,0.0,-0.0166
2013-10-09,12.0,12.08,12.1,11.93,33831.0,星期三,-0.0041,0.0067
2013-10-08,11.83,12.05,12.1,11.83,41661.0,星期二,0.0025,0.0186
2013-09-30,11.81,11.8,11.93,11.73,29994.0,星期一,0.0,-0.0008
2013-09-27,11.81,11.81,11.97,11.72,29603.0,星期五,-0.0008,0.0
2013-09-26,12.15,11.82,12.15,11.8,62163.0,星期四,-0.0008,-0.0272
2013-09-25,12.15,12.16,12.22,12.07,48615.0,星期三,0.0016,0.0008
2013-09-24,12.4,12.13,12.44,12.1,71778.0,星期二,0.0049,-0.0218
2013-09-23,12.28,12.34,12.35,12.2,54894.0,星期一,0.0074,0.0049
2013-09-18,12.38,12.19,12.46,12.06,77669.0,星期三,-0.0096,-0.0153
2013-09-17,12.51,12.5,12.86,12.5,97469.0,星期二,-0.0016,-0.0008
2013-09-16,12.69,12.53,12.77,12.48,101126.0,星期一,-0.0086,-0.0126
2013-09-13,12.45,12.8,13.19,12.35,190764.0,星期五,-0.0008,0.0281
2013-09-12,12.65,12.46,12.65,12.41,71405.0,星期四,0.0008,-0.015
2013-09-11,12.49,12.64,12.76,12.39,147278.0,星期三,-0.0008,0.012
2013-09-10,12.35,12.5,12.59,12.3,97332.0,星期二,0.0049,0.0121
2013-09-09,12.2,12.29,12.37,12.19,66483.0,星期一,0.0,0.0074
2013-09-06,12.3,12.2,12.43,12.15,63711.0,星期五,-0.0049,-0.0081
2013-09-05,12.58,12.36,12.58,12.3,108762.0,星期四,-0.004,-0.0175
2013-09-04,12.1,12.63,12.79,12.01,147628.0,星期三,-0.0017,0.0438
2013-09-03,12.03,12.12,12.19,11.98,63363.0,星期二,-0.0025,0.0075
2013-09-02,12.27,12.06,12.27,11.85,70050.0,星期一,-0.0041,-0.0171
2013-08-30,11.97,12.32,12.58,11.88,147866.0,星期五,-0.0075,0.0292
2013-08-29,12.05,12.06,12.23,11.96,47857.0,星期四,-0.0033,0.0008
2013-08-28,12.22,12.09,12.25,11.98,69976.0,星期三,-0.0097,-0.0106
2013-08-27,12.24,12.34,12.44,12.22,56939.0,星期二,0.0008,0.0082
2013-08-26,12.05,12.23,12.25,12.02,49623.0,星期一,0.0042,0.0149
2013-08-23,12.23,12.0,12.41,11.81,65834.0,星期五,0.0049,-0.0188
2013-08-22,12.39,12.17,12.46,12.15,60146.0,星期四,0.0032,-0.0178
2013-08-21,12.53,12.35,12.57,12.3,65481.0,星期三,0.0,-0.0144
2013-08-20,12.6,12.53,12.89,12.45,120292.0,星期二,0.0153,-0.0056
2013-08-19,12.19,12.41,12.46,12.13,66955.0,星期一,-0.0008,0.018
2013-08-16,12.26,12.2,12.66,12.17,74280.0,星期五,-0.0073,-0.0049
2013-08-15,12.67,12.35,12.7,12.34,75213.0,星期四,0.0,-0.0253
2013-08-14,12.8,12.67,12.85,12.6,85633.0,星期三,0.0008,-0.0102
2013-08-13,12.89,12.79,12.96,12.7,113138.0,星期二,-0.0085,-0.0078
2013-08-12,12.51,13.0,13.29,12.37,211288.0,星期一,-0.004,0.0392
2013-08-09,12.27,12.56,12.69,12.15,161746.0,星期五,0.0033,0.0236
2013-08-08,12.26,12.23,12.49,12.18,63692.0,星期四,0.0041,-0.0024
2013-08-07,12.5,12.21,12.5,12.19,78376.0,星期三,0.0008,-0.0232
2013-08-06,12.25,12.49,12.61,12.13,104863.0,星期二,0.0016,0.0196
2013-08-05,12.02,12.23,12.44,12.0,73346.0,星期一,-0.0058,0.0175
2013-08-02,12.05,12.09,12.21,11.95,64972.0,星期五,0.0033,0.0033
2013-08-01,11.85,12.01,12.07,11.84,57048.0,星期四,0.0,0.0135
2013-07-31,11.9,11.85,12.15,11.83,46528.0,星期三,-0.0075,-0.0042
2013-07-30,11.83,11.99,12.19,11.82,65836.0,星期二,0.006,0.0135
2013-07-29,12.03,11.76,12.03,11.73,59483.0,星期一,-0.0131,-0.0224
2013-07-26,12.31,12.19,12.45,12.0,88157.0,星期五,-0.0144,-0.0097
2013-07-25,12.0,12.49,12.6,11.81,164749.0,星期四,-0.0025,0.0408
2013-07-24,12.01,12.03,12.2,11.75,65226.0,星期三,-0.0066,0.0017
2013-07-23,11.78,12.09,12.37,11.73,75695.0,星期二,-0.0017,0.0263
2013-07-22,11.5,11.8,11.82,11.4,42049.0,星期一,-0.0069,0.0261
2013-07-19,11.94,11.58,12.18,11.58,50967.0,星期五,0.0008,-0.0302
2013-07-18,11.92,11.93,12.17,11.8,53414.0,星期四,-0.0091,0.0008
2013-07-17,12.33,12.03,12.45,12.0,86242.0,星期三,-0.0104,-0.0243
2013-07-16,12.43,12.46,12.65,12.22,109251.0,星期二,0.0,0.0024
2013-07-15,11.93,12.43,12.6,11.87,160208.0,星期一,0.0136,0.0419
2013-07-12,11.86,11.77,12.03,11.71,93671.0,星期五,-0.0108,-0.0076
2013-07-11,11.85,11.99,12.27,11.6,178445.0,星期四,0.0094,0.0118
2013-07-10,10.68,11.74,11.8,10.68,119635.0,星期三,-0.0074,0.0993
2013-07-09,10.7,10.76,10.95,10.61,31979.0,星期二,-0.0019,0.0056
2013-07-08,10.99,10.72,11.19,10.5,48140.0,星期一,-0.0187,-0.0246
2013-07-05,11.25,11.2,11.55,11.13,75202.0,星期五,0.0,-0.0044
2013-07-04,10.74,11.25,11.58,10.65,81934.0,星期四,-0.0092,0.0475
2013-07-03,11.0,10.84,11.0,10.67,44970.0,星期三,-0.0036,-0.0145
2013-07-02,10.78,11.04,11.15,10.7,54708.0,星期二,0.0,0.0241
2013-07-01,10.4,10.78,10.8,10.4,29267.0,星期一,-0.017,0.0365
2013-06-28,10.58,10.58,10.89,10.29,35389.0,星期五,-0.0047,0.0
2013-06-27,11.05,10.63,11.2,10.6,51152.0,星期四,0.0009,-0.038
2013-06-26,10.92,11.04,11.17,10.65,49799.0,星期三,-0.0064,0.011
2013-06-25,10.6,10.99,11.08,9.71,62680.0,星期二,-0.013,0.0368
2013-06-24,11.87,10.74,11.87,10.55,47001.0,星期一,0.0145,-0.0952
2013-06-21,11.58,11.7,11.77,11.23,34283.0,星期五,-0.0119,0.0104
2013-06-20,12.14,11.72,12.2,11.7,44000.0,星期四,-0.0138,-0.0346
2013-06-19,12.1,12.31,12.34,11.89,63135.0,星期三,-0.0049,0.0174
2013-06-18,11.97,12.16,12.18,11.84,41333.0,星期二,-0.0075,0.0159
2013-06-17,11.83,12.06,12.3,11.53,67203.0,星期一,0.0042,0.0194
2013-06-14,11.9,11.78,11.91,11.71,32404.0,星期五,0.0128,-0.0101
2013-06-13,12.5,11.75,12.52,11.65,61680.0,星期四,-0.0204,-0.06
2013-06-07,12.52,12.76,12.96,12.45,65943.0,星期五,-0.0087,0.0192
2013-06-06,12.69,12.63,12.87,12.57,41606.0,星期四,-0.0078,-0.0047
2013-06-05,12.6,12.79,12.82,12.54,41691.0,星期三,0.0016,0.0151
2013-06-04,12.88,12.58,12.93,12.51,67632.0,星期二,-0.0039,-0.0233
2013-06-03,13.0,12.93,13.23,12.82,59995.0,星期一,0.0,-0.0054
2013-05-31,13.23,13.0,13.35,13.0,71759.0,星期五,0.0008,-0.0174
2013-05-30,13.45,13.22,13.45,13.18,79400.0,星期四,-0.0022,-0.0171
2013-05-29,13.21,13.48,13.54,13.16,131995.0,星期三,0.0023,0.0204
2013-05-28,13.0,13.18,13.2,12.89,80966.0,星期二,0.0,0.0138
2013-05-27,13.05,13.0,13.11,12.9,66333.0,星期一,0.0,-0.0038
2013-05-24,12.97,13.05,13.2,12.85,80690.0,星期五,-0.0031,0.0062
2013-05-23,13.4,13.01,13.4,13.0,120683.0,星期四,-0.0045,-0.0291
2013-05-22,13.68,13.46,13.72,13.39,110309.0,星期三,0.0022,-0.0161
2013-05-21,13.73,13.65,13.77,13.38,133407.0,星期二,0.0022,-0.0058
2013-05-20,13.36,13.7,13.74,13.25,176372.0,星期一,0.003,0.0254
2013-05-17,13.43,13.32,13.48,13.14,140982.0,星期五,0.0037,-0.0082
2013-05-16,13.0,13.38,13.4,12.86,129635.0,星期四,0.0015,0.0292
2013-05-15,12.77,12.98,13.08,12.58,111469.0,星期三,-0.0062,0.0164
2013-05-14,13.2,12.85,13.35,12.73,112779.0,星期二,0.003,-0.0265
2013-05-13,13.4,13.16,13.41,13.1,108355.0,星期一,-0.003,-0.0179
2013-05-10,13.3,13.44,13.52,13.05,143067.0,星期五,-0.0075,0.0105
2013-05-09,13.36,13.4,13.45,13.01,163544.0,星期四,-0.0089,0.003
2013-05-08,13.55,13.48,14.45,13.25,261814.0,星期三,0.0203,-0.0052
2013-05-07,13.2,13.28,13.65,13.05,158888.0,星期二,-0.0098,0.0061
2013-05-06,13.3,13.33,13.4,13.02,169205.0,星期一,0.0076,0.0023
2013-05-03,12.82,13.2,13.4,12.8,184951.0,星期五,0.0047,0.0296
2013-05-02,12.45,12.76,12.89,12.39,85081.0,星期四,-0.004,0.0249
2013-04-26,12.47,12.5,12.9,12.35,91142.0,星期五,-0.004,0.0024
2013-04-25,12.69,12.52,13.2,12.52,200314.0,星期四,-0.0094,-0.0134
2013-04-24,12.2,12.81,12.98,12.2,192174.0,星期三,0.0008,0.05
2013-04-23,12.7,12.19,12.7,12.09,134391.0,星期二,-0.0024,-0.0402
2013-04-22,12.8,12.73,12.82,12.5,217908.0,星期一,-0.0016,-0.0055
2013-04-19,11.65,12.82,12.82,11.62,321757.0,星期五,0.0,0.1004
2013-04-18,11.97,11.65,11.97,11.6,63121.0,星期四,0.0034,-0.0267
2013-04-17,11.88,11.93,12.06,11.7,63879.0,星期三,0.0008,0.0042
2013-04-16,11.77,11.87,11.96,11.42,78848.0,星期二,-0.0159,0.0085
2013-04-15,11.87,11.96,12.34,11.77,136096.0,星期一,0.0171,0.0076
2013-04-12,11.39,11.67,11.75,11.28,104394.0,星期五,-0.0096,0.0246
2013-04-11,11.48,11.5,11.83,11.32,90995.0,星期四,-0.0112,0.0017
2013-04-10,11.36,11.61,12.19,11.26,200245.0,星期三,0.0,0.022
2013-04-09,10.35,11.36,11.36,10.35,85443.0,星期二,0.0019,0.0976
2013-04-08,10.35,10.33,10.4,10.03,28925.0,星期一,-0.0096,-0.0019
2013-04-03,10.62,10.45,10.68,10.41,20396.0,星期三,0.0038,-0.016
2013-04-02,10.75,10.58,10.83,10.55,25441.0,星期二,0.0037,-0.0158
2013-04-01,10.75,10.71,10.8,10.67,16733.0,星期一,-0.0019,-0.0037
2013-03-29,10.72,10.77,10.85,10.7,19443.0,星期五,0.0009,0.0047
2013-03-28,11.29,10.71,11.29,10.7,48012.0,星期四,-0.0027,-0.0514
2013-03-27,11.29,11.32,11.51,11.28,30971.0,星期三,-0.0062,0.0027
2013-03-26,11.53,11.36,11.53,11.35,33153.0,星期二,-0.0095,-0.0147
2013-03-25,11.6,11.64,11.78,11.38,42772.0,星期一,-0.0026,0.0034
2013-03-22,11.49,11.63,11.73,11.37,43431.0,星期五,0.0026,0.0122
2013-03-21,11.46,11.46,11.58,11.38,31579.0,星期四,-0.0009,0.0
2013-03-20,11.2,11.47,11.54,11.15,37852.0,星期三,0.0045,0.0241
2013-03-19,11.08,11.15,11.23,11.0,23968.0,星期二,-0.0009,0.0063
2013-03-18,11.39,11.09,11.49,11.07,32790.0,星期一,0.0071,-0.0263
2013-03-15,11.61,11.31,11.69,11.24,43912.0,星期五,-0.0009,-0.0258
2013-03-14,11.72,11.62,11.82,11.61,24172.0,星期四,-0.0026,-0.0085
2013-03-13,11.79,11.75,11.87,11.63,30191.0,星期三,-0.0008,-0.0034
2013-03-12,12.14,11.8,12.21,11.66,50164.0,星期二,0.0,-0.028
2013-03-11,12.21,12.14,12.37,12.13,35698.0,星期一,0.0041,-0.0057
2013-03-08,12.24,12.16,12.36,12.14,36978.0,星期五,-0.0024,-0.0065
2013-03-07,12.17,12.27,12.53,12.12,73364.0,星期四,-0.0073,0.0082
2013-03-06,12.03,12.26,12.27,11.96,65017.0,星期三,0.0008,0.0191
2013-03-05,11.72,12.02,12.08,11.72,45588.0,星期二,0.006,0.0256
2013-03-04,12.03,11.65,12.03,11.5,50908.0,星期一,-0.0082,-0.0316
2013-03-01,12.0,12.13,12.16,11.87,50655.0,星期五,-0.0017,0.0108
2013-02-28,11.85,12.02,12.09,11.66,48549.0,星期四,0.0042,0.0143
2013-02-27,12.08,11.8,12.19,11.64,65332.0,星期三,0.0017,-0.0232
2013-02-26,12.35,12.06,12.38,12.03,66989.0,星期二,-0.0104,-0.0235
2013-02-25,12.61,12.48,12.78,12.39,47245.0,星期一,0.0008,-0.0103
2013-02-22,12.38,12.6,12.85,12.34,79413.0,星期五,-0.0056,0.0178
2013-02-21,12.67,12.45,12.76,12.32,86367.0,星期四,-0.0125,-0.0174
2013-02-20,12.32,12.83,12.96,12.31,99178.0,星期三,0.0,0.0414
2013-02-19,12.42,12.32,12.56,12.22,65150.0,星期二,0.0049,-0.0081
2013-02-18,12.16,12.36,12.44,12.15,67883.0,星期一,0.0033,0.0164
2013-02-08,11.9,12.12,12.16,11.9,48873.0,星期五,-0.0116,0.0185
2013-02-07,12.07,12.04,12.15,12.0,45433.0,星期四,0.005,-0.0025
2013-02-06,11.85,12.01,12.14,11.8,73874.0,星期三,-0.0059,0.0135
2013-02-05,11.97,11.92,11.97,11.51,140369.0,星期二,-0.0308,-0.0042
2013-02-04,12.84,12.35,12.93,12.23,103879.0,星期一,0.0,-0.0382
2013-02-01,12.86,12.84,12.93,12.75,56241.0,星期五,-0.0062,-0.0016
2013-01-31,12.84,12.94,13.18,12.79,65264.0,星期四,-0.0008,0.0078
2013-01-30,12.8,12.85,12.93,12.73,70925.0,星期三,-0.0199,0.0039
2013-01-29,13.04,13.06,13.08,12.72,83593.0,星期二,-0.0008,0.0015
2013-01-28,12.81,13.05,13.07,12.71,63323.0,星期一,0.0,0.0187
2013-01-25,12.92,12.81,13.19,12.8,74340.0,星期五,-0.0315,-0.0085
2013-01-24,13.95,13.34,14.2,13.2,111578.0,星期四,0.0227,-0.0437
2013-01-23,13.58,13.64,13.75,13.4,48710.0,星期三,0.0,0.0044
2013-01-22,13.81,13.58,13.98,13.55,66105.0,星期二,-0.0029,-0.0167
2013-01-21,13.95,13.85,13.99,13.78,58571.0,星期一,0.0007,-0.0072
2013-01-18,13.85,13.94,14.09,13.7,75585.0,星期五,-0.0065,0.0065
2013-01-17,14.0,13.94,14.26,13.76,121906.0,星期四,0.0108,-0.0043
2013-01-16,13.84,13.85,14.22,13.68,101517.0,星期三,-0.005,0.0007
2013-01-15,13.63,13.91,14.05,13.54,112195.0,星期二,0.0007,0.0205
2013-01-14,13.11,13.62,13.66,13.02,71028.0,星期一,-0.0083,0.0389
2013-01-11,13.91,13.22,13.99,13.19,84448.0,星期五,0.0036,-0.0496
2013-01-10,13.95,13.86,14.08,13.72,56872.0,星期四,-0.0014,-0.0065
2013-01-09,13.86,13.97,14.37,13.58,112956.0,星期三,-0.0022,0.0079
2013-01-08,13.73,13.89,13.9,13.42,91630.0,星期二,0.0,0.0117
2013-01-07,13.79,13.73,13.79,13.47,99998.0,星期一,-0.0036,-0.0044
2013-01-04,13.35,13.84,14.39,13.2,185363.0,星期五,0.0144,0.0367
2012-12-31,13.02,13.16,13.29,12.94,76583.0,星期一,0.0015,0.0108
2012-12-28,13.07,13.0,13.1,12.81,63951.0,星期五,-0.0038,-0.0054
2012-12-27,13.0,13.12,13.3,12.8,112281.0,星期四,0.0054,0.0092
2012-12-26,12.95,12.93,13.19,12.81,68460.0,星期三,0.0062,-0.0015
2012-12-25,12.45,12.87,13.29,12.38,93418.0,星期二,-0.004,0.0337
2012-12-24,12.65,12.5,12.81,12.4,73741.0,星期一,-0.0086,-0.0119
2012-12-21,12.98,12.76,13.4,12.72,124505.0,星期五,0.0,-0.0169
2012-12-20,12.41,12.98,12.99,12.34,130672.0,星期四,-0.0016,0.0459
2012-12-19,12.45,12.43,12.75,12.4,55837.0,星期三,-0.0103,-0.0016
2012-12-18,12.65,12.58,12.97,12.35,134239.0,星期二,0.0161,-0.0055
2012-12-17,12.2,12.45,12.7,12.07,117490.0,星期一,0.0008,0.0205
2012-12-14,11.4,12.19,12.49,11.39,110568.0,星期五,-0.0044,0.0693
2012-12-13,11.68,11.45,11.83,11.42,45258.0,星期四,0.0009,-0.0197
2012-12-12,11.45,11.67,11.95,11.45,57594.0,星期三,-0.0052,0.0192
2012-12-11,11.54,11.51,11.68,11.38,42457.0,星期二,-0.0094,-0.0026
2012-12-10,11.37,11.65,11.78,11.24,75363.0,星期一,0.017,0.0246
2012-12-07,10.77,11.18,11.47,10.77,64246.0,星期五,-0.0037,0.0381
2012-12-06,10.91,10.81,11.02,10.66,31671.0,星期四,-0.0018,-0.0092
2012-12-05,10.39,10.93,11.09,10.26,61848.0,星期三,-0.001,0.052
2012-12-04,10.15,10.4,10.49,9.81,41392.0,星期二,-0.0059,0.0246
2012-12-03,10.81,10.21,10.94,10.18,31376.0,星期一,0.0028,-0.0555
2012-11-30,10.58,10.78,10.88,10.55,28617.0,星期五,-0.0075,0.0189
2012-11-29,11.17,10.66,11.31,10.61,26697.0,星期四,0.0,-0.0457
2012-11-28,11.72,11.17,11.9,11.01,36179.0,星期三,-0.0184,-0.0469
2012-11-27,12.54,11.94,12.54,11.92,28282.0,星期二,-0.0008,-0.0478
2012-11-26,12.6,12.55,12.72,12.51,16198.0,星期一,0.0,-0.004
2012-11-23,12.59,12.6,12.8,12.52,16981.0,星期五,0.0016,0.0008
2012-11-22,12.87,12.57,12.87,12.55,24068.0,星期四,-0.0039,-0.0233
2012-11-21,12.75,12.92,12.94,12.49,27857.0,星期三,-0.0047,0.0133
2012-11-20,13.0,12.81,13.09,12.81,18255.0,星期二,0.0039,-0.0146
2012-11-19,12.9,12.95,12.97,12.64,20336.0,星期一,0.0047,0.0039
2012-11-16,13.16,12.84,13.21,12.79,25533.0,星期五,-0.0038,-0.0243
2012-11-15,13.41,13.21,13.49,13.1,23887.0,星期四,-0.0052,-0.0149
2012-11-14,13.36,13.48,13.55,13.24,23952.0,星期三,0.0038,0.009
2012-11-13,13.6,13.31,13.68,13.27,24859.0,星期二,0.0059,-0.0213
2012-11-12,13.43,13.52,13.67,13.43,20309.0,星期一,-0.0007,0.0067
2012-11-09,13.31,13.44,13.58,13.31,19144.0,星期五,-0.0089,0.0098
2012-11-08,13.73,13.43,13.73,13.41,42129.0,星期四,-0.0122,-0.0218
2012-11-07,13.72,13.9,14.21,13.72,44848.0,星期三,-0.0065,0.0131
2012-11-06,14.11,13.81,14.13,13.63,53977.0,星期二,-0.0112,-0.0213
2012-11-05,13.72,14.27,14.8,13.61,92403.0,星期一,-0.0072,0.0401
2012-11-02,13.98,13.82,14.05,13.75,47691.0,星期五,-0.0007,-0.0114
2012-11-01,13.69,13.99,14.07,13.67,50779.0,星期四,0.0015,0.0219
2012-10-31,13.64,13.67,13.68,13.5,20099.0,星期三,0.0029,0.0022
2012-10-30,13.49,13.6,13.69,13.43,21173.0,星期二,0.0045,0.0082
2012-10-29,13.45,13.43,13.59,13.33,23954.0,星期一,-0.0015,-0.0015
2012-10-26,13.72,13.47,13.84,13.35,38657.0,星期五,-0.0029,-0.0182
2012-10-25,14.03,13.76,14.16,13.75,35704.0,星期四,-0.0028,-0.0192
2012-10-24,14.09,14.07,14.3,14.03,38374.0,星期三,-0.0167,-0.0014
2012-10-23,14.36,14.33,14.56,14.26,56264.0,星期二,-0.0042,-0.0021
2012-10-22,14.27,14.42,14.42,14.03,55667.0,星期一,-0.0104,0.0105
2012-10-19,14.68,14.42,14.77,14.42,34095.0,星期五,0.0,-0.0177
2012-10-18,14.55,14.68,14.76,14.46,59599.0,星期四,0.0,0.0089
2012-10-17,14.74,14.55,14.82,14.35,57947.0,星期三,-0.0027,-0.0129
2012-10-16,14.67,14.78,14.96,14.56,85684.0,星期二,-0.0007,0.0075
2012-10-15,14.58,14.68,14.8,14.35,42703.0,星期一,-0.0034,0.0069
2012-10-12,14.68,14.63,14.96,14.22,51406.0,星期五,0.0034,-0.0034
2012-10-11,14.75,14.63,14.84,14.5,73614.0,星期四,-0.0087,-0.0081
2012-10-10,14.1,14.88,15.19,14.07,122687.0,星期三,-0.0028,0.0553
2012-10-09,13.85,14.14,14.18,13.81,52388.0,星期二,0.0007,0.0209
2012-10-08,13.99,13.84,14.13,13.75,32343.0,星期一,-0.0021,-0.0107
2012-09-28,13.73,14.02,14.07,13.65,50519.0,星期五,-0.0015,0.0211
2012-09-27,13.45,13.75,13.98,13.45,34783.0,星期四,-0.0044,0.0223
2012-09-26,13.92,13.51,14.02,13.51,31687.0,星期三,-0.0071,-0.0295
2012-09-25,13.66,14.02,14.13,13.59,42498.0,星期二,-0.0051,0.0264
2012-09-24,13.6,13.73,13.86,13.43,29949.0,星期一,-0.0044,0.0096
2012-09-21,13.6,13.66,13.92,13.52,31176.0,星期五,-0.0051,0.0044
2012-09-20,14.1,13.67,14.12,13.5,34340.0,星期四,-0.0042,-0.0305
2012-09-19,13.95,14.16,14.2,13.9,29094.0,星期三,0.0,0.0151
2012-09-18,14.01,13.95,14.17,13.8,33017.0,星期二,-0.0099,-0.0043
2012-09-17,14.77,14.15,14.92,14.14,52011.0,星期一,-0.0054,-0.042
2012-09-14,15.09,14.85,15.25,14.75,54897.0,星期五,0.0196,-0.0159
2012-09-13,15.16,14.8,15.21,14.8,45734.0,星期四,0.002,-0.0237
2012-09-12,15.08,15.13,15.45,14.98,66470.0,星期三,0.0073,0.0033
2012-09-11,15.05,14.97,15.07,14.8,42448.0,星期二,-0.0086,-0.0053
2012-09-10,15.03,15.18,15.31,14.87,87665.0,星期一,-0.0066,0.01
2012-09-07,14.48,15.13,15.36,14.45,117292.0,星期五,0.0084,0.0449
2012-09-06,14.43,14.36,14.57,14.21,32648.0,星期四,0.0,-0.0049
2012-09-05,14.2,14.43,14.49,14.2,30054.0,星期三,-0.0125,0.0162
2012-09-04,14.17,14.38,14.89,14.11,71472.0,星期二,0.0043,0.0148
2012-09-03,13.88,14.11,14.18,13.85,29658.0,星期一,0.0029,0.0166
2012-08-31,13.86,13.84,13.89,13.68,21879.0,星期五,0.0102,-0.0014
2012-08-30,13.8,13.72,14.04,13.5,35747.0,星期四,-0.0029,-0.0058
2012-08-29,14.08,13.84,14.15,13.78,33252.0,星期三,-0.0042,-0.017
2012-08-28,14.06,14.14,14.3,13.91,32909.0,星期二,0.0014,0.0057
2012-08-27,14.54,14.04,14.56,14.0,49768.0,星期一,-0.0102,-0.0344
2012-08-24,15.1,14.69,15.35,14.67,52678.0,星期五,-0.0033,-0.0272
2012-08-23,14.82,15.15,15.31,14.8,54559.0,星期四,-0.0027,0.0223
2012-08-22,15.35,14.86,15.35,14.67,52525.0,星期三,0.0013,-0.0319
2012-08-21,15.08,15.33,15.37,15.02,60940.0,星期二,-0.0013,0.0166
2012-08-20,14.88,15.1,15.17,14.66,35493.0,星期一,-0.01,0.0148
2012-08-17,14.94,15.03,15.08,14.75,36872.0,星期五,-0.002,0.006
2012-08-16,15.0,14.97,15.34,14.87,52037.0,星期四,-0.0125,-0.002
2012-08-15,15.59,15.19,15.59,15.09,51508.0,星期三,-0.0051,-0.0257
2012-08-14,15.8,15.67,15.98,14.89,87373.0,星期二,-0.0119,-0.0082
2012-08-13,16.48,15.99,16.85,15.9,94164.0,星期一,-0.0102,-0.0297
2012-08-10,16.38,16.65,17.37,16.3,118660.0,星期五,-0.0067,0.0165
2012-08-09,16.36,16.49,16.79,16.02,85938.0,星期四,-0.0006,0.0079
2012-08-08,16.45,16.37,16.96,16.3,103187.0,星期三,-0.0179,-0.0049
2012-08-07,15.68,16.75,17.09,15.55,143347.0,星期二,-0.0006,0.0682
2012-08-06,14.86,15.69,15.78,14.7,81633.0,星期一,0.0,0.0559
2012-08-03,14.75,14.86,14.95,14.56,41230.0,星期五,0.0014,0.0075
2012-08-02,14.57,14.73,14.99,14.12,55901.0,星期四,0.0,0.011
2012-08-01,14.1,14.57,14.65,14.03,47898.0,星期三,-0.0014,0.0333
2012-07-31,15.0,14.12,15.09,13.75,48364.0,星期二,-0.0033,-0.0587
2012-07-30,15.78,15.05,15.95,14.96,37424.0,星期一,0.0051,-0.0463
2012-07-27,15.99,15.7,16.04,15.7,37592.0,星期五,0.0063,-0.0181
2012-07-26,15.8,15.89,16.14,15.75,41271.0,星期四,-0.0025,0.0057
2012-07-25,16.0,15.84,16.04,15.75,27108.0,星期三,-0.0012,-0.01
2012-07-24,15.74,16.02,16.18,15.71,31600.0,星期二,-0.0094,0.0178
2012-07-23,15.98,15.89,16.04,15.73,46248.0,星期一,-0.0087,-0.0056
2012-07-20,16.38,16.12,16.57,16.07,47275.0,星期五,-0.0073,-0.0159
2012-07-19,16.24,16.5,16.99,16.0,74921.0,星期四,0.0,0.016
2012-07-18,16.15,16.24,16.25,15.88,39071.0,星期三,0.0031,0.0056
2012-07-17,15.93,16.1,16.25,15.76,36986.0,星期二,-0.005,0.0107
2012-07-16,16.91,16.01,16.99,15.99,62765.0,星期一,0.0024,-0.0532
2012-07-13,17.09,16.87,17.41,16.84,72227.0,星期五,-0.0075,-0.0129
2012-07-12,16.3,17.22,17.79,16.0,98421.0,星期四,0.0006,0.0564
2012-07-11,16.28,16.29,16.47,15.86,63595.0,星期三,-0.0103,0.0006
2012-07-10,16.68,16.45,16.78,16.43,41891.0,星期二,0.0,-0.0138
2012-07-09,16.95,16.68,17.27,16.63,53065.0,星期一,-0.007,-0.0159
2012-07-06,16.82,17.07,17.13,16.48,56906.0,星期五,0.0139,0.0149
2012-07-05,17.37,16.59,17.37,16.31,59461.0,星期四,0.0006,-0.0449
2012-07-04,17.69,17.36,17.8,17.3,34417.0,星期三,0.0045,-0.0187
2012-07-03,17.82,17.61,17.85,17.52,42291.0,星期二,0.0017,-0.0118
2012-07-02,17.6,17.79,17.98,17.59,58404.0,星期一,0.0109,0.0108
2012-06-29,16.72,17.41,17.6,16.71,49801.0,星期五,-0.0118,0.0413
2012-06-28,17.25,16.92,17.52,16.86,49465.0,星期四,0.0,-0.0191
2012-06-27,17.57,17.25,17.78,17.23,44670.0,星期三,0.0,-0.0182
2012-06-26,17.73,17.57,17.78,16.61,56328.0,星期二,-0.0034,-0.009
2012-06-25,18.95,17.79,18.95,17.76,82506.0,星期一,-0.0068,-0.0612
2012-06-21,19.6,19.08,19.69,18.98,54596.0,星期四,0.002,-0.0265
2012-06-20,19.85,19.56,19.97,19.5,46074.0,星期三,0.0081,-0.0146
2012-06-19,19.7,19.69,20.14,19.57,76078.0,星期二,0.0103,-0.0005
2012-06-15,19.61,19.5,19.8,19.33,81518.0,星期五,-0.0036,-0.0056
2012-06-14,19.01,19.68,20.2,18.96,143945.0,星期四,-0.0037,0.0352
2012-06-13,18.96,19.08,19.08,18.71,68873.0,星期三,0.0021,0.0063
2012-06-12,19.3,18.92,19.3,18.8,55060.0,星期二,-0.0031,-0.0197
2012-06-11,19.36,19.36,19.48,18.4,95248.0,星期一,0.0026,0.0
2012-06-08,19.8,19.31,19.95,19.3,55802.0,星期五,0.0076,-0.0247
2012-06-07,20.15,19.65,20.21,19.6,54313.0,星期四,0.0136,-0.0248
2012-06-06,19.96,19.88,20.15,19.66,58327.0,星期三,0.0081,-0.004
2012-06-05,20.2,19.8,20.55,19.62,92255.0,星期二,-0.0039,-0.0198
2012-06-04,20.5,20.28,20.91,20.28,81122.0,星期一,-0.0201,-0.0107
2012-06-01,20.56,20.92,21.45,20.56,95206.0,星期五,-0.0024,0.0175
2012-05-31,20.63,20.61,20.95,20.41,72307.0,星期四,-0.012,-0.001
2012-05-30,21.14,20.88,21.3,20.74,94812.0,星期三,-0.0061,-0.0123
2012-05-29,20.9,21.27,21.45,20.6,112621.0,星期二,0.0019,0.0177
2012-05-28,21.25,20.86,21.46,20.01,109016.0,星期一,-0.0056,-0.0184
2012-05-25,21.33,21.37,21.79,21.21,72042.0,星期五,0.0005,0.0019
2012-05-24,21.5,21.32,21.74,21.2,84502.0,星期四,-0.0056,-0.0084
2012-05-23,21.94,21.62,22.2,21.4,118713.0,星期三,-0.0036,-0.0146
2012-05-22,22.04,22.02,22.2,21.72,104054.0,星期二,0.0055,-0.0009
2012-05-21,21.3,21.92,22.22,21.25,121273.0,星期一,-0.0098,0.0291
2012-05-18,21.6,21.51,22.2,21.45,102721.0,星期五,-0.0101,-0.0042
2012-05-17,21.69,21.82,22.05,21.23,105593.0,星期四,0.0,0.006
2012-05-16,22.11,21.69,22.35,21.59,121790.0,星期三,0.0005,-0.019
2012-05-15,22.45,22.1,22.45,21.4,179757.0,星期二,-0.0132,-0.0156
2012-05-14,23.49,22.75,23.49,22.71,204756.0,星期一,0.0142,-0.0315
2012-05-11,22.5,23.16,24.38,22.32,330308.0,星期五,-0.0057,0.0293
2012-05-10,22.0,22.63,23.2,21.89,271778.0,星期四,-0.027,0.0286
2012-05-09,21.9,22.61,24.06,21.71,345433.0,星期三,-0.0144,0.0324
2012-05-08,21.65,22.22,22.61,21.03,219526.0,星期二,0.0032,0.0263
2012-05-07,21.9,21.58,21.91,21.45,145694.0,星期一,-0.0086,-0.0146
2012-05-04,21.83,22.09,22.34,21.8,133604.0,星期五,-0.0064,0.0119
2012-05-03,22.0,21.97,22.45,21.84,146608.0,星期四,-0.0077,-0.0014
2012-05-02,21.7,22.17,22.55,21.35,213708.0,星期三,0.0145,0.0217
2012-04-27,20.98,21.39,21.88,20.93,147063.0,星期五,0.0024,0.0195
2012-04-26,21.24,20.93,21.43,20.84,103474.0,星期四,-0.0009,-0.0146
2012-04-25,21.11,21.26,21.49,20.94,137498.0,星期三,-0.0103,0.0071
2012-04-24,19.87,21.33,21.34,19.71,153195.0,星期二,-0.0149,0.0735
2012-04-23,21.07,20.17,21.07,19.89,141148.0,星期一,0.0005,-0.0427
2012-04-20,21.05,21.06,21.28,20.9,83546.0,星期五,-0.0009,0.0005
2012-04-19,21.49,21.07,21.66,21.0,116906.0,星期四,-0.0032,-0.0195
2012-04-18,20.99,21.56,21.78,20.82,147316.0,星期三,0.0033,0.0272
2012-04-17,21.7,20.92,21.84,20.91,165153.0,星期二,-0.0046,-0.0359
2012-04-16,21.8,21.8,22.18,21.41,142736.0,星期一,-0.0158,0.0
2012-04-13,22.11,22.15,22.47,21.81,203871.0,星期五,0.0005,0.0018
2012-04-12,21.6,22.1,22.49,21.58,200859.0,星期四,0.0047,0.0231
2012-04-11,21.2,21.5,21.8,21.01,148902.0,星期三,-0.0266,0.0142
2012-04-10,20.79,21.78,21.8,19.52,204337.0,星期二,-0.0114,0.0476
2012-04-09,21.18,21.03,21.87,21.0,175314.0,星期一,-0.0066,-0.0071
2012-04-06,20.51,21.32,21.8,20.32,253018.0,星期五,-0.0049,0.0395
2012-04-05,18.9,20.61,20.76,18.5,211006.0,星期四,-0.0032,0.0905
2012-03-30,19.95,18.96,20.38,18.22,202209.0,星期五,0.0,-0.0496
2012-03-29,20.6,19.95,20.71,19.69,191819.0,星期四,-0.0053,-0.0316
2012-03-28,22.07,20.71,22.09,20.62,228874.0,星期三,-0.0204,-0.0616
2012-03-27,22.7,22.53,23.18,22.52,208718.0,星期二,0.0004,-0.0075
2012-03-26,23.25,22.69,23.78,21.89,265384.0,星期一,-0.0123,-0.0241
2012-03-23,22.9,23.54,24.53,22.76,360883.0,星期五,-0.0039,0.0279
2012-03-22,23.3,22.99,23.97,22.68,300858.0,星期四,-0.028,-0.0133
2012-03-21,22.45,23.97,24.57,22.3,632524.0,星期三,0.0009,0.0677
2012-03-20,20.39,22.43,22.43,19.81,568308.0,星期二,0.0,0.1
2012-03-19,19.68,20.39,20.78,19.51,297071.0,星期一,-0.0051,0.0361
2012-03-16,18.61,19.78,19.89,18.61,195820.0,星期五,-0.0005,0.0629
2012-03-15,19.35,18.62,19.68,18.46,189293.0,星期四,0.0,-0.0377
2012-03-14,19.47,19.35,20.5,18.96,370956.0,星期三,0.0026,-0.0062
2012-03-13,19.59,19.42,19.66,19.14,140479.0,星期二,0.002,-0.0087
2012-03-12,18.73,19.55,19.6,18.73,238233.0,星期一,0.0021,0.0438
2012-03-09,18.44,18.69,18.75,18.37,105957.0,星期五,-0.0022,0.0136
2012-03-08,18.2,18.48,18.77,18.2,106614.0,星期四,0.0028,0.0154
2012-03-07,18.16,18.15,18.58,18.0,80068.0,星期三,-0.0157,-0.0006
2012-03-06,19.01,18.45,19.01,18.3,118107.0,星期二,-0.0042,-0.0295
2012-03-05,19.3,19.09,19.39,19.05,112140.0,星期一,0.0021,-0.0109
2012-03-02,18.75,19.26,19.48,18.75,158667.0,星期五,0.0059,0.0272
2012-03-01,18.63,18.64,19.09,18.58,76751.0,星期四,-0.009,0.0005
2012-02-29,18.78,18.8,19.28,18.56,125166.0,星期三,-0.0005,0.0011
2012-02-28,19.01,18.79,19.25,18.52,146468.0,星期二,-0.0125,-0.0116
2012-02-27,19.15,19.25,19.76,19.15,170613.0,星期一,-0.0047,0.0052
2012-02-24,19.2,19.24,19.56,19.05,144551.0,星期五,-0.0088,0.0021
2012-02-23,19.15,19.37,20.18,19.15,216774.0,星期四,-0.0052,0.0115
2012-02-22,19.19,19.25,19.41,18.81,213780.0,星期三,-0.0005,0.0031
2012-02-21,18.12,19.2,19.5,18.01,262034.0,星期二,0.0011,0.0596
2012-02-20,18.46,18.1,18.55,18.1,152568.0,星期一,0.0132,-0.0195
2012-02-17,17.56,18.22,18.5,17.5,220088.0,星期五,0.0011,0.0376
2012-02-16,17.89,17.54,17.99,17.31,132062.0,星期四,0.0006,-0.0196
2012-02-15,17.58,17.88,18.05,17.52,126270.0,星期三,-0.0062,0.0171
2012-02-14,17.8,17.69,17.98,17.51,106770.0,星期二,-0.0056,-0.0062
2012-02-13,17.47,17.9,18.2,17.31,150010.0,星期一,-0.0174,0.0246
2012-02-10,17.92,17.78,18.35,17.5,156415.0,星期五,0.0,-0.0078
2012-02-09,18.0,17.92,18.4,17.8,207752.0,星期四,-0.0033,-0.0044
2012-02-08,17.15,18.06,18.43,17.03,266250.0,星期三,-0.0121,0.0531
2012-02-07,17.0,17.36,17.36,16.4,188297.0,星期二,-0.0122,0.0212
2012-02-06,17.09,17.21,17.49,16.72,193503.0,星期一,-0.0012,0.007
2012-02-03,16.79,17.11,17.78,16.52,303431.0,星期五,-0.0065,0.0191
2012-02-02,15.76,16.9,16.98,15.65,295486.0,星期四,0.0116,0.0723
2012-02-01,16.0,15.58,16.15,15.42,164707.0,星期三,-0.0093,-0.0262
2012-01-31,14.97,16.15,16.4,14.88,235499.0,星期二,-0.0047,0.0788
2012-01-30,15.0,15.04,15.37,14.65,89096.0,星期一,0.0121,0.0027
2012-01-20,14.91,14.82,15.24,14.73,82210.0,星期五,0.0,-0.006
2012-01-19,14.86,14.91,15.38,14.81,119721.0,星期四,-0.0165,0.0034
2012-01-18,15.31,15.11,16.28,15.01,207843.0,星期三,0.0072,-0.0131
2012-01-17,13.81,15.2,15.29,13.5,199856.0,星期二,-0.01,0.1007
2012-01-16,15.03,13.95,15.26,13.95,184258.0,星期一,-0.0303,-0.0719
2012-01-13,15.17,15.5,16.16,15.0,293668.0,星期五,-0.0175,0.0218
2012-01-12,15.39,15.44,16.4,14.95,325294.0,星期四,-0.0065,0.0032
2012-01-11,13.89,15.49,15.49,13.71,294179.0,星期三,-0.0135,0.1152
2012-01-10,13.58,14.08,14.3,13.39,209412.0,星期二,-0.0066,0.0368
2012-01-09,12.65,13.67,13.69,12.35,160178.0,星期一,0.012,0.0806
2012-01-06,12.0,12.5,12.55,11.87,85568.0,星期五,-0.0132,0.0417
2012-01-05,12.07,12.16,12.77,11.88,97960.0,星期四,-0.0163,0.0075
2012-01-04,13.12,12.27,13.15,12.25,97511.0,星期三,0.0123,-0.0648
2011-12-30,12.81,12.96,13.3,12.75,129931.0,星期五,-0.0008,0.0117
2011-12-29,12.25,12.82,13.2,12.18,164371.0,星期四,-0.0081,0.0465
2011-12-28,12.0,12.35,12.43,11.75,75924.0,星期三,-0.0123,0.0292
2011-12-27,12.55,12.15,12.66,12.12,84527.0,星期二,-0.0118,-0.0319
2011-12-26,12.4,12.7,13.2,12.3,104335.0,星期一,-0.0151,0.0242
2011-12-23,12.3,12.59,12.85,12.21,88690.0,星期五,-0.0136,0.0236
2011-12-22,12.4,12.47,12.88,11.74,106277.0,星期四,-0.0236,0.0056
2011-12-21,13.57,12.7,13.64,12.7,113516.0,星期三,0.0082,-0.0641
2011-12-20,12.96,13.46,13.95,12.9,182904.0,星期二,-0.0114,0.0386
2011-12-19,13.05,13.11,13.2,12.6,77312.0,星期一,-0.0203,0.0046
2011-12-16,13.05,13.32,13.4,12.6,96395.0,星期五,-0.0038,0.0207
2011-12-15,13.65,13.1,13.92,12.91,89988.0,星期四,-0.0123,-0.0403
2011-12-14,14.03,13.82,14.22,13.66,68707.0,星期三,-0.0014,-0.015
2011-12-13,14.56,14.05,14.75,14.0,91291.0,星期二,-0.0254,-0.035
2011-12-12,15.15,14.94,15.33,14.87,51995.0,星期一,0.0007,-0.0139
2011-12-09,15.31,15.14,15.42,14.95,69996.0,星期五,-0.0205,-0.0111
2011-12-08,15.29,15.63,15.95,15.11,127187.0,星期四,0.0046,0.0222
2011-12-07,15.27,15.22,15.56,15.15,58786.0,星期三,0.0046,-0.0033
2011-12-06,15.1,15.2,15.32,14.9,79638.0,星期二,-0.0007,0.0066
2011-12-05,16.24,15.11,16.26,15.08,100433.0,星期一,-0.0025,-0.0696
2011-12-02,17.0,16.28,17.0,16.14,83910.0,星期五,-0.0058,-0.0424
2011-12-01,17.1,17.1,17.57,16.88,112881.0,星期四,0.0301,0.0
2011-11-30,18.04,16.6,18.04,16.3,113197.0,星期三,0.0006,-0.0798
2011-11-29,17.86,18.03,18.15,17.58,84062.0,星期二,0.0165,0.0095
2011-11-28,17.68,17.57,17.8,17.51,55601.0,星期一,0.0034,-0.0062
2011-11-25,18.02,17.62,18.22,17.55,71252.0,星期五,0.0045,-0.0222
2011-11-24,18.05,17.94,18.16,17.5,93138.0,星期四,-0.0082,-0.0061
2011-11-23,18.38,18.2,18.55,18.16,55586.0,星期三,0.0016,-0.0098
2011-11-22,18.15,18.35,18.5,18.12,54155.0,星期二,-0.0189,0.011
2011-11-21,18.78,18.5,18.95,18.1,75189.0,星期一,0.0011,-0.0149
2011-11-18,19.75,18.76,19.75,18.67,122926.0,星期五,-0.008,-0.0501
2011-11-17,19.96,19.91,20.25,19.9,69965.0,星期四,0.003,-0.0025
2011-11-16,20.66,19.9,20.69,19.8,127908.0,星期三,-0.0063,-0.0368
2011-11-15,20.7,20.79,21.19,20.44,135764.0,星期二,0.0005,0.0043
2011-11-14,20.35,20.69,20.83,20.16,125830.0,星期一,0.0119,0.0167
2011-11-11,20.02,20.11,20.39,20.02,81623.0,星期五,0.001,0.0045
2011-11-10,20.18,20.0,20.35,19.92,110921.0,星期四,-0.0223,-0.0089
2011-11-09,20.52,20.64,20.68,20.05,108889.0,星期三,0.0,0.0058
2011-11-08,21.25,20.52,21.29,20.4,157380.0,星期二,0.0,-0.0344
2011-11-07,21.03,21.25,21.74,21.03,194391.0,星期一,0.0053,0.0105
2011-11-04,20.73,20.92,21.36,20.7,187813.0,星期五,0.0044,0.0092
2011-11-03,20.55,20.64,21.44,20.45,256893.0,星期四,0.0049,0.0044
2011-11-02,20.1,20.45,20.57,19.8,167024.0,星期三,-0.0243,0.0174
2011-11-01,19.85,20.6,21.19,19.75,235121.0,星期二,-0.0144,0.0378
2011-10-31,19.85,20.14,20.38,19.7,131801.0,星期一,-0.0105,0.0146
2011-10-28,19.88,20.06,20.49,19.87,164345.0,星期五,0.0086,0.0091
2011-10-27,20.09,19.71,20.09,19.33,214768.0,星期四,-0.0074,-0.0189
2011-10-26,20.45,20.24,20.88,20.18,187985.0,星期三,-0.0082,-0.0103
2011-10-25,20.04,20.62,20.94,19.85,197218.0,星期二,-0.0015,0.0289
2011-10-24,19.4,20.07,20.28,19.13,161920.0,星期一,0.0146,0.0345
2011-10-21,19.7,19.12,19.77,18.6,133400.0,星期五,-0.015,-0.0294
2011-10-20,19.09,20.0,20.52,19.09,282280.0,星期四,0.0069,0.0477
2011-10-19,19.37,18.96,19.69,18.6,118606.0,星期三,-0.0005,-0.0212
2011-10-18,20.15,19.38,20.18,19.23,177772.0,星期二,-0.0123,-0.0382
2011-10-17,21.03,20.4,21.18,20.25,201502.0,星期一,0.0,-0.03
2011-10-14,21.47,21.03,21.77,20.81,260342.0,星期五,-0.0183,-0.0205
2011-10-13,20.04,21.87,22.33,19.8,460939.0,星期四,-0.0128,0.0913
2011-10-12,19.3,20.3,20.48,19.23,292206.0,星期三,-0.0077,0.0518
2011-10-11,19.9,19.45,20.26,18.45,270453.0,星期二,0.0284,-0.0226
2011-10-10,20.27,19.35,20.75,19.18,240837.0,星期一,-0.0078,-0.0454
2011-09-30,19.98,20.43,21.03,19.75,330079.0,星期五,-0.0211,0.0225
2011-09-29,21.77,20.41,21.86,20.4,363188.0,星期四,-0.0397,-0.0625
2011-09-28,23.53,22.67,24.29,22.67,324781.0,星期三,-0.0659,-0.0365
2011-09-27,25.19,25.19,26.22,25.19,316499.0,星期二,-0.1,0.0
2011-09-26,27.99,27.99,27.99,27.99,6746.0,星期一,-0.1,0.0
2011-09-23,31.1,31.1,31.1,31.1,13561.0,星期五,-0.0999,0.0
2011-08-29,35.5,34.55,36.1,34.42,189599.0,星期一,-0.0092,-0.0268
2011-08-26,33.0,35.83,36.3,32.9,284617.0,星期五,-0.0045,0.0858
2011-08-25,32.59,33.15,33.25,31.68,144208.0,星期四,0.0,0.0172
2011-08-24,33.12,32.59,33.7,32.5,101395.0,星期三,0.0042,-0.016
2011-08-23,32.97,32.98,33.43,32.52,78714.0,星期二,0.0086,0.0003
2011-08-22,32.28,32.69,33.58,32.28,101541.0,星期一,-0.0107,0.0127
2011-08-19,33.0,32.63,33.1,32.0,126950.0,星期五,-0.0237,-0.0112
2011-08-18,33.91,33.8,34.97,33.59,150798.0,星期四,-0.0082,-0.0032
2011-08-17,35.51,34.19,36.07,34.12,206724.0,星期三,-0.0087,-0.0372
2011-08-16,35.82,35.82,36.66,35.0,164499.0,星期二,0.0006,0.0
2011-08-15,36.46,35.8,36.8,35.03,202978.0,星期一,0.0019,-0.0181
2011-08-12,36.7,36.39,38.0,36.31,253394.0,星期五,-0.0086,-0.0084
2011-08-11,35.3,37.02,38.59,35.0,388089.0,星期四,-0.0126,0.0487
2011-08-10,32.8,35.75,35.75,32.4,359646.0,星期三,0.0092,0.0899
2011-08-09,30.54,32.5,33.4,30.54,339830.0,星期二,-0.0999,0.0642
2011-07-25,32.51,33.93,34.0,31.9,390498.0,星期一,-0.0125,0.0437
2011-07-22,32.95,32.92,33.48,31.2,285945.0,星期五,-0.0045,-0.0009
2011-07-21,32.96,33.1,34.0,32.79,239510.0,星期四,0.0003,0.0042
2011-07-20,33.4,32.95,33.6,32.68,173108.0,星期三,0.0015,-0.0135
2011-07-19,31.57,33.35,34.0,31.2,329559.0,星期二,-0.0019,0.0564
2011-07-18,31.59,31.63,31.83,31.06,144799.0,星期一,0.0089,0.0013
2011-07-15,30.8,31.31,31.72,30.3,190468.0,星期五,-0.0103,0.0166
2011-07-14,31.9,31.12,32.25,30.85,167268.0,星期四,0.0016,-0.0245
2011-07-13,31.15,31.85,32.18,31.01,116288.0,星期三,0.0,0.0225
2011-07-12,32.19,31.15,32.19,30.52,156113.0,星期二,-0.0031,-0.0323
2011-07-11,31.99,32.29,32.54,31.88,107480.0,星期一,-0.009,0.0094
2011-07-08,32.33,32.28,33.25,32.05,121052.0,星期五,-0.0143,-0.0015
2011-07-07,33.38,32.8,34.28,32.7,199661.0,星期四,0.0024,-0.0174
2011-07-06,33.62,33.3,34.05,33.18,200587.0,星期三,-0.01,-0.0095
2011-07-05,32.52,33.96,34.28,32.1,307972.0,星期二,-0.0079,0.0443
2011-07-04,32.48,32.78,33.25,31.93,240110.0,星期一,0.0,0.0092
2011-07-01,33.31,32.48,33.61,32.31,187052.0,星期五,0.0,-0.0249
2011-06-30,33.31,33.31,34.08,33.25,175630.0,星期四,0.0006,0.0
2011-06-29,34.03,33.29,34.63,33.15,247922.0,星期三,-0.0108,-0.0217
2011-06-28,32.46,34.4,35.2,31.91,463531.0,星期二,-0.0064,0.0598
2011-06-27,33.29,32.67,33.79,32.2,391741.0,星期一,-0.0174,-0.0186
2011-06-24,33.01,33.88,35.13,32.6,254694.0,星期五,-0.0167,0.0264
2011-06-23,32.8,33.57,35.48,32.0,400777.0,星期四,-0.007,0.0235
2011-06-22,29.8,33.03,33.03,29.51,331523.0,星期三,-0.0077,0.1084
2011-06-21,30.6,30.03,30.8,28.68,216458.0,星期二,0.0049,-0.0186
2011-06-20,29.9,30.45,30.68,29.17,232295.0,星期一,-0.0459,0.0184
2011-06-17,34.5,31.34,34.5,31.34,272184.0,星期五,-0.0092,-0.0916
2011-06-16,35.5,34.82,36.3,34.5,191365.0,星期四,-0.007,-0.0192
2011-06-15,34.71,35.75,35.99,34.2,250893.0,星期三,-0.0209,0.03
2011-06-14,36.1,35.45,36.98,35.22,237822.0,星期二,-0.0008,-0.018
2011-06-13,37.15,36.13,38.1,33.27,321799.0,星期一,0.0049,-0.0275
2011-06-10,35.5,36.97,38.4,35.49,358140.0,星期五,-0.0098,0.0414
2011-06-09,34.59,35.85,37.79,34.3,411593.0,星期四,-0.0006,0.0364
2011-06-08,33.6,34.61,34.61,32.5,448920.0,星期三,0.068,0.0301
2011-06-03,29.0,31.46,31.48,28.5,396345.0,星期五,0.0042,0.0848
2011-06-02,28.22,28.88,29.64,27.62,264861.0,星期四,-0.015,0.0234
2011-06-01,27.94,28.65,29.2,27.37,236342.0,星期三,-0.0152,0.0254
2011-05-31,27.0,28.37,29.5,26.82,341468.0,星期二,-0.0217,0.0507
2011-05-30,25.4,27.6,27.61,24.26,277657.0,星期一,0.0115,0.0866
2011-05-27,26.7,25.11,27.0,24.6,241006.0,星期五,-0.0184,-0.0596
2011-05-26,28.75,27.2,29.16,27.01,279245.0,星期四,0.013,-0.0539
2011-05-25,28.0,28.38,28.84,26.87,432856.0,星期三,0.0152,0.0136
2011-05-24,25.34,27.58,27.58,25.34,455432.0,星期二,0.0108,0.0884
2011-05-23,24.6,25.07,26.4,24.01,243334.0,星期一,0.0237,0.0191
2011-05-19,24.6,24.03,24.88,24.01,109428.0,星期四,0.0041,-0.0232
2011-05-18,23.18,24.5,24.5,23.0,136741.0,星期三,-0.0178,0.0569
2011-05-17,23.48,23.6,24.28,22.59,136070.0,星期二,-0.0004,0.0051
2011-05-16,24.14,23.49,24.3,23.21,110012.0,星期一,-0.0025,-0.0269
2011-05-13,24.7,24.2,24.99,23.56,145167.0,星期五,0.0111,-0.0202
2011-05-12,25.5,24.43,26.28,24.4,195865.0,星期四,-0.0086,-0.042
2011-05-11,25.51,25.72,26.75,25.25,242893.0,星期三,-0.0066,0.0082
2011-05-10,24.73,25.68,26.39,24.28,233366.0,星期二,0.0,0.0384
2011-05-09,25.08,24.73,25.35,24.57,191211.0,星期一,-0.0157,-0.014
2011-05-06,23.6,25.48,26.27,23.38,269014.0,星期五,-0.015,0.0797
2011-05-05,23.67,23.96,24.45,23.1,139296.0,星期四,0.0,0.0123
2011-05-04,23.46,23.67,24.78,22.91,224147.0,星期三,-0.0122,0.009
2011-05-03,22.9,23.75,24.15,22.39,253647.0,星期二,-0.018,0.0371
2011-04-29,21.15,23.32,23.32,21.0,316978.0,星期五,-0.0024,0.1026
2011-04-28,22.45,21.2,22.75,20.72,156689.0,星期四,0.0022,-0.0557
2011-04-27,22.4,22.4,22.88,21.61,168567.0,星期三,-0.0106,0.0
2011-04-26,24.13,22.64,24.36,22.5,190914.0,星期二,-0.0008,-0.0617
2011-04-25,23.98,24.15,24.47,23.81,148953.0,星期一,0.0088,0.0071
2011-04-22,23.88,23.77,24.37,23.51,168477.0,星期五,-0.0004,-0.0046
2011-04-21,24.2,23.89,24.5,23.0,224014.0,星期四,-0.0004,-0.0128
2011-04-20,23.81,24.21,24.46,23.8,211315.0,星期三,-0.0038,0.0168
2011-04-19,25.5,23.9,25.8,23.9,300406.0,星期二,-0.0192,-0.0627
2011-04-18,25.41,26.0,26.39,24.81,292255.0,星期一,-0.0051,0.0232
2011-04-15,25.51,25.54,26.26,25.26,253161.0,星期五,-0.0078,0.0012
2011-04-14,25.6,25.71,26.07,25.21,261104.0,星期四,-0.0043,0.0043
2011-04-13,26.01,25.71,26.3,25.01,361923.0,星期三,-0.0298,-0.0115
2011-04-12,29.8,26.81,30.24,26.81,597381.0,星期二,0.0003,-0.1003
2011-04-11,26.8,29.79,29.79,26.52,499458.0,星期一,-0.0103,0.1116
2011-04-08,26.61,27.08,27.2,26.25,296923.0,星期五,0.0042,0.0177
2011-04-07,27.4,26.5,27.4,25.9,320552.0,星期四,-0.0015,-0.0328
2011-04-06,26.72,27.44,29.0,26.72,401920.0,星期三,-0.0063,0.0269
2011-04-01,27.88,26.89,28.58,26.01,477781.0,星期五,-0.0176,-0.0355
2011-03-28,26.44,28.38,28.38,26.0,554974.0,星期一,0.0248,0.0734
2011-03-25,23.25,25.8,25.8,23.1,630879.0,星期五,-0.0085,0.1097
2011-03-24,23.06,23.45,23.83,22.68,493447.0,星期四,-0.006,0.0169
2011-03-23,21.65,23.2,24.05,21.64,604035.0,星期三,-0.0132,0.0716
2011-03-22,21.51,21.94,23.1,21.42,547730.0,星期二,-0.0169,0.02
2011-03-21,21.1,21.88,22.75,20.98,887498.0,星期一,0.0,0.037
2011-03-18,21.1,21.1,21.1,20.96,856534.0,星期五,0.1001,0.0
2011-03-17,19.18,19.18,19.18,19.18,53863.0,星期四,0.0998,0.0
2011-03-16,17.44,17.44,17.44,17.44,17758.0,星期三,0.1003,0.0
2011-03-15,15.85,15.85,15.85,15.85,28977.0,星期二,0.0999,0.0
2011-03-10,13.53,14.41,14.88,13.46,266069.0,星期四,-0.0124,0.065
2011-03-09,13.55,13.7,13.74,13.15,155272.0,星期三,-0.0095,0.0111
2011-03-08,13.9,13.68,14.08,13.47,187627.0,星期二,-0.0071,-0.0158
2011-03-07,13.68,14.0,14.0,13.45,243400.0,星期一,0.0096,0.0234
2011-03-04,13.1,13.55,13.63,12.86,176482.0,星期五,-0.0061,0.0344
2011-03-03,13.2,13.18,13.63,12.9,183829.0,星期四,-0.0038,-0.0015
2011-03-02,13.1,13.25,13.28,12.88,128440.0,星期三,-0.0143,0.0115
2011-03-01,13.0,13.29,13.47,12.73,182292.0,星期二,0.0078,0.0223
2011-02-28,12.36,12.9,13.28,12.2,207655.0,星期一,0.0,0.0437
2011-02-25,12.4,12.36,12.55,12.16,156059.0,星期五,0.0,-0.0032
2011-02-24,11.95,12.4,12.52,11.87,180874.0,星期四,-0.0132,0.0377
2011-02-23,11.5,12.11,12.55,11.33,244845.0,星期三,0.0,0.053
2011-02-22,10.93,11.5,11.85,10.93,246526.0,星期二,-0.0036,0.0522
2011-02-21,10.76,10.97,11.14,10.45,101114.0,星期一,-0.0046,0.0195
2011-02-18,11.18,10.81,11.19,10.76,118425.0,星期五,0.0,-0.0331
2011-02-17,11.2,11.18,11.42,10.9,143511.0,星期四,-0.0158,-0.0018
2011-02-16,10.64,11.38,11.44,10.59,216201.0,星期三,-0.0047,0.0695
2011-02-15,10.62,10.69,11.05,10.41,158346.0,星期二,0.0038,0.0066
2011-02-14,10.42,10.58,10.59,10.25,149466.0,星期一,0.0,0.0154
2011-02-11,10.2,10.42,10.58,10.07,148651.0,星期五,-0.0039,0.0216
2011-02-10,9.32,10.24,10.24,9.3,134510.0,星期四,0.0011,0.0987
2011-02-09,9.19,9.31,9.6,9.1,52508.0,星期三,-0.0097,0.0131
2011-02-01,9.21,9.28,9.36,9.16,38486.0,星期二,0.0,0.0076
2011-01-31,9.09,9.21,9.27,9.03,51789.0,星期一,0.0,0.0132
2011-01-28,9.0,9.09,9.16,8.96,55735.0,星期五,0.0033,0.01
2011-01-27,8.83,8.97,9.03,8.75,59499.0,星期四,-0.0112,0.0159
2011-01-26,8.7,8.93,8.96,8.69,67890.0,星期三,0.0,0.0264
2011-01-25,9.18,8.7,9.18,8.62,49516.0,星期二,-0.0022,-0.0523
2011-01-24,9.58,9.2,9.6,9.15,56220.0,星期一,0.0031,-0.0397
2011-01-21,9.44,9.55,9.75,9.42,25452.0,星期五,-0.0021,0.0117
2011-01-20,9.83,9.46,9.84,9.41,38055.0,星期四,-0.002,-0.0376
2011-01-19,9.59,9.85,9.94,9.58,48885.0,星期三,0.0021,0.0271
2011-01-18,9.57,9.57,9.65,9.41,44187.0,星期二,0.0074,0.0
2011-01-17,9.95,9.5,9.99,9.44,44426.0,星期一,-0.008,-0.0452
2011-01-14,10.38,10.03,10.39,9.86,73717.0,星期五,-0.0048,-0.0337
2011-01-13,10.4,10.43,10.52,10.34,72170.0,星期四,0.0029,0.0029
2011-01-12,10.85,10.37,10.86,10.31,99749.0,星期三,0.0074,-0.0442
2011-01-11,11.35,10.77,11.39,10.68,73105.0,星期二,-0.0199,-0.0511
2011-01-10,11.42,11.58,11.64,11.22,58385.0,星期一,-0.013,0.014
2011-01-07,11.52,11.57,11.65,11.38,30376.0,星期五,-0.0043,0.0043
2011-01-06,11.71,11.57,11.74,11.55,30436.0,星期四,0.0,-0.012
2011-01-05,11.52,11.71,11.88,11.44,44402.0,星期三,-0.0017,0.0165
2011-01-04,11.59,11.54,11.66,11.38,39768.0,星期二,0.0105,-0.0043
2010-12-31,11.25,11.47,11.49,11.25,34982.0,星期五,0.0018,0.0196
2010-12-30,11.22,11.23,11.3,11.12,25635.0,星期四,0.0009,0.0009
2010-12-29,11.18,11.21,11.29,11.02,28861.0,星期三,0.0036,0.0027
2010-12-28,11.52,11.14,11.7,11.11,43757.0,星期二,-0.0229,-0.033
2010-12-27,12.04,11.79,12.28,11.4,51055.0,星期一,0.0033,-0.0208
2010-12-24,12.4,12.0,12.4,11.85,56869.0,星期五,-0.008,-0.0323
2010-12-23,12.7,12.5,12.84,12.33,100444.0,星期四,0.012,-0.0157
2010-12-22,12.45,12.55,12.56,12.16,83053.0,星期三,-0.0008,0.008
2010-12-21,12.06,12.46,12.59,12.06,86622.0,星期二,-0.0058,0.0332
2010-12-20,12.47,12.13,12.58,11.82,66971.0,星期一,0.0024,-0.0273
2010-12-17,12.45,12.44,12.65,12.4,56558.0,星期五,-0.0088,-0.0008
2010-12-16,12.46,12.56,12.85,12.42,139077.0,星期四,-0.0032,0.008
2010-12-15,12.38,12.5,12.65,12.22,144021.0,星期三,-0.0008,0.0097
2010-12-14,12.01,12.39,12.56,11.85,133708.0,星期二,0.0017,0.0316
2010-12-13,11.7,11.99,12.06,11.69,46413.0,星期一,-0.0059,0.0248
2010-12-10,11.6,11.77,11.95,11.51,40841.0,星期五,-0.0034,0.0147
2010-12-09,12.2,11.64,12.2,11.61,56047.0,星期四,-0.0025,-0.0459
2010-12-08,12.03,12.23,12.35,11.86,82628.0,星期三,-0.0033,0.0166
2010-12-07,11.94,12.07,12.29,11.65,49433.0,星期二,-0.0213,0.0109
2010-12-03,12.11,12.2,12.39,11.63,77386.0,星期五,-0.0016,0.0074
2010-12-02,12.31,12.13,12.45,12.12,67684.0,星期四,0.0115,-0.0146
2010-12-01,11.75,12.17,12.5,11.75,87207.0,星期三,-0.0109,0.0357
2010-11-30,12.3,11.88,12.4,11.46,81820.0,星期二,0.0,-0.0341
2010-11-29,12.47,12.3,12.5,12.15,102084.0,星期一,-0.0008,-0.0136
2010-11-26,11.9,12.48,12.79,11.78,191887.0,星期五,0.0025,0.0487
2010-11-25,11.7,11.87,11.97,11.65,84265.0,星期四,-0.0009,0.0145
2010-11-24,11.36,11.71,11.74,11.1,66639.0,星期三,-0.007,0.0308
2010-11-23,11.5,11.44,11.67,11.21,46308.0,星期二,-0.0043,-0.0052
2010-11-22,11.44,11.55,11.67,11.35,54230.0,星期一,-0.0069,0.0096
2010-11-19,11.26,11.52,11.55,11.14,50792.0,星期五,0.0045,0.0231
2010-11-18,11.18,11.21,11.3,10.99,37807.0,星期四,0.009,0.0027
2010-11-17,11.38,11.08,11.57,11.02,45564.0,星期三,-0.0018,-0.0264
2010-11-16,12.1,11.4,12.1,11.21,85459.0,星期二,0.0058,-0.0579
2010-11-15,11.64,12.03,12.03,11.64,75334.0,星期一,0.0,0.0335
2010-11-12,12.7,11.64,12.78,11.51,131738.0,星期五,-0.0016,-0.0835
2010-11-11,13.12,12.72,13.21,12.7,154143.0,星期四,-0.0015,-0.0305
2010-11-10,13.35,13.14,13.75,13.12,225331.0,星期三,-0.0089,-0.0157
2010-11-09,13.1,13.47,13.59,12.91,282839.0,星期二,-0.0061,0.0282
2010-11-08,12.65,13.18,13.26,12.51,261227.0,星期一,-0.0094,0.0419
2010-11-05,12.4,12.77,12.89,12.17,224518.0,星期五,0.0008,0.0298
2010-11-04,12.32,12.39,12.48,12.15,93219.0,星期四,-0.0008,0.0057
2010-11-03,12.25,12.33,12.58,12.24,97184.0,星期三,-0.0073,0.0065
2010-11-02,12.5,12.34,12.8,12.18,171478.0,星期二,-0.004,-0.0128
2010-11-01,12.3,12.55,12.69,12.19,149549.0,星期一,0.0,0.0203
2010-10-29,12.07,12.3,12.3,12.0,79186.0,星期五,0.0067,0.0191
2010-10-28,12.15,11.99,12.32,11.85,67291.0,星期四,-0.0016,-0.0132
2010-10-27,12.62,12.17,12.65,12.1,128416.0,星期三,0.0008,-0.0357
2010-10-26,11.8,12.61,12.98,11.78,239663.0,星期二,-0.0042,0.0686
2010-10-25,11.6,11.85,11.95,11.55,79182.0,星期一,-0.0017,0.0216
2010-10-22,11.64,11.62,11.8,11.47,62694.0,星期五,-0.006,-0.0017
2010-10-21,11.38,11.71,11.85,11.25,90145.0,星期四,-0.0009,0.029
2010-10-20,11.35,11.39,11.59,11.08,66381.0,星期三,-0.0053,0.0035
2010-10-19,11.11,11.41,11.41,10.98,52513.0,星期二,-0.0036,0.027
2010-10-18,11.64,11.15,11.64,10.85,87900.0,星期一,-0.0051,-0.0421
2010-10-15,11.57,11.7,11.96,11.5,68744.0,星期五,-0.0052,0.0112
2010-10-14,12.38,11.63,12.42,11.61,115274.0,星期四,0.0008,-0.0606
2010-10-13,12.55,12.37,12.55,12.22,91483.0,星期三,-0.0055,-0.0143
2010-10-12,12.08,12.62,12.66,12.0,130814.0,星期二,-0.0058,0.0447
2010-10-11,12.19,12.15,12.46,11.98,94716.0,星期一,0.0008,-0.0033
2010-10-08,11.99,12.18,12.42,11.86,84494.0,星期五,0.023,0.0158
2010-09-30,11.61,11.72,11.76,11.58,31918.0,星期四,-0.0034,0.0095
2010-09-29,12.06,11.65,12.17,11.58,41801.0,星期三,-0.0008,-0.034
2010-09-28,11.89,12.07,12.25,11.81,60079.0,星期二,-0.0017,0.0151
2010-09-27,11.42,11.91,11.95,11.42,43898.0,星期一,-0.0026,0.0429
2010-09-21,11.55,11.45,11.6,11.38,28048.0,星期二,0.0043,-0.0087
2010-09-20,12.01,11.5,12.1,11.38,55393.0,星期一,0.0017,-0.0425
2010-09-17,12.15,11.99,12.22,11.93,48809.0,星期五,0.005,-0.0132
2010-09-16,12.38,12.09,12.47,11.88,93775.0,星期四,-0.0096,-0.0234
2010-09-15,13.0,12.5,13.28,12.43,149814.0,星期三,-0.0015,-0.0385
2010-09-14,12.68,13.02,13.29,12.51,195263.0,星期二,0.0136,0.0268
2010-09-13,12.36,12.51,12.67,12.25,98542.0,星期一,0.0008,0.0121
2010-09-10,12.2,12.35,12.54,11.85,123295.0,星期五,-0.0177,0.0123
2010-09-09,12.46,12.42,12.65,12.22,122341.0,星期四,0.0,-0.0032
2010-09-08,12.4,12.46,12.53,12.24,111214.0,星期三,-0.0151,0.0048
2010-09-07,12.3,12.59,12.95,12.15,162105.0,星期二,-0.012,0.0236
2010-09-06,13.09,12.45,13.1,12.4,213307.0,星期一,0.0,-0.0489
2010-09-03,13.21,13.09,13.8,12.88,464754.0,星期五,0.0217,-0.0091
2010-09-02,11.81,12.93,12.93,11.6,384705.0,星期四,0.0051,0.0948
2010-09-01,11.6,11.75,12.05,11.51,198212.0,星期三,0.0026,0.0129
2010-08-31,11.3,11.57,11.85,11.25,174060.0,星期二,-0.0018,0.0239
2010-08-30,11.2,11.32,11.36,11.08,80203.0,星期一,0.0099,0.0107
2010-08-27,10.99,11.09,11.17,10.91,50254.0,星期五,-0.0045,0.0091
2010-08-26,10.85,11.04,11.2,10.7,63368.0,星期四,0.0018,0.0175
2010-08-25,11.06,10.83,11.15,10.82,54077.0,星期三,-0.009,-0.0208
2010-08-24,10.84,11.16,11.2,10.84,57732.0,星期二,-0.0055,0.0295
2010-08-23,11.0,10.9,11.14,10.8,69441.0,星期一,-0.0045,-0.0091
2010-08-20,11.26,11.05,11.49,11.03,69029.0,星期五,-0.0079,-0.0187
2010-08-19,11.29,11.35,11.47,11.15,84302.0,星期四,-0.0018,0.0053
2010-08-18,11.6,11.31,11.62,11.19,96199.0,星期三,0.0035,-0.025
2010-08-17,11.56,11.56,11.68,11.41,106481.0,星期二,0.0,0.0
2010-08-16,11.42,11.56,11.64,11.21,135110.0,星期一,-0.0035,0.0123
2010-08-13,11.64,11.46,11.64,11.13,110068.0,星期五,0.0104,-0.0155
2010-08-12,11.21,11.52,11.73,11.13,192387.0,星期四,-0.0175,0.0277
2010-08-11,10.78,11.41,11.5,10.78,149308.0,星期三,-0.0164,0.0584
2010-08-10,11.25,10.96,11.58,10.96,123591.0,星期二,-0.0062,-0.0258
2010-08-09,11.35,11.32,11.37,11.1,130260.0,星期一,0.0027,-0.0026
2010-08-06,10.85,11.32,11.44,10.78,211987.0,星期五,-0.0009,0.0433
2010-08-05,10.63,10.86,10.88,10.52,95186.0,星期四,0.0009,0.0216
2010-08-04,10.52,10.62,10.66,10.38,58660.0,星期三,-0.0085,0.0095
2010-08-03,10.85,10.61,10.93,10.6,71423.0,星期二,0.0009,-0.0221
2010-08-02,10.67,10.84,10.9,10.63,82800.0,星期一,0.0009,0.0159
2010-07-30,10.74,10.66,10.82,10.55,62578.0,星期五,-0.0083,-0.0074
2010-07-29,10.75,10.83,10.93,10.62,105740.0,星期四,-0.0046,0.0074
2010-07-28,10.55,10.8,10.85,10.41,106928.0,星期三,-0.0066,0.0237
2010-07-27,10.6,10.62,10.84,10.45,84964.0,星期二,-0.0019,0.0019
2010-07-26,10.3,10.62,10.75,10.27,89122.0,星期一,-0.0039,0.0311
2010-07-23,10.48,10.34,10.54,10.25,61665.0,星期五,0.0019,-0.0134
2010-07-22,10.4,10.46,10.49,10.27,76831.0,星期四,-0.0076,0.0058
2010-07-21,10.35,10.48,10.64,10.27,108763.0,星期三,-0.0058,0.0126
2010-07-20,10.15,10.41,10.49,10.11,115361.0,星期二,-0.0049,0.0256
2010-07-19,9.75,10.2,10.22,9.7,82226.0,星期一,-0.026,0.0462
2010-07-16,9.7,10.01,10.01,9.5,66594.0,星期五,-0.0251,0.032
2010-07-15,9.8,9.95,10.54,9.57,118670.0,星期四,0.0082,0.0153
2010-07-14,9.7,9.72,9.88,9.59,34049.0,星期三,0.0083,0.0021
2010-07-13,9.8,9.62,9.83,9.5,41099.0,星期二,-0.0111,-0.0184
2010-07-12,9.84,9.91,10.05,9.78,58672.0,星期一,-0.001,0.0071
2010-07-09,9.53,9.85,9.98,9.48,68550.0,星期五,0.0,0.0336
2010-07-08,9.7,9.53,9.73,9.37,53050.0,星期四,-0.0041,-0.0175
2010-07-07,9.67,9.74,10.17,9.67,95873.0,星期三,0.019,0.0072
2010-07-06,9.0,9.49,9.77,9.0,69751.0,星期二,0.0022,0.0544
2010-07-05,8.8,8.98,9.09,8.71,31029.0,星期一,-0.0265,0.0205
2010-07-02,9.17,9.04,9.24,8.31,43433.0,星期五,0.0,-0.0142
2010-07-01,9.44,9.17,9.55,9.15,29461.0,星期四,0.0,-0.0286
2010-06-30,9.7,9.44,9.78,9.2,38249.0,星期三,-0.0122,-0.0268
2010-06-29,10.38,9.82,10.5,9.8,55775.0,星期二,0.0,-0.0539
2010-06-28,10.48,10.38,10.74,10.31,28318.0,星期一,-0.0057,-0.0095
2010-06-25,10.88,10.54,10.88,10.41,41508.0,星期五,0.0,-0.0313
2010-06-24,10.85,10.88,11.02,10.77,58577.0,星期四,-0.0199,0.0028
2010-06-23,10.65,11.07,11.5,10.6,121143.0,星期三,-0.0121,0.0394
2010-06-22,10.54,10.78,11.19,10.53,87103.0,星期二,-0.0085,0.0228
2010-06-21,10.12,10.63,10.79,10.0,60594.0,星期一,-0.0069,0.0504
2010-06-18,10.6,10.19,10.77,10.06,44206.0,星期五,-0.0093,-0.0387
2010-06-17,10.89,10.7,11.05,10.69,31486.0,星期四,0.0065,-0.0174
2010-06-11,11.0,10.82,11.1,10.8,51344.0,星期五,0.0138,-0.0164
2010-06-10,10.85,10.85,11.25,10.76,94703.0,星期四,-0.0055,0.0
2010-06-09,10.6,10.91,10.91,10.53,82878.0,星期三,0.0076,0.0292
2010-06-08,10.1,10.52,10.65,10.1,70887.0,星期二,-0.0059,0.0416
2010-06-07,10.06,10.16,10.24,9.98,34616.0,星期一,-0.0214,0.0099
2010-06-04,10.09,10.28,10.39,10.06,33786.0,星期五,-0.0156,0.0188
2010-06-03,10.6,10.25,10.68,10.23,52353.0,星期四,0.0057,-0.033
2010-06-02,10.29,10.54,10.54,10.08,47636.0,星期三,-0.0087,0.0243
2010-06-01,10.6,10.38,10.69,10.1,69861.0,星期二,-0.0239,-0.0208
2010-05-31,11.46,10.86,11.72,10.85,94858.0,星期一,0.0044,-0.0524
2010-05-28,11.39,11.41,11.64,11.2,105951.0,星期五,0.0071,0.0018
2010-05-27,11.14,11.31,11.35,10.9,96462.0,星期四,-0.0036,0.0153
2010-05-26,11.0,11.18,11.38,10.87,101686.0,星期三,-0.0205,0.0164
2010-05-25,11.35,11.23,11.68,11.18,215347.0,星期二,0.0384,-0.0106
2010-05-24,10.88,10.93,10.93,10.62,77401.0,星期一,0.0946,0.0046
2010-05-20,10.17,9.94,10.51,9.9,69014.0,星期四,-0.0088,-0.0226
2010-05-19,9.98,10.26,10.57,9.89,90236.0,星期三,-0.007,0.0281
2010-05-18,9.7,10.05,10.1,9.5,53637.0,星期二,0.001,0.0361
2010-05-17,10.11,9.69,10.35,9.65,47459.0,星期一,-0.0194,-0.0415
2010-05-14,10.13,10.31,10.47,9.95,54583.0,星期五,-0.0049,0.0178
2010-05-13,9.8,10.18,10.23,9.65,53204.0,星期四,-0.0051,0.0388
2010-05-12,10.16,9.85,10.24,9.58,51203.0,星期三,0.001,-0.0305
2010-05-11,11.07,10.15,11.24,10.13,54763.0,星期二,0.0241,-0.0831
2010-05-10,11.01,10.81,11.4,10.6,56754.0,星期一,-0.0018,-0.0182
2010-05-07,11.04,11.03,11.6,10.96,62141.0,星期五,-0.0316,-0.0009
2010-05-06,11.76,11.4,12.11,11.4,71131.0,星期四,0.0,-0.0306
2010-05-05,11.21,11.76,11.78,11.2,59410.0,星期三,-0.0141,0.0491
2010-05-04,11.0,11.37,12.08,11.0,94236.0,星期二,-0.0984,0.0336
2010-04-30,13.14,12.2,13.19,12.2,107772.0,星期五,-0.0303,-0.0715
2010-04-29,13.55,13.55,14.21,13.5,266914.0,星期四,-0.0059,0.0
2010-04-28,13.01,13.63,13.7,12.8,158860.0,星期三,-0.0166,0.0477
2010-04-27,13.5,13.23,13.66,12.61,89812.0,星期二,0.0,-0.02
2010-04-26,13.19,13.5,13.6,13.17,112367.0,星期一,0.0076,0.0235
2010-04-23,13.17,13.09,13.35,12.97,66663.0,星期五,-0.0038,-0.0061
2010-04-22,12.5,13.22,13.38,12.5,97066.0,星期四,-0.0181,0.0576
2010-04-21,12.45,12.73,12.77,12.37,61796.0,星期三,0.0008,0.0225
2010-04-20,12.28,12.44,12.55,11.93,55553.0,星期二,-0.0008,0.013
2010-04-19,13.0,12.29,13.0,12.26,61170.0,星期一,-0.0091,-0.0546
2010-04-16,13.06,13.12,13.36,12.85,42869.0,星期五,-0.0023,0.0046
2010-04-15,13.28,13.09,13.44,13.0,67384.0,星期四,-0.0156,-0.0143
2010-04-14,13.24,13.49,13.72,12.88,88342.0,星期三,-0.0008,0.0189
2010-04-13,13.82,13.25,13.82,12.68,112183.0,星期二,-0.0014,-0.0412
2010-04-12,13.87,13.84,13.92,13.51,113698.0,星期一,0.0036,-0.0022
2010-04-09,13.6,13.82,13.88,13.5,131849.0,星期五,-0.0173,0.0162
2010-04-08,13.38,13.84,14.35,13.38,319423.0,星期四,0.0206,0.0344
2010-04-07,13.34,13.11,13.35,13.0,96054.0,星期三,0.0,-0.0172
2010-04-06,12.64,13.34,13.4,12.64,186993.0,星期二,0.0016,0.0554
2010-04-02,12.66,12.62,12.73,12.53,54950.0,星期五,-0.0024,-0.0032
2010-04-01,12.54,12.69,12.71,12.5,67009.0,星期四,0.0,0.012
2010-03-31,12.78,12.54,12.78,12.51,54335.0,星期三,-0.0016,-0.0188
2010-03-30,12.68,12.8,12.81,12.5,69775.0,星期二,0.0008,0.0095
2010-03-29,12.59,12.67,12.77,12.42,68263.0,星期一,0.0016,0.0064
2010-03-26,12.5,12.57,12.63,12.33,62454.0,星期五,0.0016,0.0056
2010-03-25,13.08,12.48,13.08,12.46,114467.0,星期四,-0.0015,-0.0459
2010-03-24,13.42,13.1,13.48,13.1,102775.0,星期三,0.0037,-0.0238
2010-03-23,13.56,13.37,13.58,13.31,82724.0,星期二,0.0007,-0.014
2010-03-22,13.56,13.55,13.79,13.27,119650.0,星期一,-0.0066,-0.0007
2010-03-19,13.41,13.65,14.0,13.31,194024.0,星期五,0.0,0.0179
2010-03-18,13.48,13.41,13.58,13.35,103904.0,星期四,-0.0103,-0.0052
2010-03-17,13.3,13.62,13.79,13.12,152938.0,星期三,0.0008,0.0241
2010-03-16,12.9,13.29,13.39,12.89,115363.0,星期二,-0.0077,0.0302
2010-03-15,13.08,13.0,13.1,12.71,90182.0,星期一,-0.0136,-0.0061
2010-03-12,13.27,13.26,13.76,13.24,138975.0,星期五,0.0023,-0.0008
2010-03-11,13.57,13.24,13.65,13.09,110317.0,星期四,-0.0022,-0.0243
2010-03-10,13.68,13.6,13.98,13.5,100670.0,星期三,-0.0044,-0.0058
2010-03-09,13.8,13.74,13.84,13.37,121160.0,星期二,-0.0129,-0.0043
2010-03-08,13.64,13.98,14.47,13.55,216019.0,星期一,0.0134,0.0249
2010-03-05,13.69,13.46,14.05,13.3,160160.0,星期五,-0.0151,-0.0168
2010-03-04,13.99,13.9,14.58,13.81,232525.0,星期四,0.0021,-0.0064
2010-03-03,14.1,13.96,14.17,13.66,167989.0,星期三,-0.0021,-0.0099
2010-03-02,14.47,14.13,14.63,14.01,232499.0,星期二,-0.0062,-0.0235
2010-03-01,14.3,14.56,15.29,14.0,360554.0,星期一,0.0007,0.0182
2010-02-26,14.17,14.29,14.56,13.91,369558.0,星期五,-0.0167,0.0085
2010-02-25,13.12,14.41,14.41,12.92,552976.0,星期四,0.0015,0.0983
2010-02-24,13.13,13.1,13.43,12.9,258661.0,星期三,-0.0252,-0.0023
2010-02-23,13.0,13.47,13.98,12.71,482575.0,星期二,-0.0262,0.0362
2010-02-22,12.38,13.35,13.62,12.25,520708.0,星期一,0.0,0.0784
2010-02-12,12.25,12.38,12.64,12.06,231590.0,星期五,0.0074,0.0106
2010-02-11,12.8,12.16,13.2,12.09,231981.0,星期四,-0.0108,-0.05
2010-02-10,12.7,12.94,13.28,12.28,266892.0,星期三,-0.0086,0.0189
2010-02-09,12.8,12.81,13.99,12.56,353762.0,星期二,-0.0303,0.0008
2010-02-08,13.04,13.2,13.28,12.25,398303.0,星期一,-0.0203,0.0123
2010-02-05,13.21,13.31,13.31,12.23,757523.0,星期五,0.0917,0.0076
2010-02-04,11.65,12.1,12.1,11.63,123747.0,星期四,0.0591,0.0386
2010-02-03,10.12,11.0,11.0,10.12,215455.0,星期三,0.012,0.087
2010-02-02,9.97,10.0,10.4,9.95,90406.0,星期二,0.0061,0.003
2010-02-01,10.1,9.91,10.11,9.68,73231.0,星期一,-0.0079,-0.0188
2010-01-29,10.02,10.18,10.45,9.94,101103.0,星期五,-0.0138,0.016
2010-01-28,9.76,10.16,10.18,9.52,93370.0,星期四,-0.0091,0.041
2010-01-27,9.83,9.85,10.2,9.5,108916.0,星期三,0.0051,0.002
2010-01-26,10.35,9.78,10.56,9.68,145096.0,星期二,-0.03,-0.0551
2010-01-25,11.76,10.67,12.1,10.58,210670.0,星期一,0.037,-0.0927
2010-01-22,11.6,11.34,11.87,11.05,155217.0,星期五,-0.0301,-0.0224
2010-01-21,11.5,11.96,12.3,11.38,203621.0,星期四,0.0132,0.04
2010-01-20,11.65,11.35,11.92,11.13,167398.0,星期三,0.0017,-0.0258
2010-01-19,11.6,11.63,11.94,11.45,132798.0,星期二,-0.0161,0.0026
2010-01-18,11.25,11.79,11.96,11.13,224995.0,星期一,-0.0071,0.048
2010-01-15,11.38,11.33,11.48,11.02,187914.0,星期五,-0.0147,-0.0044
2010-01-14,11.12,11.55,11.69,11.04,309409.0,星期四,-0.0124,0.0387
2010-01-13,11.2,11.26,11.5,11.1,275052.0,星期三,-0.0088,0.0054
2010-01-12,11.3,11.3,12.0,11.01,527516.0,星期二,0.031,0.0
2010-01-11,10.3,10.96,10.96,10.1,260506.0,星期一,0.0341,0.0641
2010-01-08,9.56,9.96,9.97,9.45,181686.0,星期五,0.0,0.0418
2010-01-07,9.37,9.56,9.76,9.29,147591.0,星期四,0.0086,0.0203
2010-01-06,9.17,9.29,9.74,9.02,142171.0,星期三,0.0055,0.0131
2010-01-05,8.92,9.12,9.15,8.81,61204.0,星期二,0.0,0.0224
2010-01-04,9.06,8.92,9.1,8.89,43345.0,星期一,0.0055,-0.0155
2009-12-31,8.99,9.01,9.07,8.91,37919.0,星期四,-0.0044,0.0022
2009-12-30,9.01,9.03,9.07,8.8,48949.0,星期三,-0.0088,0.0022
2009-12-29,8.9,9.09,9.16,8.35,78596.0,星期二,0.0011,0.0213
2009-12-28,8.78,8.89,8.89,8.76,44390.0,星期一,-0.0068,0.0125
2009-12-25,8.77,8.84,8.92,8.7,42966.0,星期五,0.0011,0.008
2009-12-24,8.57,8.76,8.88,8.46,62070.0,星期四,-0.0023,0.0222
2009-12-23,8.25,8.59,8.6,8.15,45356.0,星期三,0.021,0.0412
2009-12-22,8.35,8.08,8.37,8.0,35795.0,星期二,-0.0024,-0.0323
2009-12-21,8.29,8.37,8.39,8.18,29522.0,星期一,0.0036,0.0097
2009-12-18,8.68,8.26,8.68,8.18,48641.0,星期五,-0.0034,-0.0484
2009-12-17,9.09,8.71,9.15,8.68,57302.0,星期四,0.0022,-0.0418
2009-12-16,9.1,9.07,9.21,9.01,35560.0,星期三,-0.0055,-0.0033
2009-12-15,9.12,9.15,9.26,9.01,40369.0,星期二,-0.0055,0.0033
2009-12-14,9.27,9.17,9.4,8.98,50118.0,星期一,-0.0075,-0.0108
2009-12-11,9.25,9.34,9.4,9.2,64866.0,星期五,0.0131,0.0097
2009-12-10,9.18,9.13,9.25,9.03,34301.0,星期四,0.0144,-0.0054
2009-12-09,9.21,9.05,9.22,9.02,42838.0,星期三,-0.0075,-0.0174
2009-12-08,9.32,9.28,9.45,9.2,65559.0,星期二,0.0141,-0.0043
2009-12-04,9.65,9.19,9.83,9.0,133189.0,星期五,-0.0072,-0.0477
2009-12-03,9.6,9.72,9.74,9.45,88227.0,星期四,-0.0134,0.0125
2009-12-02,9.5,9.73,9.85,9.33,124897.0,星期三,-0.0052,0.0242
2009-12-01,9.15,9.55,9.6,9.14,92460.0,星期二,-0.0087,0.0437
2009-11-30,8.73,9.23,9.25,8.73,72327.0,星期一,0.0,0.0573
2009-11-27,9.0,8.73,9.28,8.56,90742.0,星期五,-0.0312,-0.03
2009-11-26,10.14,9.29,10.18,9.2,171296.0,星期四,0.005,-0.0838
2009-11-25,9.65,10.09,10.1,9.15,217942.0,星期三,0.0,0.0456
2009-11-24,9.65,9.65,10.4,9.4,298848.0,星期二,-0.001,0.0
2009-11-23,9.34,9.66,9.78,9.3,151465.0,星期一,-0.0043,0.0343
2009-11-20,9.19,9.38,9.45,9.06,130350.0,星期五,-0.0011,0.0207
2009-11-19,9.01,9.2,9.2,9.0,94424.0,星期四,-0.0131,0.0211
2009-11-18,9.06,9.13,9.49,9.06,158269.0,星期三,0.0112,0.0077
2009-11-17,8.87,8.96,9.06,8.84,102608.0,星期二,-0.0011,0.0101
2009-11-16,8.77,8.88,8.94,8.76,114390.0,星期一,0.0034,0.0125
2009-11-13,8.63,8.74,8.83,8.56,60770.0,星期五,-0.0137,0.0127
2009-11-12,8.74,8.75,8.87,8.67,59202.0,星期四,0.0034,0.0011
2009-11-11,8.88,8.71,8.88,8.66,57751.0,星期三,-0.0022,-0.0191
2009-11-10,8.75,8.9,8.96,8.7,102916.0,星期二,-0.0079,0.0171
2009-11-09,8.93,8.82,9.28,8.8,222505.0,星期一,0.0384,-0.0123
2009-11-06,8.72,8.6,8.75,8.56,71845.0,星期五,0.0081,-0.0138
2009-11-05,8.49,8.65,8.65,8.39,70355.0,星期四,-0.0012,0.0188
2009-11-04,8.4,8.5,8.64,8.32,50037.0,星期三,-0.0094,0.0119
2009-11-03,8.23,8.48,8.55,8.23,61790.0,星期二,-0.0072,0.0304
2009-11-02,8.12,8.29,8.32,7.9,57492.0,星期一,-0.0098,0.0209
2009-10-30,8.35,8.2,8.4,8.19,31935.0,星期五,0.0133,-0.018
2009-10-29,8.58,8.24,8.58,8.21,38450.0,星期四,-0.0046,-0.0396
2009-10-28,8.49,8.62,8.75,8.41,80108.0,星期三,-0.0059,0.0153
2009-10-27,8.27,8.54,8.64,8.18,70566.0,星期二,-0.0024,0.0326
2009-10-26,8.39,8.29,8.42,8.2,41327.0,星期一,0.0024,-0.0119
2009-10-23,8.42,8.37,8.52,8.37,59663.0,星期五,0.0,-0.0059
2009-10-22,8.39,8.42,8.47,8.3,38648.0,星期四,-0.0012,0.0036
2009-10-21,8.5,8.4,8.57,8.35,65250.0,星期三,-0.007,-0.0118
2009-10-20,8.6,8.56,8.65,8.44,74982.0,星期二,0.0012,-0.0047
2009-10-19,8.55,8.59,8.64,8.3,93643.0,星期一,0.0,0.0047
2009-10-16,8.32,8.55,8.65,8.32,81268.0,星期五,0.0036,0.0276
2009-10-15,8.36,8.29,8.45,8.2,55807.0,星期四,-0.0036,-0.0084
2009-10-14,8.08,8.39,8.65,8.08,116775.0,星期三,0.0012,0.0384
2009-10-13,8.02,8.07,8.17,7.9,35369.0,星期二,-0.0062,0.0062
2009-10-12,8.14,8.07,8.15,8.0,32498.0,星期一,0.0087,-0.0086
2009-10-09,7.71,8.07,8.08,7.71,46310.0,星期五,0.0065,0.0467
2009-09-30,7.58,7.66,7.95,7.58,31755.0,星期三,0.004,0.0106
2009-09-29,8.1,7.55,8.14,7.4,62628.0,星期二,-0.0074,-0.0679
2009-09-28,8.4,8.16,8.79,8.0,106455.0,星期一,-0.0094,-0.0286
2009-09-25,8.03,8.48,8.64,7.88,189224.0,星期五,0.0,0.056
2009-09-24,7.87,8.03,8.25,7.61,92268.0,星期四,-0.0101,0.0203
2009-09-23,7.6,7.95,8.25,7.6,151928.0,星期三,-0.0013,0.0461
2009-09-22,7.84,7.61,7.98,7.6,60724.0,星期二,0.0,-0.0293
2009-09-21,7.48,7.84,7.85,7.32,46950.0,星期一,-0.0184,0.0481
2009-09-18,7.88,7.62,8.06,7.5,68214.0,星期五,-0.0051,-0.033
2009-09-17,7.75,7.92,7.96,7.68,74447.0,星期四,0.0013,0.0219
2009-09-16,7.7,7.74,7.75,7.47,65349.0,星期三,-0.0013,0.0052
2009-09-15,7.47,7.71,7.79,7.47,67814.0,星期二,-0.008,0.0321
2009-09-14,7.38,7.53,7.6,7.38,47576.0,星期一,-0.0027,0.0203
2009-09-11,7.38,7.4,7.52,7.28,57143.0,星期五,-0.0067,0.0027
2009-09-10,7.24,7.43,7.68,7.06,84942.0,星期四,-0.0014,0.0262
2009-09-09,7.36,7.25,7.42,7.13,39011.0,星期三,-0.0014,-0.0149
2009-09-08,7.28,7.37,7.38,7.18,38009.0,星期二,-0.0122,0.0124
2009-09-07,7.22,7.37,7.55,7.12,63199.0,星期一,0.0042,0.0208
2009-09-04,7.11,7.19,7.2,7.01,34344.0,星期五,0.0028,0.0113
2009-09-03,6.79,7.09,7.14,6.77,34624.0,星期四,0.003,0.0442
2009-09-02,6.71,6.77,6.89,6.62,16839.0,星期三,0.006,0.0089
2009-09-01,6.6,6.67,6.87,6.51,25685.0,星期二,-0.009,0.0106
2009-08-31,7.29,6.66,7.29,6.66,42427.0,星期一,-0.0149,-0.0864
2009-08-28,7.65,7.4,7.74,7.3,40940.0,星期五,-0.0142,-0.0327
2009-08-27,7.61,7.76,7.93,7.48,53292.0,星期四,0.004,0.0197
2009-08-26,7.5,7.58,7.85,7.2,63628.0,星期三,-0.0092,0.0107
2009-08-25,7.29,7.57,7.67,7.03,93860.0,星期二,0.0,0.0384
2009-08-24,7.15,7.29,7.33,7.05,56201.0,星期一,-0.0042,0.0196
2009-08-21,6.79,7.18,7.23,6.76,68225.0,星期五,0.0059,0.0574
2009-08-20,6.5,6.75,6.81,6.48,33049.0,星期四,0.0,0.0385
2009-08-19,6.96,6.5,7.0,6.43,35523.0,星期三,0.0014,-0.0661
2009-08-18,6.65,6.95,7.06,6.63,39558.0,星期二,-0.0089,0.0451
2009-08-17,7.35,6.71,7.35,6.68,46093.0,星期一,0.0,-0.0871
2009-08-14,8.03,7.35,8.1,7.35,51128.0,星期五,0.0,-0.0847
2009-08-13,8.03,8.03,8.15,7.77,42615.0,星期四,-0.0025,0.0
2009-08-12,8.65,8.05,8.65,8.03,55834.0,星期三,-0.0046,-0.0694
2009-08-11,8.5,8.69,8.78,8.4,39550.0,星期二,0.0,0.0224
2009-08-10,8.69,8.5,8.85,8.29,63630.0,星期一,0.0023,-0.0219
2009-08-07,9.19,8.67,9.24,8.62,95396.0,星期五,-0.0097,-0.0566
2009-08-06,9.56,9.28,9.57,9.12,151236.0,星期四,-0.0285,-0.0293
2009-08-05,8.97,9.84,9.88,8.85,291856.0,星期三,-0.0011,0.097
2009-08-04,9.16,8.98,9.18,8.81,86891.0,星期二,0.0,-0.0197
2009-08-03,8.9,9.16,9.21,8.89,150355.0,星期一,0.0011,0.0292
2009-07-31,8.79,8.89,8.89,8.62,106404.0,星期五,0.0034,0.0114
2009-07-30,8.53,8.76,8.88,8.51,116279.0,星期四,0.0024,0.027
2009-07-29,8.77,8.51,8.84,7.89,79116.0,星期三,0.0,-0.0296
2009-07-28,8.71,8.77,8.78,8.56,70126.0,星期二,0.0,0.0069
2009-07-27,8.59,8.71,8.78,8.57,69313.0,星期一,0.0,0.014
2009-07-24,8.83,8.59,8.89,8.5,82165.0,星期五,0.0011,-0.0272
2009-07-23,8.8,8.82,8.91,8.73,49696.0,星期四,-0.0023,0.0023
2009-07-22,8.82,8.82,8.93,8.71,83324.0,星期三,-0.0023,0.0
2009-07-21,9.29,8.84,9.3,8.8,119060.0,星期二,0.0032,-0.0484
2009-07-20,9.02,9.26,9.28,9.02,167733.0,星期一,0.0045,0.0266
2009-07-17,8.88,8.98,9.03,8.8,103146.0,星期五,0.0,0.0113
2009-07-16,9.04,8.88,9.1,8.81,95939.0,星期四,0.0044,-0.0177
2009-07-15,8.84,9.0,9.0,8.79,116503.0,星期三,0.0011,0.0181
2009-07-14,8.85,8.83,8.9,8.72,69621.0,星期二,0.0091,-0.0023
2009-07-13,8.87,8.77,9.07,8.75,90512.0,星期一,-0.0034,-0.0113
2009-07-10,8.97,8.9,9.34,8.84,142253.0,星期五,0.0011,-0.0078
2009-07-09,8.57,8.96,8.99,8.57,146455.0,星期四,0.0012,0.0455
2009-07-08,8.51,8.56,8.65,8.46,77712.0,星期三,-0.0105,0.0059
2009-07-07,8.59,8.6,8.8,8.42,126881.0,星期二,-0.0012,0.0012
2009-07-06,8.5,8.6,8.66,8.4,95865.0,星期一,0.0012,0.0118
2009-07-03,8.68,8.49,8.68,8.41,81903.0,星期五,0.0105,-0.0219
2009-07-02,8.6,8.59,8.72,8.42,96851.0,星期四,0.0023,-0.0012
2009-07-01,8.65,8.58,8.69,8.51,101295.0,星期三,-0.0137,-0.0081
2009-06-30,8.73,8.77,8.98,8.4,168149.0,星期二,-0.0268,0.0046
2009-06-26,9.3,8.97,9.39,8.74,321434.0,星期五,-0.0422,-0.0355
2009-06-25,8.99,9.71,9.93,8.9,226223.0,星期四,-0.0044,0.0801
2009-06-24,8.63,9.03,9.28,8.52,110178.0,星期三,0.0035,0.0463
2009-06-23,8.39,8.6,8.68,8.11,67492.0,星期二,-0.0094,0.025
2009-06-22,8.55,8.47,8.8,8.35,64980.0,星期一,0.0,-0.0094
2009-06-19,8.47,8.55,8.88,8.47,81878.0,星期五,-0.0219,0.0094
2009-06-18,8.14,8.66,8.8,8.01,148458.0,星期四,0.0,0.0639
2009-06-17,8.12,8.14,8.32,7.69,93972.0,星期三,0.015,0.0025
2009-06-16,8.22,8.0,8.61,7.97,107565.0,星期二,0.0024,-0.0268
2009-06-15,8.0,8.2,8.74,7.98,135553.0,星期一,-0.005,0.025
2009-06-12,8.0,8.04,8.14,7.73,104750.0,星期五,-0.0136,0.005
2009-06-11,8.3,8.11,8.3,7.85,175876.0,星期四,0.0311,-0.0229
2009-06-10,7.32,8.05,8.05,7.26,151365.0,星期三,0.0,0.0997
2009-06-09,7.47,7.32,7.57,7.11,171196.0,星期二,0.0027,-0.0201
2009-06-08,6.82,7.45,7.45,6.71,274992.0,星期一,0.0074,0.0924
2009-06-05,6.63,6.77,6.91,6.52,83786.0,星期五,0.0,0.0211
2009-06-04,6.65,6.63,6.73,6.49,38493.0,星期四,0.003,-0.003
2009-06-03,6.7,6.63,6.77,6.58,45903.0,星期三,0.0,-0.0104
2009-06-02,6.47,6.7,6.79,6.42,71024.0,星期二,0.0031,0.0355
2009-06-01,6.4,6.45,6.57,6.33,44082.0,星期一,0.0079,0.0078
2009-05-27,6.35,6.35,6.36,6.28,20441.0,星期三,0.0063,0.0
2009-05-26,6.3,6.31,6.46,6.28,25750.0,星期二,-0.0063,0.0016
2009-05-25,6.2,6.34,6.36,6.0,29245.0,星期一,-0.0252,0.0226
2009-05-22,6.38,6.36,6.45,6.3,21810.0,星期五,0.0,-0.0031
2009-05-21,6.65,6.38,6.75,6.33,43640.0,星期四,0.0,-0.0406
2009-05-20,6.64,6.65,6.86,6.64,36044.0,星期三,-0.0104,0.0015
2009-05-19,6.8,6.71,6.85,6.7,37224.0,星期二,0.0015,-0.0132
2009-05-18,6.65,6.79,6.82,6.45,45521.0,星期一,-0.003,0.0211
2009-05-15,6.45,6.67,6.82,6.45,43616.0,星期五,-0.0015,0.0341
2009-05-14,6.42,6.46,6.47,6.36,21750.0,星期四,-0.0062,0.0062
2009-05-13,6.45,6.46,6.55,6.34,27798.0,星期三,-0.0062,0.0016
2009-05-12,6.32,6.49,6.53,6.27,30118.0,星期二,0.0,0.0269
2009-05-11,6.68,6.32,6.75,6.29,47732.0,星期一,0.0,-0.0539
2009-05-08,6.7,6.68,6.8,6.55,56524.0,星期五,-0.0133,-0.003
2009-05-07,6.66,6.79,6.9,6.66,142218.0,星期四,0.0015,0.0195
2009-05-06,6.22,6.65,6.78,6.2,111051.0,星期三,0.0016,0.0691
2009-05-05,6.18,6.21,6.25,6.15,34359.0,星期二,0.0,0.0049
2009-05-04,5.95,6.18,6.21,5.95,44412.0,星期一,0.0017,0.0387
2009-04-30,6.03,5.94,6.03,5.87,37122.0,星期四,0.0033,-0.0149
2009-04-29,5.84,6.01,6.05,5.8,48750.0,星期三,-0.0051,0.0291
2009-04-28,5.73,5.87,5.9,5.66,34968.0,星期二,-0.0017,0.0244
2009-04-27,6.13,5.74,6.16,5.6,38531.0,星期一,-0.0033,-0.0636
2009-04-24,6.2,6.15,6.34,6.12,34626.0,星期五,0.0114,-0.0081
2009-04-23,6.16,6.13,6.24,5.97,28999.0,星期四,0.0049,-0.0049
2009-04-22,6.56,6.13,6.69,6.1,58156.0,星期三,-0.0015,-0.0655
2009-04-21,6.4,6.57,6.7,6.4,59031.0,星期二,-0.0139,0.0266
2009-04-20,6.33,6.49,6.49,6.24,62686.0,星期一,0.008,0.0253
2009-04-17,6.35,6.28,6.37,6.21,54716.0,星期五,-0.0078,-0.011
2009-04-16,6.27,6.4,6.45,6.2,69781.0,星期四,-0.0126,0.0207
2009-04-15,6.39,6.35,6.41,6.14,52999.0,星期三,0.0,-0.0063
2009-04-14,6.34,6.39,6.46,6.26,50110.0,星期二,0.0016,0.0079
2009-04-13,6.45,6.33,6.5,6.3,59305.0,星期一,0.011,-0.0186
2009-04-10,6.32,6.38,6.56,6.25,98547.0,星期五,0.0227,0.0095
2009-04-09,6.03,6.18,6.2,5.99,50198.0,星期四,-0.0082,0.0249
2009-04-08,6.06,6.08,6.32,6.05,60277.0,星期三,-0.0114,0.0033
2009-04-07,6.05,6.13,6.19,6.0,28718.0,星期二,-0.0017,0.0132
2009-04-03,6.25,6.06,6.25,6.0,52139.0,星期五,0.0064,-0.0304
2009-04-02,6.29,6.21,6.36,6.12,71958.0,星期四,0.0,-0.0127
2009-04-01,5.83,6.29,6.35,5.78,128660.0,星期三,0.0,0.0789
2009-03-31,5.68,5.83,5.89,5.6,40624.0,星期二,-0.0257,0.0264
2009-03-30,5.99,5.83,6.02,5.79,56159.0,星期一,0.0,-0.0267
2009-03-27,5.91,5.99,6.17,5.84,97395.0,星期五,0.0137,0.0135
2009-03-26,5.66,5.83,5.87,5.66,39107.0,星期四,-0.0088,0.03
2009-03-25,5.71,5.71,5.92,5.61,50480.0,星期三,-0.0087,0.0
2009-03-24,5.89,5.76,5.98,5.75,67357.0,星期二,-0.0017,-0.0221
2009-03-23,5.8,5.9,6.14,5.72,98293.0,星期一,-0.0034,0.0172
2009-03-20,5.62,5.82,5.98,5.51,116038.0,星期五,0.0036,0.0356
2009-03-19,5.43,5.6,5.73,5.3,88485.0,星期四,0.0018,0.0313
2009-03-18,5.4,5.42,5.63,5.32,81748.0,星期三,0.0056,0.0037
2009-03-17,5.31,5.37,5.45,5.22,67827.0,星期二,0.0095,0.0113
2009-03-16,5.24,5.26,5.32,5.13,40785.0,星期一,-0.0019,0.0038
2009-03-13,5.12,5.25,5.35,5.08,86692.0,星期五,0.0,0.0254
2009-03-12,4.97,5.12,5.2,4.81,47220.0,星期四,-0.0119,0.0302
2009-03-11,5.11,5.03,5.18,5.0,35975.0,星期三,0.0159,-0.0157
2009-03-10,4.88,5.03,5.05,4.8,25102.0,星期二,0.0,0.0307
2009-03-09,5.21,4.88,5.38,4.85,49522.0,星期一,-0.0057,-0.0633
2009-03-06,5.15,5.24,5.36,5.07,57172.0,星期五,-0.0153,0.0175
2009-03-05,5.3,5.23,5.4,5.09,72720.0,星期四,0.0153,-0.0132
2009-03-04,4.9,5.22,5.24,4.86,65419.0,星期三,-0.002,0.0653
2009-03-03,4.6,4.91,5.03,4.51,51632.0,星期二,-0.0417,0.0674
2009-03-02,4.59,4.8,4.86,4.58,36116.0,星期一,-0.0296,0.0458
2009-02-27,5.1,4.73,5.16,4.73,60005.0,星期五,-0.0286,-0.0725
2009-02-26,5.65,5.25,5.84,5.09,87775.0,星期四,-0.0018,-0.0708
2009-02-25,5.86,5.66,5.95,5.55,123894.0,星期三,-0.0217,-0.0341
2009-02-24,5.44,5.99,6.02,5.15,180917.0,星期二,-0.0055,0.1011
2009-02-23,5.26,5.47,5.49,5.15,119734.0,星期一,-0.0259,0.0399
2009-02-20,5.17,5.4,5.52,5.1,211552.0,星期五,0.0197,0.0445
2009-02-19,5.07,5.07,5.07,5.07,76076.0,星期四,0.0998,0.0
2009-02-18,4.78,4.61,4.84,4.55,53467.0,星期三,-0.0205,-0.0356
2009-02-17,5.13,4.88,5.14,4.88,70652.0,星期二,-0.0058,-0.0487
2009-02-16,5.12,5.16,5.18,5.0,84114.0,星期一,0.0059,0.0078
2009-02-13,5.01,5.09,5.1,4.95,76537.0,星期五,0.004,0.016
2009-02-12,5.04,4.99,5.1,4.78,85139.0,星期四,-0.0195,-0.0099
2009-02-11,4.88,5.14,5.27,4.85,187343.0,星期三,0.0167,0.0533
2009-02-10,4.46,4.8,4.88,4.41,86584.0,星期二,-0.0067,0.0762
2009-02-09,4.5,4.49,4.53,4.37,62745.0,星期一,0.0204,-0.0022
2009-02-06,4.23,4.41,4.49,4.23,68161.0,星期五,0.0048,0.0426
2009-02-05,4.25,4.21,4.45,4.18,78572.0,星期四,-0.0023,-0.0094
2009-02-04,4.17,4.26,4.27,4.11,58153.0,星期三,-0.0024,0.0216
2009-02-03,4.01,4.18,4.27,3.96,67730.0,星期二,0.0025,0.0424
2009-02-02,3.92,4.0,4.01,3.89,29247.0,星期一,0.0103,0.0204
2009-01-23,3.98,3.88,4.01,3.88,30304.0,星期五,-0.0124,-0.0251
2009-01-22,3.97,4.03,4.04,3.94,38571.0,星期四,0.0051,0.0151
2009-01-21,3.89,3.95,4.07,3.85,45518.0,星期三,-0.0202,0.0154
2009-01-20,3.86,3.97,3.97,3.76,27743.0,星期二,0.0,0.0285
2009-01-19,3.99,3.86,4.01,3.83,31208.0,星期一,0.0101,-0.0326
2009-01-16,3.85,3.95,4.0,3.85,57651.0,星期五,0.0026,0.026
2009-01-15,3.77,3.84,3.9,3.76,39622.0,星期四,-0.0131,0.0186
2009-01-14,3.65,3.82,3.85,3.63,35113.0,星期三,0.0055,0.0466
2009-01-13,3.68,3.63,3.79,3.62,24758.0,星期二,-0.016,-0.0136
2009-01-12,3.66,3.74,3.86,3.64,35748.0,星期一,-0.0054,0.0219
2009-01-09,3.55,3.68,3.7,3.52,30109.0,星期五,0.0085,0.0366
2009-01-08,3.6,3.52,3.62,3.5,25383.0,星期四,-0.0137,-0.0222
2009-01-07,3.62,3.65,3.72,3.6,31276.0,星期三,-0.0055,0.0083
2009-01-06,3.52,3.64,3.69,3.48,32385.0,星期二,0.0028,0.0341
2009-01-05,3.42,3.51,3.51,3.4,24874.0,星期一,0.0209,0.0263
2008-12-31,3.5,3.35,3.55,3.34,30535.0,星期三,0.0,-0.0429
2008-12-30,3.58,3.5,3.67,3.5,33813.0,星期二,-0.0028,-0.0223
2008-12-29,3.78,3.59,3.82,3.49,44329.0,星期一,-0.0258,-0.0503
2008-12-26,4.0,3.88,4.1,3.83,79110.0,星期五,-0.0172,-0.03
2008-12-25,3.75,4.07,4.07,3.65,125193.0,星期四,0.0135,0.0853
2008-12-24,3.66,3.7,3.81,3.62,35050.0,星期三,-0.0054,0.0109
2008-12-23,4.07,3.68,4.09,3.68,55948.0,星期二,-0.0049,-0.0958
2008-12-22,4.03,4.09,4.14,3.99,43745.0,星期一,-0.0098,0.0149
2008-12-19,3.98,4.07,4.2,3.96,65249.0,星期五,-0.005,0.0226
2008-12-18,3.89,4.0,4.07,3.87,35867.0,星期四,0.0,0.0283
2008-12-17,3.9,3.89,4.03,3.86,33962.0,星期三,0.0,-0.0026
2008-12-16,3.91,3.9,3.92,3.7,30724.0,星期二,0.0,-0.0026
2008-12-15,3.83,3.91,3.95,3.76,35153.0,星期一,-0.0052,0.0209
2008-12-12,4.1,3.85,4.13,3.83,72736.0,星期五,-0.012,-0.061
2008-12-11,3.95,4.15,4.32,3.9,122821.0,星期四,-0.005,0.0506
2008-12-10,3.78,3.97,4.01,3.76,38533.0,星期三,-0.0105,0.0503
2008-12-09,4.04,3.82,4.05,3.82,49665.0,星期二,0.0,-0.0545
2008-12-08,3.99,4.04,4.08,3.91,59934.0,星期一,0.0127,0.0125
2008-12-05,3.82,3.94,3.96,3.73,63932.0,星期五,-0.023,0.0314
2008-12-04,4.0,3.91,4.14,3.88,113942.0,星期四,-0.0172,-0.0225
2008-12-03,3.79,4.07,4.11,3.71,93187.0,星期三,0.0134,0.0739
2008-12-02,3.62,3.74,3.93,3.62,77603.0,星期二,-0.0474,0.0331
2008-12-01,3.53,3.8,3.83,3.48,110827.0,星期一,-0.0084,0.0765
2008-11-28,3.28,3.56,3.6,3.25,59477.0,星期五,-0.0061,0.0854
2008-11-27,3.51,3.3,3.55,3.3,30151.0,星期四,0.0701,-0.0598
2008-11-26,3.23,3.28,3.36,3.23,13192.0,星期三,-0.0152,0.0155
2008-11-25,3.36,3.28,3.41,3.18,19937.0,星期二,0.0213,-0.0238
2008-11-24,3.55,3.29,3.58,3.29,27824.0,星期一,0.0172,-0.0732
2008-11-21,3.45,3.49,3.64,3.36,41225.0,星期五,-0.0417,0.0116
2008-11-20,3.44,3.6,3.7,3.39,61161.0,星期四,-0.0337,0.0465
2008-11-19,3.32,3.56,3.6,3.27,62062.0,星期三,-0.0178,0.0723
2008-11-18,3.69,3.38,3.7,3.38,61670.0,星期二,-0.016,-0.084
2008-11-17,3.77,3.75,3.86,3.61,107468.0,星期一,0.0443,-0.0053
2008-11-14,3.3,3.61,3.61,3.23,77410.0,星期五,0.0061,0.0939
2008-11-13,3.1,3.28,3.32,3.1,31920.0,星期四,-0.0159,0.0581
2008-11-12,3.05,3.15,3.16,3.03,17984.0,星期三,-0.0033,0.0328
2008-11-11,3.06,3.06,3.16,3.02,23980.0,星期二,0.0,0.0
2008-11-10,2.96,3.06,3.08,2.92,22856.0,星期一,0.035,0.0338
2008-11-06,2.84,2.86,2.88,2.78,9485.0,星期四,-0.0173,0.007
2008-11-05,2.77,2.89,2.9,2.77,12988.0,星期三,0.0,0.0433
2008-11-04,2.85,2.77,2.86,2.72,6943.0,星期二,0.0215,-0.0281
2008-11-03,2.84,2.79,2.9,2.78,6469.0,星期一,-0.0139,-0.0176
2008-10-31,2.89,2.88,2.98,2.84,8246.0,星期五,0.0,-0.0035
2008-10-30,2.88,2.89,2.93,2.85,9856.0,星期四,0.007,0.0035
2008-10-29,2.96,2.86,2.98,2.86,14321.0,星期三,0.0278,-0.0338
2008-10-28,2.75,2.88,2.9,2.72,11476.0,星期二,-0.0108,0.0473
2008-10-27,2.98,2.78,3.03,2.75,12917.0,星期一,-0.023,-0.0671
2008-10-24,3.15,3.05,3.17,3.03,9573.0,星期五,0.0032,-0.0317
2008-10-23,3.01,3.14,3.16,3.0,8828.0,星期四,-0.0383,0.0432
2008-10-22,3.12,3.13,3.19,3.07,10781.0,星期三,-0.0032,0.0032
2008-10-21,3.18,3.13,3.22,3.11,15527.0,星期二,0.0032,-0.0157
2008-10-20,3.05,3.17,3.2,2.96,15105.0,星期一,0.0066,0.0393
2008-10-17,2.96,3.03,3.06,2.95,9127.0,星期五,0.0068,0.0236
2008-10-16,2.99,2.94,3.01,2.88,10963.0,星期四,-0.0324,-0.0167
2008-10-15,3.06,3.09,3.09,2.95,8537.0,星期三,0.0033,0.0098
2008-10-14,3.15,3.05,3.24,3.05,17789.0,星期二,0.0294,-0.0317
2008-10-13,2.98,3.06,3.12,2.9,12139.0,星期一,-0.0197,0.0268
2008-10-10,3.25,3.04,3.25,3.02,14283.0,星期五,-0.0269,-0.0646
2008-10-09,3.44,3.34,3.46,3.31,8777.0,星期四,0.0208,-0.0291
2008-10-08,3.37,3.37,3.42,3.32,10200.0,星期三,-0.0232,0.0
2008-10-07,3.38,3.45,3.5,3.29,15624.0,星期二,-0.0343,0.0207
2008-10-06,3.6,3.5,3.67,3.46,10809.0,星期一,-0.0296,-0.0278
2008-09-26,3.79,3.71,3.8,3.67,15632.0,星期五,0.008,-0.0211
2008-09-25,3.66,3.76,3.83,3.62,28330.0,星期四,-0.0108,0.0273
2008-09-24,3.42,3.7,3.7,3.42,18799.0,星期三,-0.05,0.0819
2008-09-23,3.78,3.6,3.78,3.53,21025.0,星期二,-0.0332,-0.0476
2008-09-22,3.94,3.91,4.11,3.75,36460.0,星期一,0.0535,-0.0076
2008-09-19,3.74,3.74,3.74,3.64,29278.0,星期五,0.1,0.0
2008-09-18,3.57,3.4,3.57,3.26,20511.0,星期四,-0.0138,-0.0476
2008-09-17,3.69,3.62,3.76,3.57,8968.0,星期三,0.0,-0.019
2008-09-16,3.84,3.69,3.85,3.63,11890.0,星期二,0.0052,-0.0391
2008-09-12,3.8,3.82,3.89,3.76,10662.0,星期五,-0.0078,0.0053
2008-09-11,3.77,3.83,3.9,3.75,11520.0,星期四,-0.0053,0.0159
2008-09-10,3.8,3.79,3.95,3.76,13633.0,星期三,0.0,-0.0026
2008-09-09,3.76,3.8,3.85,3.72,11863.0,星期二,0.0053,0.0106
2008-09-08,4.09,3.74,4.1,3.7,21147.0,星期一,0.0049,-0.0856
2008-09-05,4.34,4.07,4.39,4.06,19572.0,星期五,-0.0377,-0.0622
2008-09-04,4.48,4.51,4.59,4.42,13753.0,星期四,0.0067,0.0067
2008-09-03,4.58,4.45,4.67,4.36,17886.0,星期三,-0.0108,-0.0284
2008-09-02,4.57,4.63,4.77,4.4,23126.0,星期二,-0.0479,0.0131
2008-08-29,4.75,4.8,4.91,4.57,40510.0,星期五,-0.0021,0.0105
2008-08-28,4.83,4.76,4.99,4.67,54400.0,星期四,-0.0163,-0.0145
2008-08-27,4.48,4.91,4.91,4.45,69125.0,星期三,0.0045,0.096
2008-08-26,4.48,4.46,4.61,4.25,9532.0,星期二,-0.011,-0.0045
2008-08-25,4.55,4.53,4.65,4.48,11283.0,星期一,0.0022,-0.0044
2008-08-22,4.36,4.54,4.54,4.25,11188.0,星期五,-0.0158,0.0413
2008-08-21,4.55,4.43,4.59,4.37,11742.0,星期四,0.0,-0.0264
2008-08-20,4.22,4.55,4.62,4.11,20217.0,星期三,0.0,0.0782
2008-08-19,4.13,4.22,4.28,4.03,8228.0,星期二,0.0049,0.0218
2008-08-18,4.53,4.11,4.53,4.1,10376.0,星期一,0.0067,-0.0927
2008-08-15,4.5,4.5,4.59,4.4,8564.0,星期五,-0.0066,0.0
2008-08-14,4.45,4.53,4.58,4.36,9811.0,星期四,-0.0045,0.018
2008-08-13,4.5,4.47,4.53,4.18,10925.0,星期三,-0.0088,-0.0067
2008-08-12,4.72,4.54,4.72,4.45,18876.0,星期二,0.0021,-0.0381
2008-08-11,5.01,4.71,5.51,4.63,28575.0,星期一,0.0,-0.0599
2008-08-08,5.55,5.01,5.65,5.0,17058.0,星期五,0.0,-0.0973
2008-08-07,5.58,5.55,5.69,5.4,11017.0,星期四,-0.0036,-0.0054
2008-08-06,5.64,5.6,5.75,5.52,7884.0,星期三,0.0089,-0.0071
2008-08-05,5.75,5.59,5.79,5.56,8344.0,星期二,0.0123,-0.0278
2008-08-04,5.64,5.68,5.95,5.64,10925.0,星期一,-0.0242,0.0071
2008-08-01,5.72,5.78,5.87,5.48,16004.0,星期五,-0.0104,0.0105
2008-07-31,5.95,5.78,6.11,5.72,15786.0,星期四,-0.0182,-0.0286
2008-07-30,6.2,6.06,6.24,5.98,13035.0,星期三,0.0164,-0.0226
2008-07-29,6.18,6.1,6.18,6.03,14601.0,星期二,-0.0096,-0.0129
2008-07-28,6.13,6.24,6.24,6.09,15735.0,星期一,0.0082,0.0179
2008-07-25,6.18,6.08,6.25,6.06,19216.0,星期五,-0.008,-0.0162
2008-07-24,6.16,6.23,6.35,6.12,24596.0,星期四,0.0148,0.0114
2008-07-23,6.3,6.07,6.3,6.04,28377.0,星期三,0.0112,-0.0365
2008-07-22,6.08,6.23,6.38,5.9,35928.0,星期二,-0.0049,0.0247
2008-07-21,5.88,6.11,6.18,5.81,33982.0,星期一,0.0,0.0391
2008-07-18,5.72,5.88,5.95,5.57,27541.0,星期五,-0.0052,0.028
2008-07-17,5.58,5.75,6.0,5.51,32976.0,星期四,0.0182,0.0305
2008-07-16,5.7,5.48,5.88,5.3,23569.0,星期三,-0.0172,-0.0386
2008-07-15,5.8,5.8,6.1,5.76,37941.0,星期二,0.0,0.0
2008-07-14,5.55,5.8,5.8,5.55,13776.0,星期一,-0.0089,0.045
2008-07-11,5.65,5.6,5.75,5.51,19755.0,星期五,-0.0174,-0.0088
2008-07-10,5.83,5.75,5.97,5.75,28710.0,星期四,-0.0169,-0.0137
2008-07-09,5.9,5.93,5.93,5.77,35621.0,星期三,0.0103,0.0051
2008-07-08,5.75,5.84,5.87,5.57,30479.0,星期二,-0.0017,0.0157
2008-07-07,5.48,5.76,5.79,5.43,32174.0,星期一,0.0037,0.0511
2008-07-04,5.42,5.46,5.62,5.34,20531.0,星期五,-0.0181,0.0074
2008-07-03,5.24,5.52,5.58,5.1,28824.0,星期四,-0.015,0.0534
2008-07-02,5.26,5.32,5.5,5.16,17575.0,星期三,0.0194,0.0114
2008-07-01,5.4,5.16,5.44,5.15,15774.0,星期二,0.0056,-0.0444
2008-06-30,5.24,5.37,5.48,5.05,28865.0,星期一,-0.0368,0.0248
2008-06-27,5.56,5.44,5.84,5.3,83962.0,星期五,0.0,-0.0216
2008-06-26,5.43,5.56,5.56,5.32,28740.0,星期四,0.0752,0.0239
2008-06-24,4.87,5.05,5.1,4.86,13686.0,星期二,-0.002,0.037
2008-06-23,4.86,4.88,5.0,4.71,12233.0,星期一,0.0,0.0041
2008-06-20,4.86,4.86,5.11,4.5,22466.0,星期五,0.0125,0.0
2008-06-19,5.33,4.8,5.35,4.8,20501.0,星期四,0.0,-0.0994
2008-06-18,5.1,5.33,5.52,4.77,27250.0,星期三,-0.0039,0.0451
2008-06-17,5.71,5.12,5.8,5.12,28172.0,星期二,0.0035,-0.1033
2008-06-16,5.65,5.69,5.94,5.4,21581.0,星期一,-0.0568,0.0071
2008-06-13,6.71,5.99,6.75,5.99,38497.0,星期五,0.009,-0.1073
2008-06-12,6.47,6.65,6.85,6.37,37960.0,星期四,-0.0212,0.0278
2008-06-11,7.0,6.61,7.06,6.6,67297.0,星期三,-0.045,-0.0557
2008-06-10,7.18,7.33,7.7,6.96,144356.0,星期二,-0.0083,0.0209
2008-06-06,6.93,7.24,7.24,6.68,37944.0,星期五,0.0,0.0447
2008-06-05,6.94,6.93,7.04,6.85,10201.0,星期四,-0.0014,-0.0014
2008-06-04,7.25,6.95,7.25,6.78,18392.0,星期三,0.0014,-0.0414
2008-06-03,7.05,7.24,7.29,7.03,19574.0,星期二,-0.0028,0.027
2008-06-02,7.0,7.07,7.2,6.9,13200.0,星期一,-0.0113,0.01
2008-05-30,7.02,7.08,7.14,6.86,14026.0,星期五,0.0029,0.0085
2008-05-29,7.15,7.0,7.3,6.98,21850.0,星期四,-0.0152,-0.021
2008-05-28,6.9,7.26,7.35,6.79,38612.0,星期三,0.0015,0.0522
2008-05-27,6.62,6.89,6.98,6.6,15779.0,星期二,-0.0105,0.0408
2008-05-26,6.82,6.69,6.82,6.58,13674.0,星期一,-0.0058,-0.0191
2008-05-23,6.71,6.86,6.97,6.66,13784.0,星期五,-0.0275,0.0224
2008-05-22,6.75,6.9,7.12,6.7,19425.0,星期四,-0.0189,0.0222
2008-05-21,6.63,6.88,6.96,6.35,27312.0,星期三,-0.0104,0.0377
2008-05-20,7.2,6.7,7.27,6.65,23582.0,星期二,0.0,-0.0694
2008-05-19,7.1,7.2,7.32,6.95,18731.0,星期一,-0.0139,0.0141
2008-05-16,7.4,7.2,7.53,7.05,31294.0,星期五,-0.008,-0.027
2008-05-15,7.7,7.46,7.78,7.43,43209.0,星期四,0.0039,-0.0312
2008-05-14,7.45,7.67,7.8,7.39,56026.0,星期三,0.0,0.0295
2008-05-13,7.2,7.45,7.56,6.96,61053.0,星期二,-0.0096,0.0347
2008-05-12,6.84,7.27,7.35,6.71,44421.0,星期一,-0.0144,0.0629
2008-05-09,7.1,6.94,7.14,6.75,29372.0,星期五,0.0,-0.0225
2008-05-08,6.7,7.1,7.12,6.66,29641.0,星期四,-0.0162,0.0597
2008-05-07,7.12,6.81,7.27,6.81,43601.0,星期三,-0.0193,-0.0435
2008-05-06,7.39,7.26,7.49,7.17,36117.0,星期二,-0.0147,-0.0176
2008-05-05,7.14,7.5,7.5,7.12,46482.0,星期一,0.0028,0.0504
2008-04-30,6.81,7.12,7.16,6.81,42936.0,星期三,0.0015,0.0455
2008-04-29,6.9,6.8,7.12,6.72,35652.0,星期二,0.0015,-0.0145
2008-04-28,6.58,6.89,7.05,6.51,50572.0,星期一,-0.0179,0.0471
2008-04-25,6.58,6.7,6.96,6.43,49550.0,星期五,0.0046,0.0182
2008-04-24,6.55,6.55,6.55,6.31,53270.0,星期四,0.1008,0.0
2008-04-23,5.6,5.95,6.0,5.4,23414.0,星期三,-0.0088,0.0625
2008-04-22,5.41,5.65,5.67,5.14,20023.0,星期二,-0.0425,0.0444
2008-04-21,6.13,5.65,6.2,5.51,27859.0,星期一,0.0717,-0.0783
2008-04-18,6.08,5.72,6.18,5.71,21798.0,星期五,-0.0082,-0.0592
2008-04-17,6.6,6.13,6.67,6.0,23013.0,星期四,0.0169,-0.0712
2008-04-16,6.7,6.49,6.78,6.49,13992.0,星期三,-0.003,-0.0313
2008-04-15,6.55,6.72,6.74,6.35,23924.0,星期二,0.025,0.026
2008-04-14,6.9,6.39,6.9,6.34,34858.0,星期一,-0.0199,-0.0739
2008-04-11,6.95,7.04,7.19,6.95,22895.0,星期五,-0.0043,0.0129
2008-04-10,6.55,6.98,6.98,6.47,23848.0,星期四,-0.0238,0.0656
2008-04-09,7.26,6.71,7.46,6.66,30911.0,星期三,-0.0109,-0.0758
2008-04-08,7.32,7.34,7.5,7.21,32576.0,星期二,0.0,0.0027
2008-04-07,6.74,7.32,7.35,6.58,29637.0,星期一,-0.0175,0.0861
2008-04-03,6.58,6.86,7.0,6.31,27414.0,星期四,0.0046,0.0426
2008-04-02,7.23,6.55,7.49,6.51,37566.0,星期三,0.0,-0.0941
2008-04-01,8.0,7.23,8.16,7.23,38675.0,星期二,-0.0037,-0.0962
2008-03-31,8.3,8.03,8.49,7.95,23580.0,星期一,-0.0292,-0.0325
2008-03-28,8.14,8.55,8.68,7.9,31769.0,星期五,-0.0121,0.0504
2008-03-27,8.74,8.24,8.8,8.2,32536.0,星期四,-0.0091,-0.0572
2008-03-26,9.0,8.82,9.2,8.72,26901.0,星期三,0.0078,-0.02
2008-03-25,8.48,8.93,8.99,8.33,36937.0,星期二,-0.0219,0.0531
2008-03-24,9.2,8.67,9.37,8.65,53298.0,星期一,-0.0011,-0.0576
2008-03-21,8.65,9.21,9.64,8.58,89051.0,星期五,-0.0215,0.0647
2008-03-20,8.3,8.84,8.96,7.67,77255.0,星期四,-0.0258,0.0651
2008-03-19,8.31,8.52,8.8,7.8,62950.0,星期三,0.0285,0.0253
2008-03-18,8.5,8.08,8.69,8.08,58635.0,星期二,-0.0535,-0.0494
2008-03-17,9.5,8.98,9.65,8.98,74540.0,星期一,-0.0481,-0.0547
2008-03-14,9.93,9.98,10.2,9.68,28478.0,星期五,-0.0139,0.005
2008-03-13,10.4,10.07,10.79,9.52,68295.0,星期四,0.0,-0.0317
2008-03-12,11.22,10.4,11.35,10.39,43999.0,星期三,0.0209,-0.0731
2008-03-11,10.42,10.99,11.08,10.4,40538.0,星期二,-0.017,0.0547
2008-03-10,10.8,10.6,11.2,10.57,50121.0,星期一,-0.0217,-0.0185
2008-03-07,11.37,11.04,11.4,10.95,66303.0,星期五,-0.007,-0.029
2008-03-06,11.78,11.45,12.2,11.39,93981.0,星期四,-0.0017,-0.028
2008-03-05,11.3,11.8,11.88,11.04,94503.0,星期三,-0.0088,0.0442
2008-03-04,11.24,11.4,11.88,10.89,126051.0,星期二,0.0009,0.0142
2008-03-03,10.9,11.23,11.46,10.65,107488.0,星期一,0.0037,0.0303
2008-02-29,10.5,10.86,10.98,10.42,86929.0,星期五,-0.0047,0.0343
2008-02-28,10.58,10.55,10.8,10.25,57828.0,星期四,0.0076,-0.0028
2008-02-27,10.57,10.5,10.92,10.45,116762.0,星期三,0.0038,-0.0066
2008-02-26,10.3,10.53,10.56,10.1,141497.0,星期二,0.0218,0.0223
2008-02-25,10.0,10.08,10.25,9.76,54178.0,星期一,0.002,0.008
2008-02-22,10.5,9.98,10.51,9.8,54426.0,星期五,0.0096,-0.0495
2008-02-21,9.85,10.4,10.63,9.81,93027.0,星期四,-0.0071,0.0558
2008-02-20,10.25,9.92,10.25,9.8,70247.0,星期三,0.0,-0.0322
2008-02-19,10.2,10.25,10.35,10.01,61200.0,星期二,0.0,0.0049
2008-02-18,10.28,10.2,10.58,10.16,72690.0,星期一,0.0098,-0.0078
2008-02-15,9.9,10.18,10.29,9.75,80385.0,星期五,-0.0139,0.0283
2008-02-14,9.59,10.04,10.2,9.58,77487.0,星期四,0.0127,0.0469
2008-02-13,9.6,9.47,9.86,9.23,34525.0,星期三,-0.001,-0.0135
2008-02-05,9.1,9.61,9.85,9.1,51340.0,星期二,-0.037,0.056
2008-02-04,8.8,9.45,9.45,8.8,37546.0,星期一,0.0244,0.0739
2008-02-01,9.07,8.59,9.3,8.27,48619.0,星期五,-0.0131,-0.0529
2008-01-31,9.75,9.19,9.89,9.19,40176.0,星期四,-0.0132,-0.0574
2008-01-30,9.64,9.88,10.11,9.23,73957.0,星期三,0.001,0.0249
2008-01-29,9.2,9.63,9.79,9.05,73677.0,星期二,0.0279,0.0467
2008-01-28,9.79,8.95,9.79,8.87,81313.0,星期一,-0.0051,-0.0858
2008-01-25,10.15,9.84,10.58,9.62,169271.0,星期五,0.0273,-0.0305
2008-01-24,9.14,9.88,9.88,9.01,124918.0,星期四,0.0178,0.081
2008-01-23,8.2,8.98,8.98,8.2,104196.0,星期三,0.0049,0.0951
2008-01-22,8.88,8.16,8.88,8.16,92326.0,星期二,-0.0209,-0.0811
2008-01-21,9.96,9.07,9.96,9.02,80603.0,星期一,-0.006,-0.0894
2008-01-18,9.89,10.02,10.21,9.4,117464.0,星期五,-0.008,0.0131
2008-01-17,10.73,9.97,11.04,9.59,146518.0,星期四,0.0161,-0.0708
2008-01-16,10.76,10.56,10.8,10.13,161445.0,星期三,-0.0209,-0.0186
2008-01-10,9.98,10.99,10.99,9.95,201261.0,星期四,-0.001,0.1012
2008-01-09,9.55,9.99,10.18,9.4,194283.0,星期三,-0.0042,0.0461
2008-01-08,9.36,9.59,9.59,9.1,99047.0,星期二,0.0119,0.0246
2008-01-07,9.19,9.25,9.42,9.06,64473.0,星期一,0.0155,0.0065
2008-01-04,8.82,9.05,9.2,8.6,47186.0,星期五,-0.009,0.0261
2008-01-03,8.7,8.9,8.95,8.67,49920.0,星期四,0.0035,0.023
2008-01-02,8.48,8.67,8.8,8.35,45259.0,星期三,0.0119,0.0224
2007-12-28,8.3,8.38,8.44,8.22,34751.0,星期五,0.0024,0.0096
2007-12-27,8.31,8.28,8.48,8.24,37298.0,星期四,-0.0036,-0.0036
2007-12-26,8.2,8.34,8.4,8.11,30966.0,星期三,0.0,0.0171
2007-12-25,8.14,8.2,8.25,8.06,26943.0,星期二,0.0087,0.0074
2007-12-24,8.05,8.07,8.25,8.02,41315.0,星期一,0.0075,0.0025
2007-12-21,7.83,7.99,8.04,7.77,31940.0,星期五,-0.0063,0.0204
2007-12-20,7.89,7.88,8.04,7.85,22817.0,星期四,0.0051,-0.0013
2007-12-19,7.67,7.85,7.95,7.67,26328.0,星期三,0.0052,0.0235
2007-12-18,7.85,7.63,7.95,7.57,30876.0,星期二,-0.0013,-0.028
2007-12-17,7.88,7.86,8.08,7.85,52804.0,星期一,0.0025,-0.0025
2007-12-14,7.36,7.86,7.93,7.34,40340.0,星期五,-0.0121,0.0679
2007-12-13,7.73,7.45,7.85,7.41,34853.0,星期四,-0.0064,-0.0362
2007-12-12,7.6,7.78,7.78,7.5,35542.0,星期三,-0.0026,0.0237
2007-12-11,7.56,7.62,7.76,7.52,29523.0,星期二,0.0,0.0079
2007-12-10,7.38,7.56,7.6,7.26,24178.0,星期一,-0.012,0.0244
2007-12-07,7.41,7.47,7.53,7.32,26948.0,星期五,0.0,0.0081
2007-12-06,7.26,7.41,7.6,7.1,40579.0,星期四,0.0083,0.0207
2007-12-05,7.19,7.2,7.24,7.06,14854.0,星期三,0.0098,0.0014
2007-12-04,7.15,7.12,7.21,7.09,11503.0,星期二,0.0042,-0.0042
2007-12-03,7.0,7.12,7.18,6.94,9950.0,星期一,-0.0071,0.0171
2007-11-30,7.12,7.05,7.25,7.01,12105.0,星期五,-0.0097,-0.0098
2007-11-29,7.12,7.19,7.26,7.06,20018.0,星期四,0.0085,0.0098
2007-11-28,7.04,7.06,7.18,7.02,11715.0,星期三,0.0028,0.0028
2007-11-27,7.0,7.02,7.15,6.98,10794.0,星期二,-0.0085,0.0029
2007-11-26,7.27,7.06,7.47,7.0,14539.0,星期一,0.0069,-0.0289
2007-11-23,7.13,7.22,7.28,7.0,10054.0,星期五,-0.0028,0.0126
2007-11-22,7.66,7.15,7.7,7.14,19120.0,星期四,0.0013,-0.0666
2007-11-21,7.75,7.65,7.97,7.55,26809.0,星期三,0.0026,-0.0129
2007-11-20,7.71,7.73,7.8,7.62,17129.0,星期二,-0.0077,0.0026
2007-11-19,7.36,7.77,7.84,7.36,25771.0,星期一,-0.016,0.0557
2007-11-16,7.28,7.48,7.5,7.11,10852.0,星期五,-0.0027,0.0275
2007-11-15,7.56,7.3,7.6,7.26,9445.0,星期四,0.0,-0.0344
2007-11-14,7.4,7.56,7.58,7.37,10585.0,星期三,0.0041,0.0216
2007-11-13,7.5,7.37,7.65,7.35,9111.0,星期二,0.0027,-0.0173
2007-11-12,7.0,7.48,7.55,7.0,16196.0,星期一,-0.0278,0.0686
2007-11-09,7.33,7.2,7.49,7.18,8308.0,星期五,-0.0027,-0.0177
2007-11-08,7.53,7.35,7.66,7.3,12160.0,星期四,-0.0195,-0.0239
2007-11-07,7.62,7.68,7.73,7.39,13672.0,星期三,0.0,0.0079
2007-11-06,7.5,7.62,7.8,7.26,24353.0,星期二,-0.0053,0.016
2007-11-05,7.1,7.54,7.7,6.55,45771.0,星期一,0.0,0.062
2007-11-02,7.01,7.1,7.17,6.86,19248.0,星期五,-0.0113,0.0128
2007-11-01,7.44,7.09,7.44,7.07,17620.0,星期四,0.0,-0.047
2007-10-31,7.22,7.44,7.49,7.2,22301.0,星期三,0.0028,0.0305
2007-10-30,7.32,7.2,7.33,7.05,26504.0,星期二,0.0252,-0.0164
2007-10-29,6.81,7.14,7.15,6.78,25525.0,星期一,0.0015,0.0485
2007-10-26,6.88,6.8,7.07,6.5,29720.0,星期五,-0.0282,-0.0116
2007-10-25,7.62,7.08,7.85,7.08,41833.0,星期四,-0.0318,-0.0709
2007-10-24,7.88,7.87,8.1,7.8,25255.0,星期三,0.0,-0.0013
2007-10-23,7.99,7.88,8.13,7.61,30363.0,星期二,0.0,-0.0138
2007-10-22,7.93,7.99,8.16,7.81,40319.0,星期一,0.0,0.0076
2007-10-19,7.73,7.93,8.01,7.73,27456.0,星期五,0.0,0.0259
2007-10-18,8.05,7.73,8.15,7.73,28484.0,星期四,-0.0025,-0.0398
2007-10-17,8.15,8.07,8.19,7.95,23829.0,星期三,0.0062,-0.0098
2007-10-16,7.89,8.1,8.19,7.89,27358.0,星期二,0.0025,0.0266
2007-10-15,7.99,7.87,7.99,7.6,32688.0,星期一,-0.0037,-0.015
2007-10-12,8.45,8.02,8.54,7.61,62655.0,星期五,0.0,-0.0509
2007-10-11,8.91,8.45,8.91,8.42,54750.0,星期四,0.0,-0.0516
2007-10-10,9.19,8.91,9.25,8.88,37387.0,星期三,0.0011,-0.0305
2007-10-09,8.91,9.18,9.21,8.76,43953.0,星期二,0.0,0.0303
2007-10-08,9.11,8.91,9.18,8.9,40265.0,星期一,0.0066,-0.022
2007-09-28,8.95,9.05,9.18,8.95,38895.0,星期五,0.0022,0.0112
2007-09-27,9.1,8.93,9.17,8.91,26186.0,星期四,0.0111,-0.0187
2007-09-26,8.92,9.0,9.27,8.88,40245.0,星期三,0.0068,0.009
2007-09-25,9.17,8.86,9.17,8.8,38880.0,星期二,0.0088,-0.0338
2007-09-24,9.36,9.09,9.38,8.95,51867.0,星期一,0.0086,-0.0288
2007-09-21,9.66,9.28,9.8,9.1,81414.0,星期五,0.0073,-0.0393
2007-09-20,9.3,9.59,9.68,9.3,93980.0,星期四,0.0,0.0312
2007-09-19,9.36,9.3,9.56,9.11,78196.0,星期三,0.0021,-0.0064
2007-09-18,9.59,9.34,9.59,9.19,91274.0,星期二,-0.0031,-0.0261
2007-09-17,9.58,9.62,9.71,9.4,125028.0,星期一,0.0063,0.0042
2007-09-14,9.1,9.52,9.69,9.07,181743.0,星期五,-0.0087,0.0462
2007-09-13,9.15,9.18,9.25,8.9,127381.0,星期四,0.0178,0.0033
2007-09-12,8.58,8.99,9.0,8.31,81797.0,星期三,0.0035,0.0478
2007-09-11,8.9,8.55,9.39,8.45,133473.0,星期二,-0.0034,-0.0393
2007-09-10,8.56,8.93,9.01,8.43,61572.0,星期一,-0.0161,0.0432
2007-09-07,9.09,8.7,9.09,8.7,71087.0,星期五,-0.0066,-0.0429
2007-09-06,8.95,9.15,9.25,8.89,113107.0,星期四,0.0067,0.0223
2007-09-05,8.9,8.89,9.13,8.72,72303.0,星期三,-0.0034,-0.0011
2007-09-04,8.89,8.93,9.14,8.64,105192.0,星期二,0.0057,0.0045
2007-09-03,8.7,8.84,8.87,8.6,98721.0,星期一,0.0116,0.0161
2007-08-31,8.53,8.6,8.7,8.45,70454.0,星期五,0.0119,0.0082
2007-08-30,8.19,8.43,8.55,8.19,43067.0,星期四,0.0012,0.0293
2007-08-29,8.48,8.18,8.48,8.06,40099.0,星期三,0.0024,-0.0354
2007-08-28,8.35,8.46,8.46,8.23,43363.0,星期二,0.0085,0.0132
2007-08-27,8.6,8.28,8.67,8.2,57466.0,星期一,0.0058,-0.0372
2007-08-24,8.71,8.55,8.82,8.42,60027.0,星期五,0.0011,-0.0184
2007-08-23,8.62,8.7,8.86,8.6,55418.0,星期四,0.0023,0.0093
2007-08-22,8.57,8.6,8.75,8.4,66571.0,星期三,-0.0115,0.0035
2007-08-21,8.67,8.67,8.88,8.65,95884.0,星期二,0.0023,0.0
2007-08-20,8.4,8.65,8.66,8.36,59537.0,星期一,0.0194,0.0298
2007-08-17,8.25,8.24,8.51,8.21,40750.0,星期五,-0.006,-0.0012
2007-08-16,8.08,8.3,8.39,8.0,51440.0,星期四,0.0075,0.0272
2007-08-15,8.22,8.02,8.27,7.86,34904.0,星期三,0.0,-0.0243
2007-08-14,8.08,8.22,8.32,7.9,34922.0,星期二,0.0125,0.0173
2007-08-13,8.0,7.98,8.08,7.71,45029.0,星期一,0.0,-0.0025
2007-08-10,8.35,8.0,8.55,7.8,56042.0,星期五,-0.0048,-0.0419
2007-08-09,8.44,8.39,8.6,8.36,38390.0,星期四,-0.0047,-0.0059
2007-08-08,8.41,8.48,8.76,8.3,52021.0,星期三,-0.0106,0.0083
2007-08-07,8.86,8.5,8.86,8.5,59424.0,星期二,0.0034,-0.0406
2007-08-06,8.61,8.83,8.98,8.48,75367.0,星期一,0.0058,0.0256
2007-08-03,8.65,8.56,8.7,8.35,60343.0,星期五,0.0058,-0.0104
2007-08-02,8.32,8.6,8.73,8.14,80058.0,星期四,-0.0048,0.0337
2007-08-01,9.15,8.36,9.18,8.34,134441.0,星期三,-0.0129,-0.0863
2007-07-31,8.43,9.27,9.31,8.43,152372.0,星期二,-0.0152,0.0996
2007-07-30,8.5,8.56,8.96,8.47,118376.0,星期一,-0.0116,0.0071
2007-07-27,8.16,8.6,8.74,8.02,116249.0,星期五,-0.0121,0.0539
2007-07-26,8.12,8.26,8.41,7.99,87844.0,星期四,0.0012,0.0172
2007-07-25,7.75,8.11,8.15,7.75,72321.0,星期三,-0.0152,0.0465
2007-07-24,7.92,7.87,8.19,7.81,78843.0,星期二,0.0051,-0.0063
2007-07-23,7.51,7.88,7.97,7.48,70591.0,星期一,0.0013,0.0493
2007-07-20,7.34,7.5,7.55,7.29,39097.0,星期五,0.0,0.0218
2007-07-19,7.25,7.34,7.4,7.15,22324.0,星期四,0.0,0.0124
2007-07-18,7.35,7.25,7.47,7.18,36650.0,星期三,-0.0068,-0.0136
2007-07-17,7.21,7.4,7.62,6.95,51231.0,星期二,-0.023,0.0264
2007-07-16,7.98,7.38,8.13,7.38,70832.0,星期一,-0.0209,-0.0752
2007-07-13,8.0,8.15,8.44,7.87,116944.0,星期五,-0.0268,0.0188
2007-07-12,7.65,8.22,8.3,7.42,114944.0,星期四,-0.0142,0.0745
2007-07-11,8.04,7.76,8.05,7.38,157858.0,星期三,0.0113,-0.0348
2007-07-10,7.28,7.95,7.95,7.21,145895.0,星期二,0.0069,0.092
2007-07-09,7.04,7.23,7.49,6.91,92859.0,星期一,0.0057,0.027
2007-07-06,6.35,7.0,7.04,6.18,77702.0,星期五,-0.0078,0.1024
2007-07-05,6.81,6.4,7.05,6.4,58303.0,星期四,-0.0422,-0.0602
2007-07-04,7.17,7.11,7.5,6.96,60632.0,星期三,-0.0014,-0.0084
2007-07-03,7.27,7.18,7.35,6.71,72549.0,星期二,0.0139,-0.0124
2007-07-02,7.02,7.17,7.42,7.01,87077.0,星期一,-0.0988,0.0214
2007-06-28,8.5,7.79,8.65,7.79,111979.0,星期四,-0.0173,-0.0835
2007-06-27,8.06,8.65,8.8,7.98,155138.0,星期三,-0.0074,0.0732
2007-06-26,8.72,8.12,9.0,7.85,140338.0,星期二,0.0,-0.0688
2007-06-25,8.6,8.72,9.26,7.75,284282.0,星期一,0.013,0.014
2007-06-22,7.68,8.49,8.49,7.5,170835.0,星期五,-0.0052,0.1055
2007-06-21,7.88,7.72,7.99,7.51,63780.0,星期四,-0.0025,-0.0203
2007-06-20,8.36,7.9,8.39,7.81,83185.0,星期三,0.0084,-0.055
2007-06-19,8.2,8.29,8.33,8.02,73782.0,星期二,0.0024,0.011
2007-06-18,8.2,8.18,8.35,8.12,86634.0,星期一,0.0099,-0.0024
2007-06-15,7.8,8.12,8.37,7.8,98618.0,星期五,-0.025,0.041
2007-06-14,8.13,8.0,8.36,7.73,105669.0,星期四,-0.0049,-0.016
2007-06-13,7.77,8.17,8.26,7.7,124887.0,星期三,0.0091,0.0515
2007-06-12,7.81,7.7,7.85,6.99,95468.0,星期二,0.0064,-0.0141
2007-06-11,7.65,7.76,8.0,7.59,95206.0,星期一,0.0119,0.0144
2007-06-08,7.6,7.56,7.87,7.47,91891.0,星期五,0.0093,-0.0053
2007-06-07,7.26,7.53,7.54,7.15,81886.0,星期四,0.0028,0.0372
2007-06-06,7.2,7.24,7.4,6.91,76805.0,星期三,0.0084,0.0056
2007-06-05,6.78,7.14,7.16,6.49,100498.0,星期二,-0.0596,0.0531
2007-06-04,7.72,7.21,8.0,7.21,78286.0,星期一,-0.0362,-0.0661
2007-06-01,8.9,8.01,9.18,8.01,89456.0,星期五,0.0,-0.1
2007-05-31,9.5,8.9,9.68,8.75,111684.0,星期四,-0.0226,-0.0632
2007-05-30,10.0,9.72,10.6,9.72,120332.0,星期三,-0.0741,-0.028
2007-05-29,10.78,10.8,11.03,10.58,124899.0,星期二,0.0,0.0019
2007-05-28,10.59,10.78,11.08,10.5,153502.0,星期一,0.0086,0.0179
2007-05-25,10.6,10.5,10.8,10.45,124415.0,星期五,-0.0056,-0.0094
2007-05-24,10.73,10.66,10.8,10.0,193459.0,星期四,0.0132,-0.0065
2007-05-23,10.2,10.59,10.68,10.2,143425.0,星期三,0.001,0.0382
2007-05-22,10.06,10.19,10.47,10.06,129517.0,星期二,-0.001,0.0129
2007-05-21,9.63,10.07,10.17,9.5,105567.0,星期一,-0.037,0.0457
2007-05-18,9.86,10.0,10.24,9.85,138786.0,星期五,0.0082,0.0142
2007-05-17,9.36,9.78,9.9,9.36,86187.0,星期四,0.0011,0.0449
2007-05-16,9.15,9.35,9.39,8.98,79850.0,星期三,-0.0076,0.0219
2007-05-15,9.9,9.22,9.96,9.2,93442.0,星期二,0.002,-0.0687
2007-05-14,9.79,9.88,10.08,9.69,77554.0,星期一,-0.021,0.0092
2007-05-11,10.33,10.0,10.33,9.88,95884.0,星期五,0.0,-0.0319
2007-05-10,10.07,10.33,10.58,9.95,150864.0,星期四,0.009,0.0258
2007-05-09,9.9,9.98,10.05,9.5,142212.0,星期三,0.001,0.0081
2007-05-08,9.62,9.89,9.98,9.62,171983.0,星期二,0.0094,0.0281
2007-04-30,9.4,9.53,9.55,9.0,117563.0,星期一,-0.0147,0.0138
2007-04-27,9.49,9.54,9.75,9.29,113330.0,星期五,0.0042,0.0053
2007-04-26,9.44,9.45,9.68,9.42,77777.0,星期四,0.0,0.0011
2007-04-25,9.53,9.44,9.53,9.1,96298.0,星期三,-0.0063,-0.0094
2007-04-24,9.58,9.59,9.86,9.38,147272.0,星期二,0.0042,0.001
2007-04-23,9.32,9.54,9.64,9.28,216742.0,星期一,0.0253,0.0236
2007-04-20,8.97,9.09,9.2,8.6,115180.0,星期五,0.0479,0.0134
2007-04-19,9.44,8.56,9.44,8.5,134012.0,星期四,0.0,-0.0932
2007-04-18,8.82,9.44,9.56,8.8,174802.0,星期三,0.0,0.0703
2007-04-17,8.89,8.82,8.93,8.4,107361.0,星期二,0.0102,-0.0079
2007-04-16,8.56,8.8,8.81,8.55,97148.0,星期一,-0.0047,0.028
2007-04-13,8.73,8.6,9.0,8.56,143669.0,星期五,0.0081,-0.0149
2007-04-12,8.6,8.66,8.7,8.45,108669.0,星期四,-0.0058,0.007
2007-04-11,8.78,8.65,8.84,8.45,92372.0,星期三,0.0011,-0.0148
2007-04-10,8.58,8.77,8.83,8.4,117847.0,星期二,0.0,0.0221
2007-04-09,8.58,8.58,8.69,8.48,100462.0,星期一,0.0023,0.0
2007-04-06,8.49,8.56,8.65,8.31,77993.0,星期五,-0.0116,0.0082
2007-04-05,8.3,8.59,8.6,8.24,90064.0,星期四,0.0012,0.0349
2007-04-04,8.23,8.29,8.32,8.1,67406.0,星期三,-0.0048,0.0073
2007-04-03,8.29,8.27,8.37,8.12,65793.0,星期二,0.0024,-0.0024
2007-04-02,8.15,8.27,8.34,8.05,57083.0,星期一,-0.0012,0.0147
2007-03-30,8.04,8.16,8.33,7.83,65653.0,星期五,-0.0111,0.0149
2007-03-29,8.59,8.13,8.72,8.13,140425.0,星期四,-0.016,-0.0536
2007-03-28,8.73,8.73,8.88,8.16,415348.0,星期三,0.0307,0.0
2007-03-27,8.1,8.47,8.47,8.05,160188.0,星期二,0.0519,0.0457
2007-03-26,7.56,7.7,7.83,7.5,130718.0,星期一,0.0134,0.0185
2007-03-23,7.19,7.46,7.46,7.15,115112.0,星期五,0.0,0.0376
2007-03-22,7.25,7.19,7.37,7.17,94348.0,星期四,0.0014,-0.0083
2007-03-21,7.09,7.24,7.24,7.05,63306.0,星期三,0.0,0.0212
2007-03-20,6.88,7.09,7.13,6.88,43466.0,星期二,0.0,0.0305
2007-03-19,6.63,6.88,6.99,6.56,47794.0,星期一,-0.0391,0.0377
2007-03-16,7.2,6.9,7.2,6.84,77289.0,星期五,0.0028,-0.0417
2007-03-15,7.05,7.18,7.19,7.01,75680.0,星期四,-0.0056,0.0184
2007-03-14,7.26,7.09,7.26,6.85,79167.0,星期三,-0.0082,-0.0234
2007-03-13,7.3,7.32,7.4,7.19,75100.0,星期二,-0.0014,0.0027
2007-03-12,7.2,7.31,7.36,7.11,71565.0,星期一,-0.0055,0.0153
2007-03-09,7.38,7.24,7.39,7.08,126499.0,星期五,-0.004,-0.019
2007-03-08,7.5,7.41,7.57,7.34,272294.0,星期四,0.0218,-0.012
2007-03-07,6.99,7.34,7.36,6.98,162009.0,星期三,0.0029,0.0501
2007-03-06,6.78,6.97,7.05,6.63,84838.0,星期二,-0.0073,0.028
2007-03-05,6.88,6.83,7.12,6.54,90926.0,星期一,0.0015,-0.0073
2007-03-02,7.05,6.87,7.26,6.86,159798.0,星期五,0.0071,-0.0255
2007-03-01,6.7,7.0,7.0,6.58,275419.0,星期四,0.0121,0.0448
2007-02-28,6.05,6.62,6.65,6.02,92133.0,星期三,-0.0017,0.0942
2007-02-27,6.78,6.06,7.09,6.06,185292.0,星期二,0.0074,-0.1062
2007-02-26,6.45,6.73,6.77,6.32,109155.0,星期一,0.0031,0.0434
2007-02-16,6.44,6.43,6.62,6.31,93894.0,星期五,0.0,-0.0016
2007-02-15,6.22,6.44,6.45,6.22,78801.0,星期四,-0.008,0.0354
2007-02-14,6.2,6.27,6.35,6.12,65203.0,星期三,-0.0032,0.0113
2007-02-13,6.22,6.22,6.24,6.06,52328.0,星期二,0.0032,0.0
2007-02-12,6.15,6.2,6.28,5.95,61311.0,星期一,0.0033,0.0081
2007-02-09,6.03,6.13,6.2,5.99,102587.0,星期五,0.0084,0.0166
2007-02-08,5.75,5.98,6.0,5.72,72006.0,星期四,0.0,0.04
2007-02-07,5.69,5.75,5.77,5.61,54002.0,星期三,0.0018,0.0105
2007-02-06,5.5,5.68,5.7,5.5,31771.0,星期二,0.0018,0.0327
2007-02-05,5.45,5.49,5.6,5.4,38092.0,星期一,0.0,0.0073
2007-02-02,5.7,5.45,5.8,5.45,53569.0,星期五,-0.0087,-0.0439
2007-02-01,5.88,5.75,6.04,5.45,84538.0,星期四,-0.0281,-0.0221
2007-01-31,6.5,6.05,6.65,5.95,159618.0,星期三,0.0031,-0.0692
2007-01-30,6.3,6.48,6.49,6.12,120797.0,星期二,0.0096,0.0286
2007-01-29,6.18,6.24,6.37,6.05,81674.0,星期一,0.0334,0.0097
2007-01-25,6.53,5.98,6.53,5.98,99331.0,星期四,-0.0046,-0.0842
2007-01-24,6.39,6.56,6.6,6.3,94973.0,星期三,-0.0108,0.0266
2007-01-23,6.8,6.46,6.8,6.28,131005.0,星期二,0.0029,-0.05
2007-01-22,6.65,6.78,6.82,6.53,142861.0,星期一,0.0061,0.0195
2007-01-19,6.66,6.61,6.77,6.48,114308.0,星期五,0.0168,-0.0075
2007-01-18,6.22,6.55,6.58,6.17,110714.0,星期四,-0.0096,0.0531
2007-01-17,6.4,6.28,6.68,6.15,152152.0,星期三,0.0,-0.0188
2007-01-16,6.1,6.4,6.46,5.92,182576.0,星期二,0.0016,0.0492
2007-01-15,5.6,6.09,6.15,5.55,120904.0,星期一,-0.0053,0.0875
2007-01-12,5.9,5.63,6.02,5.61,106456.0,星期五,-0.0167,-0.0458
2007-01-11,6.05,6.0,6.21,5.86,122020.0,星期四,0.0017,-0.0083
2007-01-10,5.9,6.04,6.07,5.7,113696.0,星期三,0.0,0.0237
2007-01-09,5.83,5.9,6.14,5.82,104528.0,星期二,-0.0085,0.012
2007-01-08,5.8,5.88,6.01,5.61,122140.0,星期一,0.014,0.0138
2007-01-05,5.2,5.72,5.72,5.11,128225.0,星期五,0.0,0.1
2007-01-04,5.18,5.2,5.38,5.16,87245.0,星期四,0.0058,0.0039
2006-12-29,5.1,5.15,5.29,5.08,61047.0,星期五,-0.0039,0.0098
2006-12-28,5.33,5.12,5.39,4.98,88001.0,星期四,-0.0093,-0.0394
2006-12-27,5.29,5.38,5.55,5.15,84280.0,星期三,0.0,0.017
2006-12-26,5.56,5.29,5.64,5.2,90824.0,星期二,-0.0107,-0.0486
2006-12-25,5.47,5.62,5.78,5.45,103508.0,星期一,-0.0091,0.0274
2006-12-22,5.65,5.52,5.74,5.32,121854.0,星期五,-0.0105,-0.023
2006-12-21,5.99,5.71,6.16,5.7,130636.0,星期四,-0.0148,-0.0467
2006-12-20,5.73,6.08,6.25,5.53,204407.0,星期三,-0.0288,0.0611
2006-12-19,5.45,5.9,5.93,5.22,226148.0,星期二,0.0111,0.0826
2006-12-18,5.11,5.39,5.4,5.04,184314.0,星期一,0.0139,0.0548
2006-12-15,4.89,5.04,5.11,4.81,152875.0,星期五,-0.002,0.0307
2006-12-14,4.7,4.9,4.9,4.63,131056.0,星期四,-0.0063,0.0426
2006-12-13,4.73,4.73,4.9,4.59,161208.0,星期三,0.0,0.0
2006-12-12,4.5,4.73,4.8,4.3,197612.0,星期二,0.0,0.0511
2006-12-11,4.2,4.5,4.52,4.17,168220.0,星期一,0.0,0.0714
2006-12-08,4.06,4.2,4.29,4.05,141214.0,星期五,-0.0049,0.0345
2006-12-07,4.08,4.08,4.16,4.03,59343.0,星期四,-0.0024,0.0
2006-12-06,4.21,4.09,4.22,4.01,59927.0,星期三,0.0,-0.0285
2006-12-05,4.15,4.21,4.23,4.07,76912.0,星期二,0.0,0.0145
2006-12-04,4.1,4.15,4.17,4.09,44814.0,星期一,-0.0073,0.0122
2006-12-01,4.24,4.13,4.25,4.12,41933.0,星期五,0.0047,-0.0259
2006-11-30,4.2,4.22,4.3,4.18,56438.0,星期四,-0.0071,0.0048
2006-11-29,4.1,4.23,4.25,4.02,47990.0,星期三,-0.0097,0.0317
2006-11-28,4.15,4.14,4.22,4.11,31295.0,星期二,-0.0024,-0.0024
2006-11-27,4.0,4.16,4.16,3.97,44645.0,星期一,0.0025,0.04
2006-11-24,3.94,3.99,4.01,3.91,27832.0,星期五,0.0025,0.0127
2006-11-23,3.9,3.93,3.93,3.86,23291.0,星期四,0.0026,0.0077
2006-11-22,3.93,3.89,3.95,3.84,31451.0,星期三,0.0026,-0.0102
2006-11-21,3.86,3.92,3.95,3.86,22499.0,星期二,-0.0052,0.0155
2006-11-20,4.08,3.88,4.08,3.86,48817.0,星期一,0.0025,-0.049
2006-11-17,4.1,4.07,4.1,4.01,25284.0,星期五,-0.0024,-0.0073
2006-11-16,4.16,4.11,4.24,4.07,40156.0,星期四,-0.0048,-0.012
2006-11-15,4.08,4.18,4.22,4.07,47420.0,星期三,0.0,0.0245
2006-11-14,4.11,4.08,4.23,3.95,33515.0,星期二,0.0,-0.0073
2006-11-13,4.05,4.11,4.33,4.02,53524.0,星期一,0.0,0.0148
2006-11-10,4.25,4.05,4.25,4.0,34074.0,星期五,0.0095,-0.0471
2006-11-09,4.16,4.21,4.24,4.12,19308.0,星期四,0.0,0.012
2006-11-08,4.18,4.16,4.22,4.09,16111.0,星期三,-0.0024,-0.0048
2006-11-07,4.43,4.19,4.45,4.07,37679.0,星期二,-0.3328,-0.0542
2006-11-06,6.73,6.64,6.79,6.59,33835.0,星期一,0.0,-0.0134
2006-11-03,6.72,6.73,6.81,6.68,21156.0,星期五,0.003,0.0015
2006-11-02,6.8,6.7,6.82,6.64,20156.0,星期四,0.0044,-0.0147
2006-11-01,6.48,6.77,6.89,6.48,60600.0,星期三,0.0237,0.0448
2006-10-31,6.28,6.33,6.37,6.2,12002.0,星期二,0.0016,0.008
2006-10-30,6.1,6.27,6.28,6.07,15218.0,星期一,-0.0049,0.0279
2006-10-27,6.4,6.13,6.48,6.06,30112.0,星期五,0.0,-0.0422
2006-10-26,6.57,6.4,6.6,6.39,13810.0,星期四,0.0,-0.0259
2006-10-25,6.69,6.57,6.69,6.46,22458.0,星期三,0.0,-0.0179
2006-10-24,6.6,6.69,6.71,6.58,19455.0,星期二,0.0,0.0136
2006-10-23,6.99,6.6,6.99,6.51,36047.0,星期一,-0.0029,-0.0558
2006-10-20,7.0,7.01,7.12,6.98,52615.0,星期五,0.0086,0.0014
2006-10-19,6.96,6.94,7.01,6.86,33533.0,星期四,0.0043,-0.0029
2006-10-18,6.86,6.93,7.03,6.83,44443.0,星期三,-0.0015,0.0102
2006-10-17,6.76,6.87,6.87,6.72,23428.0,星期二,-0.0029,0.0163
2006-10-16,6.79,6.78,6.79,6.71,13879.0,星期一,0.0,-0.0015
2006-10-13,6.76,6.79,6.79,6.67,18389.0,星期五,-0.0015,0.0044
2006-10-12,6.95,6.77,6.97,6.68,27849.0,星期四,0.0029,-0.0259
2006-10-11,6.85,6.93,6.99,6.83,62750.0,星期三,0.0088,0.0117
2006-10-10,6.8,6.79,6.83,6.65,27970.0,星期二,0.0029,-0.0015
2006-10-09,6.88,6.78,6.94,6.76,31323.0,星期一,0.0103,-0.0145
2006-09-29,6.59,6.81,6.83,6.58,31832.0,星期五,0.003,0.0334
2006-09-28,6.53,6.57,6.64,6.45,17038.0,星期四,0.0031,0.0061
2006-09-27,6.48,6.51,6.57,6.47,11237.0,星期三,0.0,0.0046
2006-09-26,6.47,6.48,6.58,6.45,14452.0,星期二,0.0031,0.0015
2006-09-25,6.68,6.45,6.7,6.41,23498.0,星期一,0.0,-0.0344
2006-09-22,6.7,6.68,6.84,6.65,32630.0,星期五,0.0152,-0.003
2006-09-20,6.69,6.6,6.69,6.55,24078.0,星期三,0.0,-0.0135
2006-09-19,6.78,6.69,6.8,6.65,27566.0,星期二,0.0015,-0.0133
2006-09-18,6.62,6.77,6.8,6.6,35667.0,星期一,0.003,0.0227
2006-09-15,6.6,6.6,6.68,6.55,36017.0,星期五,-0.003,0.0
2006-09-14,6.38,6.62,6.65,6.28,44042.0,星期四,0.0,0.0376
2006-09-13,6.23,6.38,6.51,6.18,46153.0,星期三,0.0048,0.0241
2006-09-12,6.17,6.2,6.22,6.12,15547.0,星期二,0.0,0.0049
2006-09-11,6.14,6.17,6.18,6.02,13649.0,星期一,0.0,0.0049
2006-09-08,6.1,6.14,6.23,6.07,15950.0,星期五,0.0,0.0066
2006-09-07,6.3,6.1,6.31,6.08,24563.0,星期四,0.0,-0.0317
2006-09-06,6.3,6.3,6.35,6.2,22973.0,星期三,-0.0094,0.0
2006-09-05,6.29,6.36,6.56,6.23,52238.0,星期二,-0.0248,0.0111
2006-09-04,6.05,6.45,6.5,5.88,86285.0,星期一,-0.0984,0.0661
2006-08-10,6.79,6.71,6.92,6.53,32786.0,星期四,0.0,-0.0118
2006-08-09,6.98,6.79,6.98,6.78,13271.0,星期三,0.019,-0.0272
2006-08-08,6.66,6.85,6.98,6.66,13195.0,星期二,0.0045,0.0285
2006-08-07,6.56,6.63,6.76,6.5,16616.0,星期一,0.0,0.0107
2006-08-04,7.08,6.56,7.14,6.35,16939.0,星期五,0.0057,-0.0734
2006-08-03,7.06,7.04,7.14,6.95,10784.0,星期四,0.0,-0.0028
2006-08-02,7.13,7.06,7.25,6.9,21788.0,星期三,0.0,-0.0098
2006-08-01,7.14,7.13,7.3,7.05,18888.0,星期二,0.0128,-0.0014
2006-07-31,7.6,7.05,7.6,7.0,24979.0,星期一,-0.0065,-0.0724
2006-07-28,7.76,7.65,7.86,7.62,17677.0,星期五,0.0,-0.0142
2006-07-27,8.1,7.76,8.1,7.62,30927.0,星期四,0.0062,-0.042
2006-07-26,8.08,8.05,8.23,8.0,21715.0,星期三,-0.0098,-0.0037
2006-07-25,8.05,8.16,8.32,7.88,46157.0,星期二,-0.0811,0.0137
2006-06-29,8.75,8.76,8.93,8.63,44512.0,星期四,0.0,0.0011
2006-06-28,8.4,8.75,8.8,8.34,45128.0,星期三,-0.0047,0.0417
2006-06-27,8.99,8.44,9.08,8.4,68290.0,星期二,0.0011,-0.0612
2006-06-26,8.75,8.98,9.32,8.75,49111.0,星期一,0.0034,0.0263
2006-06-23,8.53,8.72,8.9,8.37,55155.0,星期五,-0.0035,0.0223
2006-06-22,8.33,8.56,8.68,8.22,45923.0,星期四,-0.0095,0.0276
2006-06-21,8.28,8.41,8.98,8.28,84148.0,星期三,-0.0012,0.0157
2006-06-20,8.2,8.29,8.37,8.03,45806.0,星期二,-0.0097,0.011
2006-06-19,7.6,8.28,8.48,7.51,72678.0,星期一,-0.0168,0.0895
2006-06-16,7.6,7.73,7.79,7.5,29063.0,星期五,0.0013,0.0171
2006-06-15,7.7,7.59,7.88,7.57,27031.0,星期四,-0.0052,-0.0143
2006-06-14,7.16,7.74,7.9,7.07,55562.0,星期三,-0.0042,0.081
2006-06-13,7.15,7.19,7.37,7.0,21272.0,星期二,0.0,0.0056
2006-06-12,6.8,7.15,7.28,6.68,31459.0,星期一,-0.0145,0.0515
2006-06-09,7.08,6.9,7.27,6.85,38202.0,星期五,-0.0112,-0.0254
2006-06-08,7.25,7.16,7.36,6.59,68678.0,星期四,-0.0096,-0.0124
2006-06-07,8.05,7.32,8.18,7.32,53328.0,星期三,-0.0098,-0.0907
2006-06-06,7.92,8.13,8.46,7.87,44642.0,星期二,0.0,0.0265
2006-06-05,7.66,7.92,8.0,7.5,37288.0,星期一,0.0,0.0339
2006-06-02,7.73,7.66,8.1,7.6,59227.0,星期五,0.0013,-0.0091
2006-06-01,6.99,7.72,7.72,6.95,74342.0,星期四,-0.0043,0.1044
2006-05-31,7.17,7.02,7.35,6.96,40171.0,星期三,-0.0042,-0.0209
2006-05-30,7.16,7.2,7.4,7.11,41411.0,星期二,0.0,0.0056
2006-05-29,6.92,7.16,7.26,6.81,46302.0,星期一,-0.0029,0.0347
2006-05-26,6.61,6.94,6.98,6.53,37196.0,星期五,0.0092,0.0499
2006-05-25,6.33,6.55,6.55,6.28,26355.0,星期四,0.0,0.0348
2006-05-24,6.4,6.33,6.68,6.06,40696.0,星期三,-0.0062,-0.0109
2006-05-23,7.0,6.44,7.0,6.43,67542.0,星期二,-0.0113,-0.08
2006-05-22,7.19,7.08,7.28,6.98,56117.0,星期一,0.0098,-0.0153
2006-05-19,6.69,7.12,7.15,6.59,47693.0,星期五,-0.0015,0.0643
2006-05-18,7.02,6.7,7.06,6.39,56984.0,星期四,-0.0099,-0.0456
2006-05-17,6.9,7.09,7.25,6.9,53010.0,星期三,0.0,0.0275
2006-05-16,7.0,6.9,7.5,6.7,78937.0,星期二,-0.0085,-0.0143
2006-05-15,6.5,7.06,7.06,6.5,75192.0,星期一,0.0078,0.0862
2006-05-12,6.07,6.45,6.49,6.03,63244.0,星期五,-0.0049,0.0626
2006-05-11,6.07,6.1,6.59,5.99,74299.0,星期四,-0.0016,0.0049
2006-05-10,6.1,6.08,6.25,5.93,65977.0,星期三,-0.0016,-0.0033
2006-05-09,5.62,6.11,6.17,5.5,89836.0,星期二,0.0018,0.0872
2006-05-08,5.35,5.61,5.69,5.3,53831.0,星期一,-0.0056,0.0486
2006-04-28,5.26,5.38,5.48,5.06,34831.0,星期五,-0.0057,0.0228
2006-04-27,5.24,5.29,5.35,5.13,29420.0,星期四,0.0,0.0095
2006-04-26,5.07,5.24,5.28,5.02,31046.0,星期三,0.0,0.0335
2006-04-25,5.11,5.07,5.19,4.88,40157.0,星期二,-0.0058,-0.0078
2006-04-24,5.44,5.14,5.5,5.12,43129.0,星期一,0.0,-0.0551
2006-04-21,5.35,5.44,5.52,5.2,42568.0,星期五,-0.0056,0.0168
2006-04-20,5.58,5.38,5.69,5.32,45917.0,星期四,-0.0018,-0.0358
2006-04-19,5.62,5.59,5.78,5.43,55391.0,星期三,0.0126,-0.0053
2006-04-18,5.39,5.55,5.68,5.37,49560.0,星期二,-0.0037,0.0297
2006-04-17,5.35,5.41,5.55,5.3,45509.0,星期一,0.0113,0.0112
2006-04-14,5.2,5.29,5.38,5.04,35626.0,星期五,-0.0038,0.0173
2006-04-13,5.6,5.22,5.6,5.2,45674.0,星期四,-0.0036,-0.0679
2006-04-12,5.32,5.62,5.79,5.29,105306.0,星期三,0.0038,0.0564
2006-04-11,5.32,5.3,5.34,5.07,48141.0,星期二,0.0019,-0.0038
2006-04-10,5.35,5.31,5.43,5.2,43253.0,星期一,0.0113,-0.0075
2006-04-07,5.22,5.29,5.37,5.21,48179.0,星期五,0.0038,0.0134
2006-04-06,5.26,5.2,5.31,5.11,59642.0,星期四,0.0115,-0.0114
2006-04-05,5.2,5.2,5.37,5.15,42668.0,星期三,0.0,0.0
2006-04-04,4.99,5.2,5.25,4.93,61056.0,星期二,0.002,0.0421
2006-04-03,4.8,4.98,4.98,4.7,25380.0,星期一,0.0021,0.0375
2006-03-31,4.72,4.79,4.8,4.65,11430.0,星期五,0.0,0.0148
2006-03-30,4.85,4.72,4.87,4.72,15064.0,星期四,-0.0041,-0.0268
2006-03-29,4.9,4.87,4.94,4.85,16461.0,星期三,-0.0061,-0.0061
2006-03-28,4.91,4.93,4.96,4.86,14008.0,星期二,0.0,0.0041
2006-03-27,4.78,4.91,4.95,4.76,23737.0,星期一,0.0084,0.0272
2006-03-24,4.71,4.74,4.82,4.71,14679.0,星期五,-0.0146,0.0064
2006-03-23,4.7,4.78,4.8,4.66,13642.0,星期四,0.0043,0.017
2006-03-22,4.65,4.68,4.7,4.6,8736.0,星期三,0.0087,0.0065
2006-03-21,4.6,4.61,4.69,4.59,9781.0,星期二,-0.0022,0.0022
2006-03-20,4.56,4.61,4.62,4.47,7880.0,星期一,0.0022,0.011
2006-03-17,4.58,4.55,4.59,4.5,7195.0,星期五,0.0,-0.0066
2006-03-16,4.62,4.58,4.64,4.55,7247.0,星期四,0.0,-0.0087
2006-03-15,4.51,4.62,4.62,4.5,11972.0,星期三,0.0,0.0244
2006-03-14,4.56,4.51,4.57,4.45,7384.0,星期二,-0.0022,-0.011
2006-03-13,4.5,4.57,4.6,4.45,8837.0,星期一,0.0,0.0156
2006-03-10,4.47,4.5,4.56,4.45,6997.0,星期五,0.0,0.0067
2006-03-09,4.49,4.47,4.58,4.45,7571.0,星期四,-0.0022,-0.0045
2006-03-08,4.55,4.5,4.59,4.41,13952.0,星期三,-0.0022,-0.011
2006-03-07,4.79,4.56,4.8,4.53,16066.0,星期二,-0.0021,-0.048
2006-03-06,4.86,4.8,4.88,4.8,7749.0,星期一,0.0021,-0.0123
2006-03-03,4.85,4.85,4.92,4.8,14520.0,星期五,-0.0061,0.0
2006-03-02,4.93,4.88,5.04,4.77,28244.0,星期四,0.0041,-0.0101
2006-03-01,4.82,4.91,4.92,4.79,16840.0,星期三,0.0,0.0187
2006-02-28,4.88,4.82,4.88,4.7,15109.0,星期二,0.0,-0.0123
2006-02-27,4.96,4.88,4.99,4.88,15948.0,星期一,0.0,-0.0161
2006-02-24,4.95,4.96,5.0,4.92,10422.0,星期五,-0.006,0.002
2006-02-23,4.93,4.98,4.99,4.8,13887.0,星期四,-0.004,0.0101
2006-02-22,4.93,4.95,5.05,4.86,22210.0,星期三,-0.002,0.0041
2006-02-21,4.82,4.94,4.95,4.67,28635.0,星期二,-0.0041,0.0249
2006-02-20,4.85,4.84,4.93,4.8,19800.0,星期一,-0.0061,-0.0021
2006-02-17,4.96,4.88,5.05,4.86,26962.0,星期五,-0.004,-0.0161
2006-02-16,5.26,4.98,5.26,4.97,39089.0,星期四,-0.0019,-0.0532
2006-02-15,5.27,5.27,5.33,5.19,26232.0,星期三,0.0,0.0
2006-02-14,5.34,5.27,5.41,5.25,31846.0,星期二,-0.0019,-0.0131
2006-02-13,5.25,5.35,5.38,5.11,35910.0,星期一,-0.0038,0.019
2006-02-10,5.03,5.27,5.4,5.03,69784.0,星期五,0.006,0.0477
2006-02-09,5.05,5.0,5.18,4.96,48758.0,星期四,0.0181,-0.0099
2006-02-08,4.88,4.96,4.98,4.83,21539.0,星期三,-0.002,0.0164
2006-02-07,5.08,4.89,5.08,4.82,33987.0,星期二,0.0059,-0.0374
2006-02-06,4.89,5.05,5.07,4.86,29210.0,星期一,0.0062,0.0327
2006-01-25,4.86,4.86,4.93,4.72,42464.0,星期三,-0.0021,0.0
2006-01-24,5.1,4.87,5.19,4.82,48472.0,星期二,-0.0039,-0.0451
2006-01-23,5.0,5.12,5.17,4.94,47468.0,星期一,0.002,0.024
2006-01-20,5.0,4.99,5.04,4.92,56542.0,星期五,0.006,-0.002
2006-01-19,4.69,4.97,5.1,4.65,71100.0,星期四,0.0,0.0597
2006-01-18,4.58,4.69,4.7,4.55,24827.0,星期三,-0.0022,0.024
2006-01-17,4.54,4.59,4.61,4.51,21464.0,星期二,-0.0044,0.011
2006-01-16,4.7,4.56,4.71,4.54,40868.0,星期一,-0.0042,-0.0298
2006-01-13,4.86,4.72,4.89,4.68,40501.0,星期五,0.0,-0.0288
2006-01-12,4.79,4.86,4.87,4.72,33702.0,星期四,0.0,0.0146
2006-01-11,4.88,4.79,4.9,4.75,44496.0,星期三,0.0,-0.0184
2006-01-10,4.7,4.88,4.91,4.65,81110.0,星期二,0.0064,0.0383
2006-01-09,4.65,4.67,4.75,4.57,40380.0,星期一,0.0109,0.0043
2006-01-06,4.6,4.6,4.76,4.57,51846.0,星期五,0.0,0.0
2006-01-05,4.51,4.6,4.65,4.51,80719.0,星期四,0.0045,0.02
2006-01-04,4.55,4.49,4.56,4.43,48807.0,星期三,0.0066,-0.0132
2005-12-30,4.55,4.52,4.68,4.48,59159.0,星期五,0.0111,-0.0066
2005-12-29,4.43,4.5,4.53,4.43,23905.0,星期四,-0.0023,0.0158
2005-12-28,4.47,4.44,4.48,4.4,16211.0,星期三,0.0136,-0.0067
2005-12-27,4.48,4.41,4.5,4.37,18725.0,星期二,0.0136,-0.0156
2005-12-23,4.33,4.42,4.49,4.29,40953.0,星期五,0.0023,0.0208
2005-12-22,4.26,4.32,4.36,4.25,21204.0,星期四,-0.0023,0.0141
2005-12-21,4.3,4.27,4.31,4.22,28577.0,星期三,0.0047,-0.007
2005-12-20,4.3,4.28,4.31,4.21,14716.0,星期二,0.007,-0.0047
2005-12-19,4.25,4.27,4.29,4.19,19643.0,星期一,0.0024,0.0047
2005-12-16,4.18,4.24,4.28,4.16,22680.0,星期五,-0.0048,0.0144
2005-12-15,4.17,4.2,4.25,4.15,21982.0,星期四,-0.0095,0.0072
2005-12-14,4.14,4.21,4.24,4.13,25890.0,星期三,-0.0024,0.0169
2005-12-13,4.17,4.15,4.17,4.08,11437.0,星期二,0.0024,-0.0048
2005-12-12,4.16,4.16,4.18,4.09,15396.0,星期一,-0.0024,0.0
2005-12-09,4.13,4.17,4.26,4.1,49128.0,星期五,0.0073,0.0097
2005-12-08,4.05,4.1,4.12,4.02,17314.0,星期四,-0.0098,0.0123
2005-12-07,3.81,4.09,4.17,3.78,27452.0,星期三,0.0053,0.0735
2005-12-06,3.76,3.79,3.81,3.7,6094.0,星期二,0.0,0.008
2005-12-05,4.0,3.76,4.0,3.75,7706.0,星期一,0.0309,-0.06
2005-12-02,4.0,3.88,4.04,3.87,8528.0,星期五,-0.0074,-0.03
2005-12-01,4.07,4.03,4.09,4.01,4971.0,星期四,0.0,-0.0098
2005-11-30,4.03,4.07,4.07,3.98,7101.0,星期三,0.0025,0.0099
2005-11-29,4.13,4.02,4.15,4.01,9309.0,星期二,0.0098,-0.0266
2005-11-28,4.13,4.09,4.17,4.07,5850.0,星期一,0.0098,-0.0097
2005-11-25,4.08,4.09,4.12,3.98,12292.0,星期五,0.0099,0.0025
2005-11-24,4.09,4.04,4.13,4.01,10355.0,星期四,0.0025,-0.0122
2005-11-23,4.04,4.08,4.11,4.01,9581.0,星期三,-0.0074,0.0099
2005-11-22,4.2,4.07,4.22,4.07,19790.0,星期二,0.0072,-0.031
2005-11-21,4.21,4.17,4.26,4.15,22361.0,星期一,0.0072,-0.0095
2005-11-18,4.05,4.18,4.23,4.05,37389.0,星期五,0.0,0.0321
2005-11-17,4.05,4.05,4.15,3.98,19798.0,星期四,0.0075,0.0
2005-11-16,3.98,4.02,4.03,3.84,14360.0,星期三,0.0076,0.0101
2005-11-15,4.05,3.95,4.07,3.9,12308.0,星期二,0.0,-0.0247
2005-11-14,4.07,4.05,4.07,3.96,11944.0,星期一,0.0074,-0.0049
2005-11-11,3.95,4.04,4.09,3.84,22988.0,星期五,0.0077,0.0228
2005-11-10,4.14,3.92,4.14,3.9,27186.0,星期四,0.0073,-0.0531
2005-11-09,3.93,4.11,4.25,3.86,54903.0,星期三,-0.0051,0.0458
2005-11-08,3.8,3.95,3.96,3.8,46615.0,星期二,0.0133,0.0395
2005-11-07,3.63,3.75,3.76,3.61,16123.0,星期一,0.0,0.0331
2005-11-04,3.6,3.63,3.63,3.51,14764.0,星期五,-0.0083,0.0083
2005-11-03,3.75,3.63,3.76,3.56,20682.0,星期四,-0.0053,-0.032
2005-11-02,3.66,3.77,3.8,3.64,17100.0,星期三,0.0055,0.0301
2005-11-01,3.82,3.64,3.84,3.54,15545.0,星期二,-0.0026,-0.0471
2005-10-31,3.77,3.83,3.86,3.74,9526.0,星期一,0.0027,0.0159
2005-10-28,3.73,3.76,3.83,3.66,10657.0,星期五,0.0,0.008
2005-10-27,3.9,3.73,3.91,3.67,21792.0,星期四,-0.0152,-0.0436
2005-10-26,4.11,3.96,4.18,3.94,15536.0,星期三,-0.0096,-0.0365
2005-10-25,4.33,4.15,4.33,4.15,13575.0,星期二,0.0023,-0.0416
2005-10-24,4.24,4.32,4.38,4.22,11251.0,星期一,-0.0024,0.0189
2005-10-21,4.23,4.25,4.31,4.2,12463.0,星期五,-0.0024,0.0047
2005-10-20,4.36,4.24,4.36,4.18,18830.0,星期四,-0.0023,-0.0275
2005-10-19,4.55,4.37,4.57,4.36,18526.0,星期三,0.0,-0.0396
2005-10-18,4.53,4.55,4.55,4.45,22025.0,星期二,0.0044,0.0044
2005-10-17,4.47,4.51,4.55,4.37,21916.0,星期一,0.0045,0.0089
2005-10-14,4.42,4.45,4.58,4.42,34394.0,星期五,0.0068,0.0068
2005-10-13,4.33,4.39,4.4,4.25,18221.0,星期四,0.0,0.0139
2005-10-12,4.2,4.33,4.38,4.2,14836.0,星期三,-0.0047,0.031
2005-10-11,4.13,4.22,4.26,4.1,11498.0,星期二,0.0,0.0218
2005-10-10,4.32,4.13,4.4,4.11,13064.0,星期一,0.0,-0.044
2005-09-30,4.35,4.32,4.42,4.32,12293.0,星期五,-0.0046,-0.0069
2005-09-29,4.25,4.37,4.42,4.25,16363.0,星期四,0.0,0.0282
2005-09-28,4.24,4.25,4.33,4.2,10120.0,星期三,-0.0162,0.0024
2005-09-27,4.31,4.31,4.42,4.23,17471.0,星期二,-0.0023,0.0
2005-09-26,4.46,4.32,4.46,4.2,23483.0,星期一,0.0,-0.0314
2005-09-23,4.52,4.46,4.62,4.41,36857.0,星期五,0.0022,-0.0133
2005-09-22,4.66,4.51,4.68,4.33,45143.0,星期四,-0.0021,-0.0322
2005-09-21,4.8,4.67,4.83,4.57,39163.0,星期三,0.0345,-0.0271
2005-09-20,4.76,4.64,4.78,4.59,46929.0,星期二,-0.0042,-0.0252
2005-09-19,4.61,4.78,4.78,4.6,36002.0,星期一,-0.0043,0.0369
2005-09-16,4.62,4.63,4.75,4.59,50703.0,星期五,0.0043,0.0022
2005-09-15,4.5,4.6,4.63,4.48,38969.0,星期四,-0.011,0.0222
2005-09-14,4.5,4.55,4.59,4.44,42272.0,星期三,0.0,0.0111
2005-09-13,4.33,4.5,4.52,4.31,42507.0,星期二,0.0,0.0393
2005-09-12,4.33,4.33,4.37,4.28,15907.0,星期一,0.0,0.0
2005-09-09,4.46,4.33,4.48,4.3,36490.0,星期五,0.009,-0.0291
2005-09-08,4.23,4.42,4.45,4.23,72896.0,星期四,0.0,0.0449
2005-09-07,4.09,4.23,4.24,4.03,30371.0,星期三,-0.0049,0.0342
2005-09-06,4.32,4.11,4.35,4.08,43594.0,星期二,0.0047,-0.0486
2005-09-05,4.21,4.3,4.33,4.18,30737.0,星期一,0.0048,0.0214
2005-09-02,4.16,4.19,4.38,4.15,55674.0,星期五,0.0,0.0072
2005-09-01,4.03,4.16,4.2,3.95,44200.0,星期四,0.0,0.0323
2005-08-31,3.92,4.03,4.04,3.92,17256.0,星期三,-0.0051,0.0281
2005-08-30,4.08,3.94,4.08,3.93,18164.0,星期二,0.0,-0.0343
2005-08-29,3.97,4.08,4.15,3.97,31137.0,星期一,0.0025,0.0277
2005-08-26,4.07,3.96,4.08,3.91,27945.0,星期五,0.0025,-0.027
2005-08-25,3.98,4.06,4.16,3.93,34317.0,星期四,-0.005,0.0201
2005-08-24,3.9,4.0,4.07,3.8,33836.0,星期三,0.0052,0.0256
2005-08-23,4.11,3.88,4.15,3.81,45663.0,星期二,-0.0072,-0.056
2005-08-22,4.3,4.14,4.32,4.02,37578.0,星期一,-0.0138,-0.0372
2005-08-19,4.25,4.36,4.44,4.13,75610.0,星期五,0.0,0.0259
2005-08-18,4.48,4.25,4.68,4.22,217828.0,星期四,0.0443,-0.0513
2005-08-17,3.89,4.29,4.29,3.73,174207.0,星期三,-0.0026,0.1028
2005-08-16,3.78,3.9,3.95,3.66,66857.0,星期二,0.0027,0.0317
2005-08-15,3.61,3.77,3.79,3.57,44930.0,星期一,-0.0028,0.0443
2005-08-12,3.83,3.62,3.83,3.61,27625.0,星期五,0.0106,-0.0548
2005-08-11,3.78,3.79,3.87,3.72,35092.0,星期四,0.0027,0.0026
2005-08-10,3.7,3.77,3.78,3.6,26275.0,星期三,0.0027,0.0189
2005-08-09,3.58,3.69,3.71,3.55,21714.0,星期二,0.0,0.0307
2005-08-08,3.57,3.58,3.67,3.55,18755.0,星期一,0.0085,0.0028
2005-08-05,3.42,3.54,3.54,3.41,14263.0,星期五,0.0,0.0351
2005-08-04,3.49,3.42,3.53,3.41,8557.0,星期四,0.0029,-0.0201
2005-08-03,3.51,3.48,3.62,3.46,16963.0,星期三,0.0,-0.0085
2005-08-02,3.4,3.51,3.58,3.34,15649.0,星期二,0.0,0.0324
2005-08-01,3.4,3.4,3.46,3.33,7638.0,星期一,-0.0116,0.0
2005-07-29,3.32,3.44,3.45,3.32,16975.0,星期五,0.0,0.0361
2005-07-28,3.38,3.32,3.42,3.31,12086.0,星期四,-0.0029,-0.0178
2005-07-27,3.35,3.39,3.4,3.3,10719.0,星期三,-0.003,0.0119
2005-07-26,3.25,3.36,3.42,3.21,15479.0,星期二,0.0156,0.0338
2005-07-25,3.15,3.2,3.29,3.11,7326.0,星期一,-0.0032,0.0159
2005-07-22,3.05,3.16,3.24,3.0,14750.0,星期五,0.0066,0.0361
2005-07-21,3.05,3.03,3.05,2.97,3764.0,星期四,0.0033,-0.0066
2005-07-20,2.98,3.04,3.05,2.93,5521.0,星期三,-0.0132,0.0201
2005-07-19,2.95,3.02,3.04,2.94,3058.0,星期二,-0.0101,0.0237
2005-07-18,3.15,2.98,3.17,2.93,7690.0,星期一,0.0,-0.054
2005-07-15,3.36,3.15,3.36,3.1,6823.0,星期五,-0.003,-0.0625
2005-07-14,3.39,3.37,3.43,3.32,4629.0,星期四,-0.0088,-0.0059
2005-07-13,3.36,3.42,3.46,3.29,6527.0,星期三,-0.0059,0.0179
2005-07-12,3.28,3.38,3.42,3.2,6848.0,星期二,-0.003,0.0305
2005-07-11,3.4,3.29,3.51,3.27,3272.0,星期一,0.0119,-0.0324
2005-07-08,3.46,3.36,3.49,3.35,5201.0,星期五,-0.017,-0.0289
2005-07-07,3.48,3.52,3.53,3.46,2854.0,星期四,-0.0057,0.0115
2005-07-06,3.48,3.5,3.52,3.4,3837.0,星期三,0.0116,0.0057
2005-07-05,3.54,3.44,3.54,3.43,3335.0,星期二,0.0,-0.0282
2005-07-04,3.58,3.54,3.58,3.46,7888.0,星期一,-0.0028,-0.0112
2005-07-01,3.82,3.59,3.82,3.59,17140.0,星期五,-0.0426,-0.0602
2005-06-29,4.01,3.99,4.04,3.95,3745.0,星期三,0.005,-0.005
2005-06-28,4.1,3.99,4.11,3.98,8389.0,星期二,-0.0097,-0.0268
2005-06-27,4.06,4.14,4.21,4.06,20150.0,星期一,-0.0025,0.0197
2005-06-24,4.04,4.07,4.08,3.98,6690.0,星期五,-0.0049,0.0074
2005-06-23,3.98,4.06,4.09,3.95,13256.0,星期四,-0.005,0.0201
2005-06-22,3.98,4.0,4.02,3.92,5590.0,星期三,-0.0075,0.005
2005-06-21,3.98,4.01,4.02,3.91,8642.0,星期二,-0.0075,0.0075
2005-06-20,3.82,4.01,4.02,3.72,9623.0,星期一,-0.0052,0.0497
2005-06-17,3.92,3.84,3.92,3.82,5495.0,星期五,0.0051,-0.0204
2005-06-16,3.82,3.9,3.91,3.78,8280.0,星期四,-0.0078,0.0209
2005-06-15,4.0,3.85,4.01,3.83,8278.0,星期三,-0.0074,-0.0375
2005-06-14,4.13,4.03,4.15,4.03,11306.0,星期二,0.0,-0.0242
2005-06-13,4.06,4.13,4.14,4.05,12619.0,星期一,0.0025,0.0172
2005-06-10,4.18,4.05,4.19,4.03,16209.0,星期五,0.0,-0.0311
2005-06-09,4.15,4.18,4.27,4.03,31395.0,星期四,0.0,0.0072
2005-06-08,3.85,4.15,4.18,3.85,34895.0,星期三,0.0079,0.0779
2005-06-07,3.82,3.82,3.92,3.8,15388.0,星期二,0.0,0.0
2005-06-06,3.76,3.82,3.83,3.69,7130.0,星期一,0.0,0.016
2005-06-03,3.88,3.76,3.91,3.71,10283.0,星期五,-0.0051,-0.0309
2005-06-02,3.85,3.9,3.96,3.82,7726.0,星期四,-0.0077,0.013
2005-06-01,4.03,3.88,4.06,3.86,8410.0,星期三,0.0,-0.0372
2005-05-31,4.09,4.03,4.09,4.02,6644.0,星期二,0.0,-0.0147
2005-05-30,4.0,4.09,4.09,3.95,9909.0,星期一,-0.005,0.0225
2005-05-27,3.99,4.02,4.04,3.93,7483.0,星期五,-0.0025,0.0075
2005-05-26,4.02,4.0,4.07,3.97,9079.0,星期四,-0.005,-0.005
2005-05-25,4.05,4.04,4.1,4.01,10471.0,星期三,-0.0049,-0.0025
2005-05-24,3.97,4.07,4.09,3.93,14821.0,星期二,-0.0025,0.0252
2005-05-23,4.21,3.98,4.22,3.96,13248.0,星期一,-0.0071,-0.0546
2005-05-20,4.21,4.24,4.32,4.2,18531.0,星期五,-0.0094,0.0071
2005-05-19,4.29,4.25,4.3,4.12,6957.0,星期四,0.0,-0.0093
2005-05-18,4.17,4.29,4.29,4.17,8492.0,星期三,-0.0024,0.0288
2005-05-17,4.1,4.18,4.18,3.92,11720.0,星期二,-0.0144,0.0195
2005-05-16,4.49,4.16,4.49,4.14,22327.0,星期一,-0.0239,-0.0735
2005-05-13,4.64,4.6,4.75,4.5,44935.0,星期五,0.0175,-0.0086
2005-05-12,4.54,4.56,4.58,4.4,7269.0,星期四,-0.0109,0.0044
2005-05-11,4.54,4.59,4.66,4.44,12326.0,星期三,0.0,0.011
2005-05-10,4.5,4.54,4.56,4.32,9325.0,星期二,-0.0022,0.0089
2005-05-09,4.7,4.51,4.71,4.45,6432.0,星期一,0.0086,-0.0404
2005-04-29,4.41,4.66,4.68,4.34,14451.0,星期五,-0.0023,0.0567
2005-04-28,4.18,4.42,4.44,4.17,6656.0,星期四,0.0,0.0574
2005-04-27,4.36,4.18,4.4,4.14,3687.0,星期三,0.0023,-0.0413
2005-04-26,4.21,4.35,4.35,4.19,4736.0,星期二,-0.0024,0.0333
2005-04-25,4.45,4.22,4.52,4.06,6818.0,星期一,-0.0089,-0.0517
2005-04-22,4.41,4.49,4.52,4.41,5171.0,星期五,0.0046,0.0181
2005-04-21,4.82,4.39,4.89,4.39,8838.0,星期四,-0.0123,-0.0892
2005-04-20,5.04,4.88,5.07,4.81,3339.0,星期三,-0.004,-0.0317
2005-04-19,5.08,5.06,5.2,4.98,5388.0,星期二,-0.0097,-0.0039
2005-04-18,5.17,5.13,5.23,5.03,4588.0,星期一,-0.0058,-0.0077
2005-04-15,5.3,5.2,5.35,5.16,6323.0,星期五,-0.0093,-0.0189
2005-04-14,5.31,5.35,5.45,5.25,16778.0,星期四,0.0038,0.0075
2005-04-13,4.96,5.29,5.29,4.96,19079.0,星期三,0.0,0.0665
2005-04-12,5.14,4.96,5.22,4.95,7036.0,星期二,-0.0058,-0.035
2005-04-11,5.15,5.17,5.32,5.12,11366.0,星期一,-0.0077,0.0039
2005-04-08,5.01,5.19,5.2,5.01,14575.0,星期五,-0.0118,0.0359
2005-04-07,4.87,5.07,5.1,4.76,15367.0,星期四,0.0,0.0411
2005-04-06,4.95,4.87,5.0,4.68,13740.0,星期三,-0.006,-0.0162
2005-04-05,5.08,4.98,5.12,4.89,6200.0,星期二,-0.0039,-0.0197
2005-04-04,5.2,5.1,5.2,5.07,7729.0,星期一,-0.0114,-0.0192
2005-04-01,5.09,5.26,5.3,5.02,19674.0,星期五,-0.0059,0.0334
2005-03-31,4.94,5.12,5.12,4.9,13270.0,星期四,0.0041,0.0364
2005-03-30,5.1,4.92,5.12,4.91,5801.0,星期三,-0.0039,-0.0353
2005-03-29,5.1,5.12,5.18,5.03,6700.0,星期二,0.0079,0.0039
2005-03-28,5.13,5.06,5.15,4.98,4639.0,星期一,0.0,-0.0136
2005-03-25,5.1,5.13,5.17,5.05,4476.0,星期五,-0.0039,0.0059
2005-03-24,5.23,5.12,5.25,4.97,5975.0,星期四,0.0097,-0.021
2005-03-23,5.25,5.18,5.27,5.1,4322.0,星期三,0.0135,-0.0133
2005-03-22,5.46,5.18,5.5,5.06,6472.0,星期二,0.0037,-0.0513
2005-03-21,5.45,5.44,5.52,5.4,3098.0,星期一,-0.0018,-0.0018
2005-03-18,5.6,5.46,5.61,5.42,4612.0,星期五,0.0054,-0.025
2005-03-17,5.51,5.57,5.59,5.45,7045.0,星期四,-0.0072,0.0109
2005-03-16,5.64,5.55,5.69,5.46,7851.0,星期三,0.0,-0.016
2005-03-15,5.8,5.64,5.83,5.64,5761.0,星期二,0.0017,-0.0276
2005-03-14,5.95,5.79,5.99,5.69,10363.0,星期一,-0.0067,-0.0269
2005-03-11,6.02,5.99,6.13,5.97,6378.0,星期五,-0.0131,-0.005
2005-03-10,6.21,6.1,6.23,5.98,9460.0,星期四,0.0,-0.0177
2005-03-09,6.11,6.21,6.22,6.01,13924.0,星期三,0.0016,0.0164
2005-03-08,6.06,6.1,6.12,5.96,12371.0,星期二,-0.0033,0.0066
2005-03-07,6.08,6.08,6.12,6.0,8947.0,星期一,0.0,0.0
2005-03-04,6.16,6.08,6.17,6.04,6558.0,星期五,-0.0016,-0.013
2005-03-03,5.93,6.17,6.19,5.87,23102.0,星期四,-0.005,0.0405
2005-03-02,5.99,5.96,6.05,5.89,7365.0,星期三,-0.005,-0.005
2005-03-01,5.85,6.02,6.07,5.81,12706.0,星期二,-0.0051,0.0291
2005-02-28,5.91,5.88,5.96,5.84,4966.0,星期一,-0.0051,-0.0051
2005-02-25,6.04,5.94,6.05,5.93,7801.0,星期五,0.0067,-0.0166
2005-02-24,5.88,6.0,6.0,5.88,9721.0,星期四,-0.0084,0.0204
2005-02-23,5.93,5.93,5.96,5.86,8944.0,星期三,-0.005,0.0
2005-02-22,5.82,5.96,5.98,5.74,12547.0,星期二,0.0,0.0241
2005-02-21,5.7,5.82,5.87,5.65,9982.0,星期一,0.0088,0.0211
2005-02-18,5.65,5.65,5.71,5.56,5109.0,星期五,0.0,0.0
2005-02-17,5.71,5.65,5.73,5.57,6125.0,星期四,0.0,-0.0105
2005-02-16,5.65,5.71,5.73,5.6,6545.0,星期三,0.0089,0.0106
2005-02-04,5.5,5.6,5.62,5.43,7429.0,星期五,-0.0072,0.0182
2005-02-03,5.7,5.54,5.7,5.47,7430.0,星期四,0.0018,-0.0281
2005-02-02,5.4,5.69,5.69,5.4,13287.0,星期三,-0.011,0.0537
2005-02-01,5.41,5.46,5.55,5.37,8522.0,星期二,-0.0092,0.0092
2005-01-31,5.73,5.46,5.79,5.34,13512.0,星期一,-0.0069,-0.0471
2005-01-28,5.8,5.77,5.89,5.73,3543.0,星期五,-0.0085,-0.0052
2005-01-27,5.93,5.85,5.98,5.8,3962.0,星期四,-0.0084,-0.0135
2005-01-26,5.95,5.98,6.01,5.92,4555.0,星期三,-0.0034,0.005
2005-01-25,6.02,5.97,6.09,5.9,3374.0,星期二,-0.0099,-0.0083
2005-01-24,6.0,6.08,6.11,5.9,6047.0,星期一,0.0118,0.0133
2005-01-21,5.82,5.93,5.93,5.71,5132.0,星期五,-0.0017,0.0189
2005-01-20,5.84,5.83,5.87,5.79,3376.0,星期四,-0.0051,-0.0017
2005-01-19,5.89,5.87,5.93,5.81,3890.0,星期三,0.0017,-0.0034
2005-01-18,5.72,5.88,5.89,5.72,7867.0,星期二,-0.0052,0.028
2005-01-17,5.91,5.75,5.95,5.75,5482.0,星期一,-0.015,-0.0271
2005-01-14,6.1,6.0,6.18,6.0,7917.0,星期五,-0.0097,-0.0164
2005-01-13,6.15,6.16,6.21,6.1,7034.0,星期四,-0.0032,0.0016
2005-01-12,6.1,6.17,6.17,6.06,8532.0,星期三,-0.0033,0.0115
2005-01-11,6.09,6.12,6.14,6.05,8118.0,星期二,-0.0016,0.0049
2005-01-10,5.88,6.1,6.12,5.85,13475.0,星期一,0.0017,0.0374
2005-01-07,5.8,5.87,5.98,5.78,7158.0,星期五,-0.0085,0.0121
2005-01-06,5.93,5.85,5.97,5.8,3774.0,星期四,-0.0084,-0.0135
2005-01-05,5.78,5.98,5.99,5.7,9531.0,星期三,-0.0052,0.0346
2005-01-04,5.97,5.81,5.97,5.77,6970.0,星期二,-0.005,-0.0268
2004-12-31,5.95,6.0,6.01,5.82,13045.0,星期五,0.0102,0.0084
2004-12-30,5.92,5.89,5.95,5.82,6228.0,星期四,-0.005,-0.0051
2004-12-29,5.9,5.95,5.97,5.88,9712.0,星期三,-0.0051,0.0085
2004-12-28,5.98,5.93,5.99,5.85,9011.0,星期二,0.005,-0.0084
2004-12-27,6.1,5.95,6.11,5.92,12411.0,星期一,-0.0065,-0.0246
2004-12-24,6.15,6.14,6.17,6.02,6892.0,星期五,-0.0032,-0.0016
2004-12-23,6.35,6.17,6.35,6.14,6220.0,星期四,0.0032,-0.0283
2004-12-22,6.2,6.33,6.35,6.18,15305.0,星期三,0.0131,0.021
2004-12-21,6.16,6.12,6.16,6.0,10959.0,星期二,0.0033,-0.0065
2004-12-20,5.83,6.14,6.19,5.8,20257.0,星期一,-0.0135,0.0532
2004-12-17,5.85,5.91,5.92,5.8,8964.0,星期五,-0.0085,0.0103
2004-12-16,6.05,5.9,6.05,5.87,5051.0,星期四,0.005,-0.0248
2004-12-15,6.22,6.02,6.22,5.84,8625.0,星期三,0.0048,-0.0322
2004-12-14,6.23,6.19,6.29,6.11,5647.0,星期二,0.0016,-0.0064
2004-12-13,6.06,6.22,6.24,6.05,13962.0,星期一,-0.0114,0.0264
2004-12-10,6.4,6.13,6.4,6.04,6323.0,星期五,0.0079,-0.0422
2004-12-09,6.29,6.35,6.4,6.23,7514.0,星期四,0.0016,0.0095
2004-12-08,6.38,6.28,6.47,6.2,8152.0,星期三,0.0111,-0.0157
2004-12-07,6.7,6.31,6.7,6.3,8124.0,星期二,-0.0045,-0.0582
2004-12-06,6.88,6.73,6.9,6.7,6000.0,星期一,0.0103,-0.0218
2004-12-03,6.7,6.81,6.82,6.67,10508.0,星期五,-0.0103,0.0164
2004-12-02,6.83,6.77,6.83,6.63,11408.0,星期四,0.0104,-0.0088
2004-12-01,6.6,6.76,6.81,6.59,13943.0,星期三,-0.003,0.0242
2004-11-30,6.61,6.62,6.66,6.55,5878.0,星期二,0.0015,0.0015
2004-11-29,6.8,6.6,6.8,6.59,7164.0,星期一,0.0,-0.0294
2004-11-26,7.05,6.8,7.11,6.71,17846.0,星期五,-0.0042,-0.0355
2004-11-25,7.25,7.08,7.26,6.98,23095.0,星期四,0.0028,-0.0234
2004-11-24,6.9,7.23,7.34,6.9,46850.0,星期三,-0.0072,0.0478
2004-11-23,6.98,6.95,7.0,6.83,17654.0,星期二,0.0043,-0.0043
2004-11-22,7.04,6.95,7.04,6.82,15703.0,星期一,0.0043,-0.0128
2004-11-19,6.9,7.01,7.05,6.86,23246.0,星期五,0.0058,0.0159
2004-11-18,6.8,6.86,6.91,6.78,13729.0,星期四,-0.0116,0.0088
2004-11-17,6.91,6.88,7.02,6.75,16927.0,星期三,-0.0072,-0.0043
2004-11-16,6.88,6.96,6.97,6.69,32051.0,星期二,-0.0115,0.0116
2004-11-15,6.5,6.96,6.97,6.5,56492.0,星期一,0.0109,0.0708
2004-11-12,6.36,6.43,6.45,6.24,22313.0,星期五,0.0032,0.011
2004-11-11,6.3,6.34,6.45,6.16,19854.0,星期四,0.0,0.0063
2004-11-10,6.15,6.3,6.33,6.03,10699.0,星期三,0.0082,0.0244
2004-11-09,6.1,6.1,6.13,6.01,7140.0,星期二,-0.0049,0.0
2004-11-08,6.1,6.13,6.2,6.08,4700.0,星期一,-0.0161,0.0049
2004-11-05,6.24,6.2,6.32,6.16,10632.0,星期五,-0.0064,-0.0064
2004-11-04,6.18,6.28,6.33,6.02,16817.0,星期四,0.0049,0.0162
2004-11-03,6.0,6.15,6.16,5.99,12667.0,星期三,0.005,0.025
2004-11-02,5.99,5.97,5.99,5.83,6494.0,星期二,0.0067,-0.0033
2004-11-01,5.8,5.95,6.12,5.75,6774.0,星期一,-0.0068,0.0259
2004-10-29,5.9,5.84,6.03,5.81,10309.0,星期五,-0.0344,-0.0102
2004-10-28,6.08,6.11,6.17,6.0,9786.0,星期四,-0.0065,0.0049
2004-10-27,5.78,6.12,6.19,5.74,11344.0,星期三,-0.0103,0.0588
2004-10-26,5.83,5.84,5.89,5.62,5157.0,星期二,-0.0051,0.0017
2004-10-25,5.69,5.86,5.99,5.58,10021.0,星期一,0.0071,0.0299
2004-10-22,5.5,5.65,5.69,5.31,5430.0,星期五,0.0,0.0273
2004-10-21,5.78,5.5,5.87,5.5,5573.0,星期四,-0.0017,-0.0484
2004-10-20,5.78,5.79,5.82,5.71,5125.0,星期三,-0.0086,0.0017
2004-10-19,5.95,5.83,5.95,5.71,4745.0,星期二,0.0154,-0.0202
2004-10-18,6.0,5.86,6.02,5.7,7307.0,星期一,-0.0132,-0.0233
2004-10-15,6.14,6.08,6.2,5.53,20318.0,星期五,0.0,-0.0098
2004-10-14,6.63,6.14,6.63,6.11,5252.0,星期四,-0.0015,-0.0739
2004-10-13,6.56,6.64,6.66,6.41,5188.0,星期三,0.0,0.0122
2004-10-12,6.8,6.56,6.8,6.52,6699.0,星期二,-0.0044,-0.0353
2004-10-11,7.08,6.83,7.08,6.8,7120.0,星期一,-0.0014,-0.0353
2004-10-08,7.09,7.09,7.18,6.68,7628.0,星期五,0.0,0.0
2004-09-30,7.28,7.09,7.28,7.0,5535.0,星期四,-0.0027,-0.0261
2004-09-29,7.41,7.3,7.42,7.23,6488.0,星期三,-0.0013,-0.0148
2004-09-28,7.24,7.42,7.43,7.18,29702.0,星期二,0.0112,0.0249
2004-09-27,7.17,7.16,7.26,6.94,6737.0,星期一,-0.0028,-0.0014
2004-09-24,7.34,7.19,7.37,7.09,13600.0,星期五,0.0082,-0.0204
2004-09-23,7.11,7.28,7.29,7.03,8863.0,星期四,-0.0042,0.0239
2004-09-22,7.22,7.14,7.35,7.1,7385.0,星期三,-0.011,-0.0111
2004-09-21,7.39,7.3,7.45,7.15,8914.0,星期二,0.0014,-0.0122
2004-09-20,7.13,7.38,7.39,7.08,11022.0,星期一,0.0014,0.0351
2004-09-17,6.89,7.12,7.13,6.85,14812.0,星期五,0.0117,0.0334
2004-09-16,6.82,6.81,6.84,6.72,7260.0,星期四,0.0029,-0.0015
2004-09-15,6.31,6.8,6.9,6.31,15705.0,星期三,-0.011,0.0777
2004-09-14,6.25,6.38,6.43,6.22,6198.0,星期二,0.0032,0.0208
2004-09-13,6.6,6.23,6.7,6.2,4048.0,星期一,-0.0045,-0.0561
2004-09-10,6.63,6.63,6.66,6.58,2125.0,星期五,-0.0015,0.0
2004-09-09,6.73,6.64,6.84,6.6,2882.0,星期四,-0.0015,-0.0134
2004-09-08,6.7,6.74,6.84,6.67,4319.0,星期三,0.0015,0.006
2004-09-07,6.75,6.69,6.83,6.64,4153.0,星期二,0.0,-0.0089
2004-09-06,6.88,6.75,6.98,6.71,6066.0,星期一,-0.0015,-0.0189
2004-09-03,6.89,6.89,6.93,6.86,5773.0,星期五,-0.0029,0.0
2004-09-02,6.89,6.91,6.95,6.8,7377.0,星期四,0.0044,0.0029
2004-09-01,6.99,6.86,6.99,6.82,8780.0,星期三,0.0058,-0.0186
2004-08-31,6.86,6.95,6.96,6.8,13569.0,星期二,0.0015,0.0131
2004-08-30,6.74,6.85,6.87,6.7,7458.0,星期一,-0.0088,0.0163
2004-08-27,6.81,6.8,6.86,6.74,5977.0,星期五,0.0015,-0.0015
2004-08-26,6.74,6.8,6.83,6.66,7820.0,星期四,-0.0059,0.0089
2004-08-25,6.98,6.78,6.98,6.7,8566.0,星期三,0.0014,-0.0287
2004-08-24,6.93,6.97,7.01,6.8,13251.0,星期二,-0.0043,0.0058
2004-08-23,6.88,6.96,6.98,6.8,8647.0,星期一,-0.0072,0.0116
2004-08-20,6.65,6.93,6.94,6.6,19627.0,星期五,-0.0089,0.0421
2004-08-19,6.8,6.71,6.87,6.57,9157.0,星期四,-0.0087,-0.0132
2004-08-18,7.01,6.86,7.05,6.82,7398.0,星期三,0.0043,-0.0214
2004-08-17,6.74,6.98,6.99,6.74,15269.0,星期二,0.0,0.0356
2004-08-16,6.71,6.74,6.8,6.68,3892.0,星期一,-0.0074,0.0045
2004-08-13,6.75,6.76,6.78,6.67,4601.0,星期五,0.0,0.0015
2004-08-12,6.74,6.75,6.79,6.62,4512.0,星期四,0.0,0.0015
2004-08-11,6.71,6.74,6.88,6.68,4618.0,星期三,-0.0147,0.0045
2004-08-10,6.77,6.81,6.89,6.7,5832.0,星期二,-0.0059,0.0059
2004-08-09,6.69,6.81,6.87,6.64,7640.0,星期一,-0.0147,0.0179
2004-08-06,6.8,6.79,6.92,6.68,8526.0,星期五,-0.0044,-0.0015
2004-08-05,6.91,6.83,6.93,6.75,7296.0,星期四,0.0014,-0.0116
2004-08-04,6.58,6.9,6.92,6.58,14685.0,星期三,-0.0075,0.0486
2004-08-03,6.65,6.63,6.77,6.57,5273.0,星期二,-0.0104,-0.003
2004-08-02,6.7,6.72,6.78,6.59,4613.0,星期一,-0.0103,0.003
2004-07-30,6.78,6.77,6.84,6.58,6269.0,星期五,0.0015,-0.0015
2004-07-29,6.73,6.77,6.8,6.64,6263.0,星期四,0.0,0.0059
2004-07-28,6.94,6.73,7.11,6.64,8799.0,星期三,-0.0057,-0.0303
2004-07-27,7.28,6.98,7.32,6.94,9361.0,星期二,0.0069,-0.0412
2004-07-26,7.2,7.23,7.45,7.1,12369.0,星期一,-0.0123,0.0042
2004-07-23,7.31,7.29,7.39,7.09,13058.0,星期五,-0.0148,-0.0027
2004-07-22,7.6,7.42,7.65,7.3,8626.0,星期四,0.0013,-0.0237
2004-07-21,7.52,7.59,7.63,7.4,16913.0,星期三,-0.0066,0.0093
2004-07-20,7.66,7.57,7.71,7.45,7435.0,星期二,-0.0052,-0.0117
2004-07-19,7.8,7.7,7.8,7.57,11467.0,星期一,0.0,-0.0128
2004-07-16,7.67,7.8,7.85,7.53,15002.0,星期五,-0.0013,0.0169
2004-07-15,7.5,7.68,7.7,7.4,12655.0,星期四,-0.0106,0.024
2004-07-14,7.46,7.58,7.65,7.06,14542.0,星期三,-0.0106,0.0161
2004-07-13,7.76,7.54,7.85,7.4,9028.0,星期二,-0.0102,-0.0284
2004-07-12,7.99,7.84,8.05,7.69,12574.0,星期一,0.0088,-0.0188
2004-07-09,7.81,7.92,8.0,7.77,14065.0,星期五,0.0,0.0141
2004-07-08,7.8,7.81,7.91,7.7,10206.0,星期四,-0.0013,0.0013
2004-07-07,7.8,7.81,7.9,7.69,7637.0,星期三,-0.0076,0.0013
2004-07-06,7.95,7.86,7.95,7.76,9521.0,星期二,0.0089,-0.0113
2004-07-05,7.93,7.88,8.07,7.69,9221.0,星期一,-0.0088,-0.0063
2004-07-02,8.13,8.0,8.13,7.81,13859.0,星期五,-0.0061,-0.016
2004-07-01,8.02,8.18,8.2,7.82,14699.0,星期四,0.0063,0.02
2004-06-30,7.6,7.97,8.01,7.56,17258.0,星期三,0.0106,0.0487
2004-06-28,7.88,7.52,7.95,7.45,7628.0,星期一,-0.0063,-0.0457
2004-06-25,8.1,7.93,8.1,7.85,8962.0,星期五,-0.0037,-0.021
2004-06-24,8.06,8.13,8.16,7.99,13697.0,星期四,0.0012,0.0087
2004-06-23,8.0,8.05,8.15,7.83,10171.0,星期三,-0.0025,0.0063
2004-06-22,7.88,8.02,8.08,7.88,10066.0,星期二,-0.0025,0.0178
2004-06-21,7.84,7.9,7.99,7.71,9421.0,星期一,-0.0038,0.0077
2004-06-18,7.62,7.87,8.0,7.3,11665.0,星期五,-0.0091,0.0328
2004-06-17,7.77,7.69,7.88,7.5,5371.0,星期四,0.0,-0.0103
2004-06-16,7.8,7.77,7.85,7.55,8220.0,星期三,0.0039,-0.0038
2004-06-15,7.74,7.77,7.8,7.22,12739.0,星期二,0.0,0.0039
2004-06-14,8.29,7.74,8.32,7.7,9621.0,星期一,0.0,-0.0663
2004-06-11,8.1,8.29,8.3,8.0,12332.0,星期五,-0.0025,0.0235
2004-06-10,8.2,8.12,8.3,8.0,12682.0,星期四,-0.0085,-0.0098
2004-06-09,8.5,8.27,8.5,8.11,11874.0,星期三,0.0107,-0.0271
2004-06-08,8.18,8.41,8.43,8.0,23868.0,星期二,-0.0024,0.0281
2004-06-07,7.81,8.2,8.23,7.8,21799.0,星期一,0.0026,0.0499
2004-06-04,7.7,7.79,7.82,7.7,4974.0,星期五,-0.0026,0.0117
2004-06-03,7.93,7.72,7.93,7.68,6964.0,星期四,0.0,-0.0265
2004-06-02,8.0,7.93,8.07,7.8,7326.0,星期三,-0.0037,-0.0088
2004-06-01,7.8,8.03,8.04,7.8,8192.0,星期二,-0.0013,0.0295
2004-05-31,7.88,7.81,7.95,7.75,5114.0,星期一,-0.0025,-0.0089
2004-05-28,8.05,7.9,8.05,7.79,7599.0,星期五,0.0151,-0.0186
2004-05-27,7.85,7.93,8.06,7.81,11218.0,星期四,0.009,0.0102
2004-05-26,7.84,7.78,7.88,7.63,9932.0,星期三,0.0,-0.0077
2004-05-25,8.49,7.84,8.55,7.65,8272.0,星期二,-0.0012,-0.0766
2004-05-24,8.6,8.5,8.68,8.47,2292.0,星期一,-0.0035,-0.0116
2004-05-21,8.61,8.63,8.7,8.54,3620.0,星期五,0.0023,0.0023
2004-05-20,8.71,8.59,8.79,8.41,3727.0,星期四,-0.0011,-0.0138
2004-05-19,8.69,8.72,8.73,8.52,5966.0,星期三,0.0,0.0035
2004-05-18,8.5,8.69,8.7,8.4,4589.0,星期二,0.0095,0.0224
2004-05-17,8.5,8.42,8.61,8.36,2939.0,星期一,-0.0035,-0.0094
2004-05-14,8.77,8.53,8.86,8.5,2289.0,星期五,-0.0023,-0.0274
2004-05-13,8.96,8.79,9.01,8.76,3235.0,星期四,0.0034,-0.019
2004-05-12,8.8,8.93,9.0,8.8,3730.0,星期三,-0.0056,0.0148
2004-05-11,8.7,8.85,8.9,8.6,4369.0,星期二,0.0035,0.0172
2004-05-10,8.64,8.67,8.9,8.63,3728.0,星期一,-0.0023,0.0035
2004-04-30,8.53,8.66,8.68,8.49,4772.0,星期五,0.0012,0.0152
2004-04-29,8.53,8.52,8.67,8.48,5211.0,星期四,0.0,-0.0012
2004-04-28,8.76,8.53,8.76,8.38,8517.0,星期三,0.0,-0.0263
2004-04-27,9.15,8.76,9.23,8.75,5312.0,星期二,-0.0033,-0.0426
2004-04-26,9.1,9.18,9.35,8.95,4159.0,星期一,-0.0011,0.0088
2004-04-23,9.32,9.11,9.35,9.04,4267.0,星期五,0.0087,-0.0225
2004-04-22,9.23,9.24,9.32,9.19,2336.0,星期四,0.0044,0.0011
2004-04-21,9.24,9.19,9.4,9.15,2082.0,星期三,-0.0032,-0.0054
2004-04-20,9.31,9.27,9.48,9.11,2645.0,星期二,-0.0064,-0.0043
2004-04-19,9.3,9.37,9.52,9.26,4554.0,星期一,0.0022,0.0075
2004-04-16,9.08,9.28,9.29,9.03,4510.0,星期五,0.0055,0.022
2004-04-15,9.58,9.03,9.59,9.0,10397.0,星期四,0.001,-0.0574
2004-04-14,10.16,9.57,10.18,9.5,7877.0,星期三,-0.002,-0.0581
2004-04-13,10.25,10.18,10.29,10.15,3647.0,星期二,0.0,-0.0068
2004-04-12,10.3,10.25,10.3,10.1,6048.0,星期一,-0.0039,-0.0049
2004-04-09,10.68,10.34,10.69,10.27,9022.0,星期五,0.0028,-0.0318
2004-04-08,10.7,10.65,10.75,10.54,10336.0,星期四,0.0019,-0.0047
2004-04-07,10.41,10.68,10.71,10.41,22026.0,星期三,0.0029,0.0259
2004-04-06,10.36,10.38,10.42,10.28,10992.0,星期二,0.001,0.0019
2004-04-05,10.31,10.35,10.42,10.24,12477.0,星期一,0.0,0.0039
2004-04-02,10.36,10.31,10.38,10.26,8017.0,星期五,0.001,-0.0048
2004-04-01,10.3,10.35,10.38,10.3,9637.0,星期四,0.0,0.0049
2004-03-31,10.2,10.3,10.31,10.08,9066.0,星期三,0.0,0.0098
2004-03-30,10.16,10.2,10.26,10.04,7607.0,星期二,-0.001,0.0039
2004-03-29,10.15,10.17,10.27,10.04,7636.0,星期一,0.0,0.002
2004-03-26,10.26,10.15,10.3,10.07,7323.0,星期五,0.0,-0.0107
2004-03-25,10.31,10.26,10.4,10.18,7425.0,星期四,0.0,-0.0048
2004-03-24,10.25,10.31,10.32,10.19,7985.0,星期三,0.0039,0.0059
2004-03-23,10.36,10.21,10.37,10.1,8839.0,星期二,0.0019,-0.0145
2004-03-22,10.31,10.34,10.44,10.2,8980.0,星期一,-0.0067,0.0029
2004-03-19,10.35,10.38,10.44,10.33,4860.0,星期五,0.0,0.0029
2004-03-18,10.45,10.35,10.45,10.28,6101.0,星期四,0.0,-0.0096
2004-03-17,10.45,10.45,10.51,10.29,8662.0,星期三,-0.0029,0.0
2004-03-16,10.7,10.48,10.71,10.41,7647.0,星期二,0.0104,-0.0206
2004-03-15,10.66,10.59,10.66,10.35,9419.0,星期一,0.0172,-0.0066
2004-03-12,10.62,10.48,10.69,10.4,7952.0,星期五,-0.0009,-0.0132
2004-03-11,10.63,10.63,10.66,10.5,8801.0,星期四,0.0124,0.0
2004-03-10,10.57,10.5,10.58,10.34,6872.0,星期三,0.0,-0.0066
2004-03-09,10.51,10.57,10.63,10.48,5218.0,星期二,-0.0085,0.0057
2004-03-08,11.09,10.6,11.15,10.55,6572.0,星期一,0.0009,-0.0442
2004-03-05,11.15,11.08,11.22,11.06,10074.0,星期五,0.0036,-0.0063
2004-03-04,11.05,11.11,11.2,11.05,13021.0,星期四,-0.0018,0.0054
2004-03-03,11.13,11.07,11.25,10.92,12318.0,星期三,0.0027,-0.0054
2004-03-02,11.04,11.1,11.21,10.9,25375.0,星期二,0.0128,0.0054
2004-03-01,10.8,10.9,11.0,10.79,9112.0,星期一,0.0009,0.0093
2004-02-27,10.55,10.79,10.83,10.55,5933.0,星期五,-0.0019,0.0227
2004-02-26,10.6,10.57,10.7,10.28,7267.0,星期四,-0.0047,-0.0028
2004-02-25,10.78,10.65,10.9,10.6,5046.0,星期三,-0.0019,-0.0121
2004-02-24,10.41,10.8,10.9,10.41,5301.0,星期二,-0.0476,0.0375
2004-02-23,11.18,10.93,11.24,10.9,5973.0,星期一,0.0,-0.0224
2004-02-20,11.26,11.18,11.27,11.01,6971.0,星期五,0.0009,-0.0071
2004-02-19,11.35,11.25,11.4,11.17,6499.0,星期四,0.0027,-0.0088
2004-02-18,11.11,11.32,11.33,11.05,9242.0,星期三,0.0,0.0189
2004-02-17,11.08,11.11,11.17,10.97,8610.0,星期二,-0.0018,0.0027
2004-02-16,11.19,11.1,11.23,11.0,5447.0,星期一,0.0,-0.008
2004-02-13,11.3,11.19,11.4,11.16,2585.0,星期五,-0.0018,-0.0097
2004-02-12,11.61,11.32,11.63,11.23,3257.0,星期四,0.0009,-0.025
2004-02-11,11.55,11.6,11.69,11.43,3785.0,星期三,0.0096,0.0043
2004-02-10,11.45,11.44,11.62,11.3,3949.0,星期二,0.0,-0.0009
2004-02-09,11.4,11.45,11.46,11.18,4597.0,星期一,0.0035,0.0044
2004-02-06,10.95,11.36,11.48,10.92,7885.0,星期五,0.0018,0.0374
2004-02-05,10.96,10.93,11.02,10.88,2635.0,星期四,-0.0027,-0.0027
2004-02-04,11.05,10.99,11.06,10.83,3375.0,星期三,0.0082,-0.0054
2004-02-03,10.9,10.96,11.0,10.85,6004.0,星期二,0.0028,0.0055
2004-02-02,10.6,10.87,10.89,10.6,4345.0,星期一,-0.0038,0.0255
2004-01-30,10.73,10.64,10.81,10.61,1417.0,星期五,-0.0028,-0.0084
2004-01-29,10.58,10.76,10.78,10.4,2694.0,星期四,0.0057,0.017
2004-01-16,10.5,10.52,10.58,10.43,2024.0,星期五,-0.0019,0.0019
2004-01-15,10.45,10.52,10.6,10.45,3243.0,星期四,-0.0038,0.0067
2004-01-14,10.51,10.49,10.62,10.49,3977.0,星期三,0.0019,-0.0019
2004-01-13,10.12,10.49,10.5,10.12,16415.0,星期二,-0.003,0.0366
2004-01-12,10.12,10.15,10.22,10.02,6746.0,星期一,0.0,0.003
2004-01-09,10.08,10.12,10.35,10.08,7314.0,星期五,-0.002,0.004
2004-01-08,10.06,10.1,10.16,10.0,2986.0,星期四,-0.002,0.004
2004-01-07,10.18,10.08,10.2,10.02,1367.0,星期三,0.001,-0.0098
2004-01-06,10.24,10.17,10.24,10.06,1117.0,星期二,0.0059,-0.0068
2004-01-05,10.25,10.18,10.3,10.01,821.0,星期一,-0.0049,-0.0068
2004-01-02,10.46,10.3,10.5,10.28,1230.0,星期五,-0.0019,-0.0153
2003-12-31,10.45,10.48,10.58,10.43,1440.0,星期三,-0.0057,0.0029
2003-12-30,10.42,10.51,10.52,10.28,2002.0,星期二,0.001,0.0086
2003-12-29,10.32,10.41,10.42,10.25,1768.0,星期一,-0.0048,0.0087
2003-12-26,10.33,10.37,10.39,10.2,3647.0,星期五,-0.0029,0.0039
2003-12-25,10.31,10.36,10.42,10.2,3242.0,星期四,0.0019,0.0048
2003-12-24,10.4,10.29,10.46,10.2,2429.0,星期三,-0.0019,-0.0106
2003-12-23,10.46,10.42,10.55,10.4,2600.0,星期二,-0.0019,-0.0038
2003-12-22,10.45,10.48,10.55,10.39,2681.0,星期一,-0.0048,0.0029
2003-12-19,11.0,10.5,11.06,10.2,3206.0,星期五,-0.0027,-0.0455
2003-12-18,10.92,11.03,11.03,10.87,3452.0,星期四,-0.0027,0.0101
2003-12-17,10.72,10.95,10.96,10.72,4146.0,星期三,-0.0009,0.0215
2003-12-16,10.83,10.73,10.9,10.65,3934.0,星期二,0.0009,-0.0092
2003-12-15,10.5,10.82,10.9,10.5,4459.0,星期一,-0.0066,0.0305
2003-12-12,10.56,10.57,10.61,10.49,3580.0,星期五,0.0048,0.0009
2003-12-11,10.5,10.51,10.62,10.44,3673.0,星期四,0.0029,0.001
2003-12-10,10.56,10.47,10.68,10.43,2174.0,星期三,0.0057,-0.0085
2003-12-09,10.46,10.5,10.5,10.36,3468.0,星期二,-0.001,0.0038
2003-12-08,10.55,10.47,10.68,10.42,3249.0,星期一,-0.0047,-0.0076
2003-12-05,10.6,10.6,10.75,10.54,3191.0,星期五,0.0,0.0
2003-12-04,10.43,10.6,10.6,10.4,2360.0,星期四,-0.0038,0.0163
2003-12-03,10.4,10.47,10.49,10.33,2010.0,星期三,-0.0019,0.0067
2003-12-02,10.52,10.42,10.52,10.25,2595.0,星期二,0.001,-0.0095
2003-12-01,10.38,10.51,10.54,10.3,2314.0,星期一,-0.0048,0.0125
2003-11-28,10.73,10.43,10.8,10.25,4457.0,星期五,-0.0019,-0.028
2003-11-27,11.0,10.75,11.13,10.55,3813.0,星期四,-0.0018,-0.0227
2003-11-26,10.26,11.02,11.13,10.26,9516.0,星期三,-0.0048,0.0741
2003-11-25,10.22,10.31,10.33,10.14,4030.0,星期二,-0.0087,0.0088
2003-11-24,10.3,10.31,10.35,10.0,6176.0,星期一,-0.0029,0.001
2003-11-21,10.38,10.33,10.39,10.3,2440.0,星期五,0.0,-0.0048
2003-11-20,10.33,10.38,10.41,10.07,2634.0,星期四,0.0,0.0048
2003-11-19,10.29,10.33,10.36,10.23,1427.0,星期三,-0.0029,0.0039
2003-11-18,10.3,10.32,10.41,10.22,1301.0,星期二,0.0,0.0019
2003-11-17,10.3,10.3,10.37,10.21,1675.0,星期一,0.0,0.0
2003-11-14,10.22,10.3,10.31,10.16,8083.0,星期五,0.0,0.0078
2003-11-13,10.29,10.22,10.35,10.19,1825.0,星期四,0.0,-0.0068
2003-11-12,10.39,10.29,10.46,10.16,10351.0,星期三,0.0,-0.0096
2003-11-11,10.45,10.39,10.55,10.38,12742.0,星期二,0.0,-0.0057
2003-11-10,10.6,10.45,10.66,10.4,9247.0,星期一,0.0,-0.0142
2003-11-07,10.44,10.6,10.7,10.18,6198.0,星期五,-0.001,0.0153
2003-11-06,10.57,10.45,10.61,10.4,3578.0,星期四,-0.0019,-0.0114
2003-11-05,10.6,10.59,10.71,10.54,2609.0,星期三,-0.0038,-0.0009
2003-11-04,10.69,10.64,10.71,10.4,5723.0,星期二,-0.0019,-0.0047
2003-11-03,10.7,10.71,10.75,10.6,945.0,星期一,-0.0009,0.0009
2003-10-31,10.7,10.71,10.75,10.68,489.0,星期五,-0.0019,0.0009
2003-10-30,10.76,10.72,10.8,10.34,757.0,星期四,-0.0028,-0.0037
2003-10-29,10.75,10.79,10.92,10.67,908.0,星期三,-0.0046,0.0037
2003-10-28,10.78,10.8,10.91,10.5,1417.0,星期二,-0.0019,0.0019
2003-10-27,10.82,10.8,10.93,10.75,946.0,星期一,0.0019,-0.0018
2003-10-24,10.72,10.8,10.87,10.72,1117.0,星期五,-0.0009,0.0075
2003-10-23,10.75,10.73,10.79,10.09,1976.0,星期四,-0.0019,-0.0019
2003-10-22,10.87,10.77,10.95,10.75,795.0,星期三,-0.0018,-0.0092
2003-10-21,10.86,10.89,10.95,10.86,797.0,星期二,-0.0009,0.0028
2003-10-20,10.92,10.87,10.95,10.84,713.0,星期一,0.0,-0.0046
2003-10-17,10.84,10.92,10.93,10.84,690.0,星期五,0.0,0.0074
2003-10-16,10.89,10.84,10.9,10.82,535.0,星期四,0.0,-0.0046
2003-10-15,10.88,10.89,10.92,10.8,1464.0,星期三,-0.0009,0.0009
2003-10-14,11.0,10.89,11.03,10.8,690.0,星期二,0.0,-0.01
2003-10-13,11.0,11.0,11.06,10.95,925.0,星期一,0.0046,0.0
2003-10-10,10.85,10.95,11.03,10.85,1102.0,星期五,-0.0028,0.0092
2003-10-09,10.9,10.88,11.01,10.81,2403.0,星期四,-0.0046,-0.0018
2003-10-08,10.93,10.95,11.03,10.88,1148.0,星期三,-0.0027,0.0018
2003-09-30,10.88,10.96,11.02,10.84,788.0,星期二,-0.0046,0.0074
2003-09-29,11.3,10.93,11.3,10.87,817.0,星期一,-0.0009,-0.0327
2003-09-26,11.7,11.31,11.72,11.3,832.0,星期五,-0.0085,-0.0333
2003-09-25,11.9,11.8,11.95,11.72,500.0,星期四,-0.019,-0.0084
2003-09-24,12.22,12.13,12.27,11.98,2705.0,星期三,0.0016,-0.0074
2003-09-23,12.27,12.2,12.28,12.01,584.0,星期二,0.0033,-0.0057
2003-09-22,12.29,12.23,12.3,12.12,374.0,星期一,0.0057,-0.0049
2003-09-19,12.28,12.22,12.3,12.01,547.0,星期五,0.0008,-0.0049
2003-09-18,12.28,12.27,12.3,12.15,409.0,星期四,0.0008,-0.0008
2003-09-17,12.31,12.27,12.36,12.19,356.0,星期三,-0.0008,-0.0032
2003-09-16,12.33,12.32,12.34,12.08,499.0,星期二,0.0,-0.0008
2003-09-15,12.32,12.33,12.4,12.1,525.0,星期一,0.0,0.0008
2003-09-12,12.3,12.32,12.42,12.08,794.0,星期五,-0.0008,0.0016
2003-09-11,12.25,12.31,12.45,12.05,1420.0,星期四,-0.0049,0.0049
2003-09-10,12.34,12.31,12.46,12.27,622.0,星期三,0.0016,-0.0024
2003-09-09,12.3,12.32,12.4,12.22,537.0,星期二,-0.0008,0.0016
2003-09-08,12.35,12.31,12.36,12.29,464.0,星期一,0.0049,-0.0032
2003-09-05,12.4,12.29,12.4,12.23,190.0,星期五,0.0049,-0.0089
2003-09-04,12.3,12.34,12.41,12.08,896.0,星期四,0.0,0.0033
2003-09-03,12.4,12.3,12.48,12.2,489.0,星期三,0.0081,-0.0081
2003-09-02,12.6,12.3,12.82,12.27,566.0,星期二,-0.0055,-0.0238
2003-09-01,12.53,12.67,12.79,12.53,1574.0,星期一,-0.0048,0.0112
2003-08-29,12.35,12.59,12.6,12.19,949.0,星期五,-0.0032,0.0194
2003-08-28,12.57,12.39,12.57,12.26,565.0,星期四,-0.0008,-0.0143
2003-08-27,12.43,12.58,12.75,12.43,1531.0,星期三,-0.0008,0.0121
2003-08-26,12.46,12.44,12.54,12.2,626.0,星期二,0.0,-0.0016
2003-08-25,12.75,12.46,12.75,12.3,737.0,星期一,0.0016,-0.0227
2003-08-22,12.55,12.73,12.79,12.5,19535.0,星期五,-0.0055,0.0143
2003-08-21,12.44,12.62,12.76,12.43,3875.0,星期四,0.0008,0.0145
2003-08-20,12.44,12.43,12.48,12.34,885.0,星期三,-0.0064,-0.0008
2003-08-19,12.24,12.52,12.58,12.15,1681.0,星期二,-0.0049,0.0229
2003-08-15,12.23,12.3,12.33,12.12,958.0,星期五,0.0,0.0057
2003-08-14,12.25,12.23,12.28,12.19,585.0,星期四,0.0025,-0.0016
2003-08-13,12.22,12.22,12.23,12.18,119.0,星期三,-0.0008,0.0
2003-08-12,12.24,12.23,12.25,12.19,206.0,星期二,0.0,-0.0008
2003-08-11,12.3,12.24,12.32,12.19,248.0,星期一,0.0,-0.0049
2003-08-08,12.29,12.3,12.31,12.28,182.0,星期五,0.0,0.0008
2003-08-07,12.32,12.29,12.32,12.27,241.0,星期四,0.0,-0.0024
2003-08-06,12.28,12.32,12.33,12.23,467.0,星期三,0.0,0.0033
2003-08-05,12.26,12.28,12.29,12.2,441.0,星期二,0.0,0.0016
2003-08-04,12.22,12.26,12.26,12.22,246.0,星期一,0.0,0.0033
2003-08-01,12.14,12.22,12.3,12.09,491.0,星期五,0.0,0.0066
2003-07-31,12.27,12.14,12.27,12.1,583.0,星期四,0.0,-0.0106
2003-07-30,12.43,12.27,12.43,12.21,844.0,星期三,0.0,-0.0129
2003-07-29,12.43,12.43,12.45,12.37,582.0,星期二,0.0,0.0
2003-07-28,12.45,12.43,12.46,12.4,601.0,星期一,-0.0008,-0.0016
2003-07-25,12.57,12.46,12.57,12.39,509.0,星期五,0.0,-0.0088
2003-07-24,12.59,12.57,12.59,12.5,1171.0,星期四,-0.0063,-0.0016
2003-07-23,12.8,12.67,12.8,12.63,572.0,星期三,0.0,-0.0102
2003-07-22,12.66,12.8,12.83,12.63,1399.0,星期二,-0.0047,0.0111
2003-07-21,12.57,12.72,12.76,12.22,2224.0,星期一,-0.0048,0.0119
2003-07-18,13.0,12.63,13.07,12.54,4003.0,星期五,-0.0031,-0.0285
2003-07-17,13.35,13.04,13.45,12.98,4749.0,星期四,-0.0015,-0.0232
2003-07-16,13.05,13.37,13.51,12.94,22640.0,星期三,0.0,0.0245
2003-07-15,12.53,13.05,13.19,12.5,22876.0,星期二,0.0,0.0415
2003-07-14,12.53,12.53,12.54,12.5,1204.0,星期一,0.0008,0.0
2003-07-11,12.56,12.52,12.56,12.5,1147.0,星期五,-0.0008,-0.0032
2003-07-10,12.5,12.57,12.59,12.5,1015.0,星期四,-0.0016,0.0056
2003-07-09,12.56,12.52,12.56,12.48,323.0,星期三,-0.0016,-0.0032
2003-07-08,12.58,12.58,12.63,12.4,526.0,星期二,0.0,0.0
2003-07-07,12.65,12.58,12.66,12.53,326.0,星期一,-0.0008,-0.0055
2003-07-04,12.6,12.66,12.66,12.55,454.0,星期五,-0.0032,0.0048
2003-07-03,12.64,12.64,12.67,12.58,402.0,星期四,-0.0008,0.0
2003-07-02,12.76,12.65,12.77,12.55,392.0,星期三,0.0,-0.0086
2003-07-01,12.85,12.76,12.85,12.61,617.0,星期二,-0.0062,-0.007
2003-06-27,12.95,12.93,12.95,12.78,361.0,星期五,-0.0046,-0.0015
2003-06-26,13.04,13.01,13.04,12.81,585.0,星期四,-0.0023,-0.0023
2003-06-25,13.06,13.07,13.09,13.0,895.0,星期三,0.0008,0.0008
2003-06-24,13.05,13.05,13.09,12.98,700.0,星期二,0.0031,0.0
2003-06-23,13.08,13.01,13.1,12.97,367.0,星期一,0.0023,-0.0054
2003-06-20,12.95,13.05,13.05,12.94,247.0,星期五,-0.0077,0.0077
2003-06-19,12.95,13.05,13.07,12.92,357.0,星期四,-0.0084,0.0077
2003-06-18,13.18,13.06,13.18,12.9,722.0,星期三,-0.0015,-0.0091
2003-06-17,13.28,13.2,13.28,13.18,354.0,星期二,0.0008,-0.006
2003-06-16,13.3,13.27,13.32,13.2,535.0,星期一,0.0015,-0.0023
2003-06-13,13.25,13.28,13.3,13.23,584.0,星期五,0.0008,0.0023
2003-06-12,13.22,13.24,13.26,13.16,781.0,星期四,-0.0015,0.0015
2003-06-11,13.28,13.24,13.29,13.22,515.0,星期三,0.0,-0.003
2003-06-10,13.33,13.28,13.33,13.25,448.0,星期二,-0.0015,-0.0038
2003-06-09,13.26,13.35,13.4,13.25,680.0,星期一,0.0015,0.0068
2003-06-06,13.2,13.24,13.26,13.2,363.0,星期五,-0.0023,0.003
2003-06-05,13.2,13.23,13.24,13.16,565.0,星期四,-0.0023,0.0023
2003-06-04,13.27,13.23,13.32,13.2,1155.0,星期三,0.0,-0.003
2003-06-03,13.25,13.27,13.27,13.22,538.0,星期二,0.0015,0.0015
2003-06-02,13.2,13.23,13.24,13.17,515.0,星期一,-0.0038,0.0023
2003-05-30,13.2,13.25,13.27,13.17,1513.0,星期五,-0.006,0.0038
2003-05-29,13.33,13.28,13.33,13.18,1452.0,星期四,-0.0015,-0.0038
2003-05-28,13.45,13.35,13.46,13.25,11423.0,星期三,-0.0037,-0.0074
2003-05-27,13.35,13.5,13.53,13.33,6471.0,星期二,-0.0096,0.0112
2003-05-26,13.51,13.48,13.54,13.43,1363.0,星期一,-0.0015,-0.0022
2003-05-23,13.55,13.53,13.61,13.49,2060.0,星期五,-0.0007,-0.0015
2003-05-22,13.58,13.56,13.61,13.48,2789.0,星期四,0.0,-0.0015
2003-05-21,13.45,13.58,13.62,13.38,14858.0,星期三,0.0,0.0097
2003-05-20,13.38,13.45,13.56,13.3,17460.0,星期二,-0.0096,0.0052
2003-05-19,13.6,13.51,13.64,13.4,1721.0,星期一,-0.0015,-0.0066
2003-05-16,13.66,13.62,13.78,13.48,2949.0,星期五,-0.0015,-0.0029
2003-05-15,13.45,13.68,13.7,13.37,22697.0,星期四,-0.0022,0.0171
2003-05-14,13.2,13.48,13.52,13.19,2424.0,星期三,-0.0038,0.0212
2003-05-13,13.18,13.25,13.43,13.0,3240.0,星期二,-0.0193,0.0053
2003-05-12,13.59,13.44,13.59,13.38,1787.0,星期一,0.0007,-0.011
2003-04-30,13.8,13.58,13.87,13.47,3907.0,星期三,-0.0036,-0.0159
2003-04-29,14.06,13.85,14.09,13.67,6829.0,星期二,-0.0028,-0.0149
2003-04-28,14.4,14.1,14.53,13.89,18236.0,星期一,-0.0035,-0.0208
2003-04-25,14.53,14.45,14.73,14.36,9510.0,星期五,-0.0068,-0.0055
2003-04-24,14.52,14.63,15.3,14.51,28523.0,星期四,0.0,0.0076
2003-04-23,14.56,14.52,14.6,14.38,13207.0,星期三,0.0,-0.0027
2003-04-22,14.65,14.56,14.98,14.44,15575.0,星期二,0.0014,-0.0061
2003-04-21,14.09,14.63,14.81,14.05,17308.0,星期一,-0.0014,0.0383
2003-04-18,14.08,14.11,14.3,13.63,23954.0,星期五,0.0036,0.0021
2003-04-17,14.06,14.03,14.25,13.88,23004.0,星期四,0.0036,-0.0021
2003-04-16,13.2,14.01,14.43,13.03,46298.0,星期三,0.0061,0.0614
2003-04-15,12.55,13.12,13.22,12.54,33958.0,星期二,0.0008,0.0454
2003-04-14,12.73,12.54,12.9,12.44,28795.0,星期一,0.0,-0.0149
2003-04-11,12.93,12.73,13.0,12.66,23470.0,星期五,0.0039,-0.0155
2003-04-10,13.03,12.88,13.07,12.78,23154.0,星期四,0.0077,-0.0115
2003-04-09,13.07,12.93,13.14,12.86,35921.0,星期三,0.0062,-0.0107
2003-04-08,13.3,12.99,13.34,12.85,16391.0,星期二,0.0106,-0.0233
2003-04-07,13.2,13.16,13.3,13.08,8766.0,星期一,-0.0045,-0.003
2003-04-04,13.21,13.26,13.3,13.08,13167.0,星期五,-0.0008,0.0038
2003-04-03,13.29,13.22,13.41,13.13,16566.0,星期四,0.0,-0.0053
2003-04-02,13.28,13.29,13.65,13.05,27658.0,星期三,0.0,0.0008
2003-04-01,13.49,13.28,13.62,13.19,16082.0,星期二,-0.0015,-0.0156
2003-03-31,13.53,13.51,13.75,13.38,15797.0,星期一,-0.0029,-0.0015
2003-03-28,13.65,13.57,13.8,13.5,16331.0,星期五,-0.0022,-0.0059
2003-03-27,13.78,13.68,13.95,13.5,18521.0,星期四,-0.0014,-0.0073
2003-03-26,13.95,13.8,14.16,13.67,8344.0,星期三,-0.005,-0.0108
2003-03-25,14.44,14.02,14.46,13.85,6904.0,星期二,-0.0007,-0.0291
2003-03-24,14.94,14.45,14.95,14.44,1320.0,星期一,0.0034,-0.0328
2003-03-21,14.86,14.89,14.96,14.78,1649.0,星期五,-0.0027,0.002
2003-03-20,14.83,14.9,15.0,14.78,1533.0,星期四,-0.004,0.0047
2003-03-19,14.8,14.89,14.9,14.51,1504.0,星期三,-0.002,0.0061
2003-03-18,14.96,14.83,14.98,14.71,648.0,星期二,0.004,-0.0087
2003-03-17,14.85,14.9,14.95,14.7,1000.0,星期一,-0.0034,0.0034
2003-03-14,14.88,14.9,14.93,14.8,762.0,星期五,0.002,0.0013
2003-03-13,14.9,14.85,15.0,14.7,1020.0,星期四,-0.0047,-0.0034
2003-03-12,14.74,14.97,15.0,14.62,1243.0,星期三,0.002,0.0156
2003-03-11,14.6,14.71,14.75,14.6,1100.0,星期二,-0.0041,0.0075
2003-03-10,14.54,14.66,14.7,14.53,1167.0,星期一,-0.0095,0.0083
2003-03-07,14.6,14.68,14.7,14.48,5769.0,星期五,0.0,0.0055
2003-03-06,14.49,14.6,14.63,14.38,1204.0,星期四,-0.017,0.0076
2003-03-05,14.6,14.74,14.75,14.29,3494.0,星期三,-0.0128,0.0096
2003-03-04,14.99,14.79,14.99,14.41,5092.0,星期二,0.0047,-0.0133
2003-03-03,15.0,14.92,15.3,14.7,315.0,星期一,-0.0215,-0.0053
2003-02-28,15.25,15.33,15.4,14.9,2861.0,星期五,-0.0013,0.0052
2003-02-27,15.26,15.27,15.38,15.15,2982.0,星期四,0.0,0.0007
2003-02-26,15.46,15.26,15.48,15.1,2809.0,星期三,0.0006,-0.0129
2003-02-25,15.0,15.45,15.5,14.87,5124.0,星期二,-0.0013,0.03
2003-02-24,14.68,15.02,15.15,14.3,5652.0,星期一,0.0027,0.0232
2003-02-21,14.73,14.64,14.8,14.48,1244.0,星期五,-0.0007,-0.0061
2003-02-20,14.7,14.74,14.85,14.62,730.0,星期四,0.0014,0.0027
2003-02-19,14.79,14.68,14.91,14.56,1443.0,星期三,0.0,-0.0074
2003-02-18,14.78,14.79,14.79,14.65,1276.0,星期二,-0.0007,0.0007
2003-02-17,14.9,14.79,14.9,14.7,919.0,星期一,0.0,-0.0074
2003-02-14,15.0,14.9,15.0,14.8,1610.0,星期五,-0.0027,-0.0067
2003-02-13,14.8,15.04,15.08,14.72,3379.0,星期四,0.0027,0.0162
2003-02-12,14.88,14.76,15.08,14.75,740.0,星期三,0.0,-0.0081
2003-02-11,14.94,14.88,14.97,14.83,526.0,星期二,-0.002,-0.004
2003-02-10,15.03,14.97,15.03,14.88,628.0,星期一,-0.0007,-0.004
2003-01-29,14.98,15.04,15.05,14.83,985.0,星期三,-0.0007,0.004
2003-01-28,14.93,14.99,15.18,14.85,3714.0,星期二,0.0007,0.004
2003-01-27,15.11,14.92,15.11,14.8,2672.0,星期一,-0.0013,-0.0126
2003-01-24,15.05,15.13,15.15,14.85,2564.0,星期五,0.002,0.0053
2003-01-23,15.19,15.02,15.23,14.9,2207.0,星期四,0.0,-0.0112
2003-01-22,14.98,15.19,15.24,14.98,4299.0,星期三,0.0,0.014
2003-01-21,15.03,14.98,15.25,14.8,1347.0,星期二,0.002,-0.0033
2003-01-20,15.14,15.0,15.14,14.8,1636.0,星期一,0.002,-0.0092
2003-01-17,15.3,15.11,15.45,15.0,1915.0,星期五,0.0053,-0.0124
2003-01-16,15.24,15.22,15.3,15.01,1632.0,星期四,0.0,-0.0013
2003-01-15,15.05,15.24,15.27,15.0,2782.0,星期三,0.002,0.0126
2003-01-14,14.63,15.02,15.15,14.57,2404.0,星期二,0.0007,0.0267
2003-01-13,14.8,14.62,14.8,14.58,923.0,星期一,0.002,-0.0122
2003-01-10,14.7,14.77,14.9,14.68,1409.0,星期五,-0.0081,0.0048
2003-01-09,14.54,14.82,14.85,14.5,1192.0,星期四,0.0007,0.0193
2003-01-08,14.5,14.53,14.55,14.4,492.0,星期三,-0.0028,0.0021
2003-01-07,14.63,14.54,14.68,14.4,571.0,星期二,0.0041,-0.0062
2003-01-06,14.4,14.57,14.6,14.38,606.0,星期一,0.0,0.0118
2003-01-03,14.45,14.4,14.45,14.33,515.0,星期五,0.0014,-0.0035
2003-01-02,14.5,14.43,14.51,14.31,642.0,星期四,-0.0288,-0.0048
2002-12-31,14.41,14.93,15.34,14.35,2437.0,星期二,-0.0014,0.0361
2002-12-30,14.38,14.43,14.45,14.16,1437.0,星期一,0.0007,0.0035
2002-12-27,14.32,14.37,14.4,14.0,2468.0,星期五,0.0028,0.0035
2002-12-26,14.34,14.28,14.55,14.2,2411.0,星期四,0.0,-0.0042
2002-12-25,14.53,14.34,14.58,14.3,1745.0,星期三,0.0,-0.0131
2002-12-24,14.56,14.53,14.63,14.35,3027.0,星期二,-0.0075,-0.0021
2002-12-23,14.53,14.67,14.7,14.2,4849.0,星期一,-0.0041,0.0096
2002-12-20,14.83,14.59,14.83,14.37,1605.0,星期五,0.0102,-0.0162
2002-12-19,14.6,14.68,14.77,14.46,2689.0,星期四,0.0097,0.0055
2002-12-18,14.47,14.46,14.52,14.35,2289.0,星期三,0.0,-0.0007
2002-12-17,14.43,14.47,14.57,14.38,3162.0,星期二,-0.0014,0.0028
2002-12-16,14.43,14.45,14.59,14.3,2498.0,星期一,-0.0076,0.0014
2002-12-13,14.33,14.54,14.54,14.28,2684.0,星期五,0.0,0.0147
2002-12-12,14.36,14.33,14.44,14.29,579.0,星期四,0.0021,-0.0021
2002-12-11,14.49,14.33,14.49,14.26,510.0,星期三,0.0105,-0.011
2002-12-10,14.51,14.34,14.6,14.25,966.0,星期二,0.0,-0.0117
2002-12-09,14.41,14.51,14.6,14.3,3664.0,星期一,0.0,0.0069
2002-12-06,14.41,14.41,14.61,14.35,1522.0,星期五,0.0,0.0
2002-12-05,14.59,14.41,14.59,14.4,744.0,星期四,0.0076,-0.0123
2002-12-04,14.57,14.48,14.58,14.38,1156.0,星期三,0.0034,-0.0062
2002-12-03,14.51,14.52,14.55,14.35,2003.0,星期二,0.0,0.0007
2002-12-02,14.8,14.51,14.8,14.3,1550.0,星期一,-0.004,-0.0196
2002-11-29,14.95,14.86,15.0,14.6,1834.0,星期五,0.002,-0.006
2002-11-28,14.45,14.92,14.95,14.35,2017.0,星期四,0.0,0.0325
2002-11-27,14.44,14.45,14.5,14.33,736.0,星期三,0.0,0.0007
2002-11-26,14.78,14.44,14.78,14.43,606.0,星期二,0.0158,-0.023
2002-11-25,14.55,14.55,14.7,14.36,808.0,星期一,-0.0048,0.0
2002-11-22,14.4,14.62,14.65,14.3,2969.0,星期五,0.0007,0.0153
2002-11-21,14.5,14.39,14.58,14.25,1825.0,星期四,0.0014,-0.0076
2002-11-20,14.68,14.48,14.68,14.3,997.0,星期三,0.0007,-0.0136
2002-11-19,14.65,14.67,14.95,14.34,1795.0,星期二,-0.0034,0.0014
2002-11-18,14.82,14.7,14.82,14.5,3339.0,星期一,-0.0047,-0.0081
2002-11-15,14.68,14.89,14.9,14.4,4102.0,星期五,-0.0034,0.0143
2002-11-14,14.9,14.73,14.96,14.0,2858.0,星期四,-0.0013,-0.0114
2002-11-13,14.95,14.92,14.96,14.7,6450.0,星期三,0.0034,-0.002
2002-11-12,14.8,14.9,14.98,14.67,6378.0,星期二,-0.0034,0.0068
2002-11-11,14.64,14.85,14.9,14.5,2228.0,星期一,0.0083,0.0143
2002-11-08,15.28,14.52,15.28,14.46,1336.0,星期五,0.0099,-0.0497
2002-11-07,15.55,15.13,15.6,15.04,1902.0,星期四,0.0013,-0.027
2002-11-06,15.66,15.53,15.7,15.36,1697.0,星期三,0.0045,-0.0083
2002-11-05,15.46,15.59,15.6,15.4,5776.0,星期二,0.0,0.0084
2002-11-04,15.52,15.46,15.55,15.34,380.0,星期一,0.0052,-0.0039
2002-11-01,15.42,15.44,15.58,15.1,863.0,星期五,0.0019,0.0013
2002-10-31,15.5,15.39,15.8,15.2,1352.0,星期四,0.0006,-0.0071
2002-10-30,15.44,15.49,15.68,15.2,21032.0,星期三,-0.0083,0.0032
2002-10-29,15.14,15.57,15.6,14.95,2653.0,星期二,0.0,0.0284
2002-10-28,15.4,15.14,15.43,15.0,439.0,星期一,0.0013,-0.0169
2002-10-25,15.43,15.38,15.55,15.2,216.0,星期五,0.0,-0.0032
2002-10-24,15.7,15.43,15.78,15.35,423.0,星期四,0.0026,-0.0172
2002-10-23,15.85,15.66,15.9,15.5,491.0,星期三,0.0051,-0.012
2002-10-22,15.56,15.77,15.8,15.56,369.0,星期二,0.0013,0.0135
2002-10-21,15.65,15.54,15.78,15.4,349.0,星期一,-0.0045,-0.007
2002-10-18,15.43,15.72,15.75,15.3,669.0,星期五,0.0039,0.0188
2002-10-17,15.8,15.37,15.8,15.3,586.0,星期四,0.0,-0.0272
2002-10-16,15.7,15.8,16.0,15.69,447.0,星期三,-0.0063,0.0064
2002-10-15,15.75,15.8,15.87,15.5,550.0,星期二,0.0038,0.0032
2002-10-14,15.25,15.69,15.73,15.23,798.0,星期一,0.0046,0.0289
2002-10-11,15.72,15.18,15.75,15.15,436.0,星期五,0.0013,-0.0344
2002-10-10,15.84,15.7,15.84,15.58,404.0,星期四,0.0044,-0.0088
2002-10-09,16.59,15.77,16.64,15.76,3424.0,星期三,0.0134,-0.0494
2002-10-08,16.63,16.37,16.67,16.3,930.0,星期二,-0.0024,-0.0156
2002-09-27,16.66,16.67,16.67,16.58,451.0,星期五,-0.0018,0.0006
2002-09-26,16.76,16.69,16.76,16.58,666.0,星期四,0.0018,-0.0042
2002-09-25,16.63,16.73,16.75,16.55,876.0,星期三,0.0,0.006
2002-09-24,16.65,16.63,16.76,16.55,2366.0,星期二,0.0012,-0.0012
2002-09-23,16.68,16.63,16.8,16.53,905.0,星期一,-0.0012,-0.003
2002-09-20,16.62,16.7,16.8,16.5,2674.0,星期五,0.0024,0.0048
2002-09-19,16.78,16.58,16.78,16.4,885.0,星期四,0.0108,-0.0119
2002-09-18,16.75,16.6,16.9,16.6,2936.0,星期三,0.0,-0.009
2002-09-17,16.6,16.75,16.8,16.5,1977.0,星期二,0.0,0.009
2002-09-16,16.75,16.6,16.75,16.4,678.0,星期一,0.003,-0.009
2002-09-13,16.86,16.7,16.88,16.61,546.0,星期五,0.0066,-0.0095
2002-09-12,16.75,16.75,16.84,16.58,749.0,星期四,0.0042,0.0
2002-09-11,16.8,16.68,16.89,16.48,611.0,星期三,0.0036,-0.0071
2002-09-10,16.72,16.74,16.8,16.61,1122.0,星期二,0.0,0.0012
2002-09-09,16.85,16.72,16.98,16.7,826.0,星期一,-0.0018,-0.0077
2002-09-06,16.74,16.88,16.9,16.6,2125.0,星期五,0.0048,0.0084
2002-09-05,16.85,16.66,16.96,16.38,3278.0,星期四,0.003,-0.0113
2002-09-04,16.68,16.8,16.9,16.6,2969.0,星期三,0.0006,0.0072
2002-09-03,17.0,16.67,17.1,16.6,1418.0,星期二,0.0035,-0.0194
2002-09-02,17.3,16.94,17.45,16.92,2608.0,星期一,-0.0017,-0.0208
2002-08-30,17.4,17.33,17.45,17.18,793.0,星期五,0.0,-0.004
2002-08-29,17.44,17.4,17.65,17.15,1342.0,星期四,0.0035,-0.0023
2002-08-28,17.6,17.38,17.68,17.2,1495.0,星期三,0.004,-0.0125
2002-08-27,17.95,17.53,17.96,17.5,1342.0,星期二,-0.0011,-0.0234
2002-08-26,18.15,17.97,18.15,17.86,1265.0,星期一,0.0083,-0.0099
2002-08-23,18.05,18.0,18.17,17.9,1020.0,星期五,0.0017,-0.0028
2002-08-22,18.03,18.02,18.08,17.92,1243.0,星期四,0.0011,-0.0006
2002-08-21,17.97,18.01,18.08,17.84,1647.0,星期三,0.0113,0.0022
2002-08-19,17.97,17.77,17.97,17.72,2714.0,星期一,-0.0006,-0.0111
2002-08-16,18.05,17.98,18.27,17.45,9628.0,星期五,-0.0022,-0.0039
2002-08-15,17.7,18.09,18.4,17.65,9869.0,星期四,0.0011,0.022
2002-08-14,17.55,17.68,17.77,17.51,3865.0,星期三,0.0006,0.0074
2002-08-13,17.88,17.54,17.92,17.45,4984.0,星期二,0.0051,-0.019
2002-08-12,17.0,17.79,17.85,16.95,6887.0,星期一,0.0053,0.0465
2002-08-09,16.88,16.91,17.0,16.7,3248.0,星期五,0.0,0.0018
2002-08-08,16.78,16.88,16.98,16.63,3103.0,星期四,-0.003,0.006
2002-08-07,16.93,16.83,17.07,16.66,3778.0,星期三,0.0018,-0.0059
2002-08-06,16.65,16.9,17.0,16.55,1721.0,星期二,-0.0018,0.015
2002-08-05,16.53,16.68,16.75,16.4,1638.0,星期一,0.0018,0.0091
2002-08-02,16.58,16.5,16.73,16.4,1496.0,星期五,0.0085,-0.0048
2002-08-01,16.36,16.44,16.65,16.25,1024.0,星期四,0.0,0.0049
2002-07-31,16.48,16.36,16.6,16.3,934.0,星期三,0.0006,-0.0073
2002-07-30,16.58,16.47,16.75,16.41,1338.0,星期二,0.0012,-0.0066
2002-07-29,16.6,16.56,16.74,16.54,1130.0,星期一,0.0,-0.0024
2002-07-26,16.72,16.6,16.76,16.3,833.0,星期五,0.0048,-0.0072
2002-07-25,16.6,16.64,16.85,16.41,1423.0,星期四,0.003,0.0024
2002-07-24,16.68,16.55,16.82,16.41,1223.0,星期三,0.006,-0.0078
2002-07-23,16.5,16.58,16.8,16.4,1217.0,星期二,0.0,0.0048
2002-07-22,16.72,16.5,16.9,16.41,2417.0,星期一,-0.0036,-0.0132
2002-07-19,16.44,16.78,16.99,16.3,2231.0,星期五,0.0,0.0207
2002-07-18,16.65,16.44,16.74,16.4,1827.0,星期四,0.0012,-0.0126
2002-07-17,16.6,16.63,16.65,16.38,2151.0,星期三,-0.0012,0.0018
2002-07-16,16.48,16.62,16.7,16.43,1755.0,星期二,-0.0012,0.0085
2002-07-15,16.7,16.5,16.7,16.3,2289.0,星期一,-0.0042,-0.012
2002-07-12,16.68,16.77,16.8,16.24,2232.0,星期五,-0.0042,0.0054
2002-07-11,17.1,16.75,17.13,16.64,1664.0,星期四,0.0006,-0.0205
2002-07-10,17.16,17.09,17.35,17.05,1309.0,星期三,-0.0017,-0.0041
2002-07-09,17.15,17.19,17.2,17.06,1337.0,星期二,0.0006,0.0023
2002-07-08,17.08,17.14,17.2,17.0,1965.0,星期一,-0.0006,0.0035
2002-07-05,16.88,17.09,17.1,16.75,8811.0,星期五,0.0,0.0124
2002-07-04,16.86,16.88,17.18,16.75,9832.0,星期四,0.0006,0.0012
2002-07-03,16.47,16.85,17.0,16.25,15056.0,星期三,0.0012,0.0231
2002-07-02,16.55,16.45,16.59,16.2,2238.0,星期二,0.0,-0.006
2002-07-01,16.48,16.55,16.6,16.35,5606.0,星期一,0.0055,0.0042
2002-06-28,16.53,16.39,16.65,16.27,5171.0,星期五,0.003,-0.0085
2002-06-27,16.46,16.48,16.58,16.24,6362.0,星期四,0.0012,0.0012
2002-06-26,16.63,16.44,16.7,16.1,6001.0,星期三,0.0048,-0.0114
2002-06-25,16.98,16.55,17.3,16.36,19573.0,星期二,0.0143,-0.0253
2002-06-24,16.74,16.74,16.74,16.09,26444.0,星期一,0.0999,0.0
2002-06-21,15.05,15.22,15.44,15.0,4344.0,星期五,0.0,0.0113
2002-06-20,14.38,15.05,15.3,14.38,6081.0,星期四,0.0035,0.0466
2002-06-19,13.9,14.33,14.58,13.9,2369.0,星期三,-0.0252,0.0309
2002-06-18,14.13,14.26,14.3,14.13,1422.0,星期二,0.0014,0.0092
2002-06-14,14.22,14.11,14.27,14.05,1029.0,星期五,-0.0021,-0.0077
2002-06-13,14.36,14.25,14.36,14.25,670.0,星期四,0.0014,-0.0077
2002-06-12,14.44,14.34,14.55,14.24,1352.0,星期三,0.0021,-0.0069
2002-06-11,14.4,14.41,14.5,14.35,3126.0,星期二,0.0,0.0007
2002-06-10,14.63,14.4,14.63,14.28,2958.0,星期一,0.0,-0.0157
2002-06-07,14.5,14.63,14.68,14.36,3527.0,星期五,-0.0021,0.009
2002-06-06,13.78,14.53,14.8,13.6,3598.0,星期四,-0.0079,0.0544
2002-06-05,14.14,13.89,14.14,13.8,4164.0,星期三,-0.0021,-0.0177
2002-06-04,14.16,14.17,14.3,14.0,2885.0,星期二,0.0,0.0007
2002-06-03,14.55,14.16,14.66,14.05,3654.0,星期一,-0.0021,-0.0268
2002-05-31,14.58,14.58,14.8,14.35,2879.0,星期五,0.0021,0.0
2002-05-30,14.68,14.55,14.76,14.3,2357.0,星期四,0.0,-0.0089
2002-05-29,14.82,14.68,14.82,14.6,3566.0,星期三,0.0,-0.0094
2002-05-28,14.8,14.82,14.9,14.6,2862.0,星期二,-0.0013,0.0014
2002-05-27,14.66,14.82,14.88,14.66,1987.0,星期一,-0.0027,0.0109
2002-05-24,15.1,14.7,15.2,14.43,3618.0,星期五,0.0,-0.0265
2002-05-23,15.13,15.1,15.3,15.05,2427.0,星期四,0.0027,-0.002
2002-05-22,15.4,15.09,15.45,15.05,3559.0,星期三,0.002,-0.0201
2002-05-21,14.84,15.37,15.5,14.84,7257.0,星期二,0.0,0.0357
2002-05-20,15.08,14.84,15.2,14.58,3676.0,星期一,-0.002,-0.0159
2002-05-17,14.84,15.11,15.2,14.84,3569.0,星期五,-0.0047,0.0182
2002-05-16,15.22,14.91,15.3,14.66,5820.0,星期四,-0.0026,-0.0204
2002-05-15,15.38,15.26,15.53,15.23,2298.0,星期三,-0.0039,-0.0078
2002-05-14,15.58,15.44,15.75,15.43,2049.0,星期二,-0.0019,-0.009
2002-05-13,15.67,15.61,15.74,15.35,3707.0,星期一,0.0058,-0.0038
2002-05-10,15.94,15.58,15.98,15.58,2322.0,星期五,0.0,-0.0226
2002-05-09,15.99,15.94,16.07,15.85,2516.0,星期四,0.0,-0.0031
2002-05-08,15.83,15.99,16.05,15.73,1859.0,星期三,-0.0038,0.0101
2002-04-30,15.48,15.89,15.98,15.48,3645.0,星期二,-0.0178,0.0265
2002-04-29,15.36,15.76,15.84,15.3,2558.0,星期一,-0.0013,0.026
2002-04-26,15.3,15.38,15.51,15.23,2107.0,星期五,0.0,0.0052
2002-04-25,15.19,15.3,15.3,15.1,1347.0,星期四,0.0,0.0072
2002-04-24,15.58,15.19,15.58,15.1,4499.0,星期三,0.0006,-0.025
2002-04-23,15.8,15.57,15.88,15.4,2587.0,星期二,0.0013,-0.0146
2002-04-22,15.65,15.78,16.08,15.43,3956.0,星期一,-0.0089,0.0083
2002-04-19,15.71,15.79,15.9,15.4,4123.0,星期五,-0.0025,0.0051
2002-04-18,15.85,15.75,16.05,15.7,2092.0,星期四,-0.0013,-0.0063
2002-04-17,16.08,15.87,16.23,15.8,3018.0,星期三,0.0063,-0.0131
2002-04-16,16.1,15.98,16.25,15.85,2292.0,星期二,0.0,-0.0075
2002-04-15,16.08,16.1,16.23,15.84,3258.0,星期一,0.0,0.0012
2002-04-12,16.2,16.08,16.37,15.93,3546.0,星期五,0.0025,-0.0074
2002-04-11,16.51,16.16,16.68,16.05,3978.0,星期四,0.0012,-0.0212
2002-04-10,16.31,16.49,16.66,16.01,11087.0,星期三,0.0012,0.011
2002-04-09,16.08,16.29,16.48,15.87,8207.0,星期二,0.0025,0.0131
2002-04-08,15.97,16.04,16.28,15.85,3082.0,星期一,0.0,0.0044
2002-04-05,16.2,15.97,16.26,15.82,4816.0,星期五,-0.0037,-0.0142
2002-04-04,15.87,16.26,16.27,15.6,7646.0,星期四,0.0019,0.0246
2002-04-03,15.8,15.84,16.14,15.7,2442.0,星期三,0.0013,0.0025
2002-04-02,16.13,15.78,16.15,15.65,5579.0,星期二,0.0081,-0.0217
2002-04-01,16.34,16.0,16.35,15.9,4840.0,星期一,0.0018,-0.0208
2002-03-29,16.68,16.31,16.75,16.02,6786.0,星期五,0.0,-0.0222
2002-03-28,16.58,16.68,17.0,16.51,8129.0,星期四,0.0073,0.006
2002-03-27,16.3,16.46,16.8,15.9,14838.0,星期三,0.0018,0.0098
2002-03-26,16.4,16.27,16.5,16.13,3358.0,星期二,0.0018,-0.0079
2002-03-25,15.85,16.37,16.6,15.85,11957.0,星期一,0.0013,0.0328
2002-03-22,16.14,15.83,16.14,15.75,2812.0,星期五,0.0119,-0.0192
2002-03-21,15.84,15.95,16.3,15.84,4432.0,星期四,0.0057,0.0069
2002-03-20,15.86,15.75,16.0,15.5,4630.0,星期三,0.0025,-0.0069
2002-03-19,15.54,15.82,15.9,15.4,7738.0,星期二,0.0039,0.018
2002-03-18,15.56,15.48,15.58,15.3,6174.0,星期一,0.0,-0.0051
2002-03-15,15.9,15.56,15.9,15.05,9794.0,星期五,0.0153,-0.0214
2002-03-14,15.5,15.66,15.85,15.05,12814.0,星期四,0.0078,0.0103
2002-03-13,15.53,15.38,15.75,15.0,9501.0,星期三,0.0,-0.0097
2002-03-12,15.45,15.53,16.43,15.2,16410.0,星期二,0.0046,0.0052
2002-03-11,14.4,15.38,15.59,14.4,16773.0,星期一,0.0127,0.0681
2002-03-07,14.1,14.22,14.34,13.95,5629.0,星期四,-0.0014,0.0085
2002-03-06,13.8,14.12,14.28,13.8,6982.0,星期三,0.0015,0.0232
2002-03-05,13.5,13.78,13.85,13.37,4610.0,星期二,0.0,0.0207
2002-03-04,13.25,13.5,13.59,13.07,4538.0,星期一,0.0023,0.0189
2002-03-01,13.3,13.22,13.47,13.13,2262.0,星期五,-0.0045,-0.006
2002-02-28,13.05,13.36,13.47,13.0,3246.0,星期四,-0.0031,0.0238
2002-02-27,13.08,13.09,13.19,13.06,2001.0,星期三,0.0038,0.0008
2002-02-26,13.25,13.03,13.25,12.94,1713.0,星期二,0.0122,-0.0166
2002-02-25,12.98,13.09,13.21,12.9,2090.0,星期一,0.0164,0.0085
2002-02-08,12.88,12.77,13.1,12.66,3200.0,星期五,0.0016,-0.0085
2002-02-07,12.74,12.86,12.93,12.69,2288.0,星期四,0.0039,0.0094
2002-02-06,13.17,12.69,13.18,12.65,3026.0,星期三,0.0,-0.0364
2002-02-05,12.79,13.17,13.5,12.58,6372.0,星期二,0.0135,0.0297
2002-02-04,12.6,12.62,12.68,12.2,4043.0,星期一,0.0169,0.0016
2002-02-01,12.89,12.39,12.96,12.0,6859.0,星期五,-0.0046,-0.0388
2002-01-31,12.1,12.95,12.99,12.1,7681.0,星期四,0.0017,0.0702
2002-01-30,12.1,12.08,12.38,11.85,3025.0,星期三,0.0008,-0.0017
2002-01-29,11.62,12.09,12.54,11.35,5280.0,星期二,-0.0068,0.0404
2002-01-28,12.42,11.7,12.49,11.3,2329.0,星期一,0.0008,-0.058
2002-01-25,12.6,12.41,12.73,12.26,2308.0,星期五,0.0024,-0.0151
2002-01-24,12.12,12.57,12.95,11.6,12038.0,星期四,0.0017,0.0371
2002-01-23,11.4,12.1,12.34,11.3,6628.0,星期三,-0.0018,0.0614
2002-01-22,11.25,11.42,11.73,10.8,6461.0,星期二,-0.0335,0.0151
2002-01-21,11.12,11.64,11.84,11.12,27469.0,星期一,-0.1003,0.0468
2002-01-18,12.36,12.36,12.36,12.36,4178.0,星期五,-0.0998,0.0
2002-01-17,15.03,13.73,15.03,13.73,2455.0,星期四,-0.0151,-0.0865
2002-01-16,16.74,15.26,16.74,15.26,842.0,星期三,-0.0124,-0.0884
2002-01-15,18.24,16.95,18.35,16.6,2494.0,星期二,0.0,-0.0707
2002-01-14,18.44,18.24,18.5,18.1,694.0,星期一,0.0,-0.0108
2002-01-11,18.44,18.44,18.55,18.32,589.0,星期五,-0.0032,0.0
2002-01-10,18.4,18.5,18.53,18.1,718.0,星期四,-0.0011,0.0054
2002-01-09,18.48,18.42,18.55,18.29,601.0,星期三,0.0005,-0.0032
2002-01-08,18.52,18.47,18.6,18.34,600.0,星期二,0.0011,-0.0027
2002-01-07,18.48,18.5,18.5,18.25,707.0,星期一,0.0005,0.0011
2002-01-04,18.75,18.47,18.75,18.25,510.0,星期五,-0.0016,-0.0149
2001-12-31,18.9,18.78,18.98,18.28,1555.0,星期一,0.0107,-0.0063
2001-12-28,18.87,18.7,20.0,18.6,30825.0,星期五,0.0323,-0.009
2001-12-27,18.5,18.28,18.55,18.22,190.0,星期四,0.0033,-0.0119
2001-12-26,18.95,18.44,18.95,18.3,1180.0,星期三,0.0227,-0.0269
2001-12-25,18.69,18.53,18.69,18.31,5942.0,星期二,0.0147,-0.0086
2001-12-24,18.92,18.42,19.08,18.0,1978.0,星期一,-0.0032,-0.0264
2001-12-21,18.7,18.98,19.15,18.65,248.0,星期五,0.0005,0.015
2001-12-20,19.09,18.69,19.13,18.55,324.0,星期四,-0.001,-0.021
2001-12-19,19.05,19.11,19.3,18.8,3597.0,星期三,0.0037,0.0031
2001-12-18,19.08,18.98,19.28,18.78,343.0,星期二,0.0127,-0.0052
2001-12-17,19.24,18.84,19.29,18.78,648.0,星期一,0.0037,-0.0208
2001-12-14,19.38,19.17,19.43,19.03,1047.0,星期五,-0.0026,-0.0108
2001-12-13,19.38,19.43,19.55,19.3,9446.0,星期四,0.0,0.0026
2001-12-12,19.3,19.38,19.6,19.1,15095.0,星期三,0.0068,0.0041
2001-12-11,19.24,19.17,19.25,19.08,1113.0,星期二,0.001,-0.0036
2001-12-10,19.28,19.22,19.3,19.1,773.0,星期一,0.0047,-0.0031
2001-12-07,19.45,19.19,19.5,19.13,1892.0,星期五,0.0052,-0.0134
2001-12-06,19.55,19.35,19.6,19.34,1494.0,星期四,0.0046,-0.0102
2001-12-05,19.7,19.46,19.75,19.3,2786.0,星期三,0.001,-0.0122
2001-12-04,19.61,19.68,19.75,19.58,2312.0,星期二,0.0,0.0036
2001-12-03,19.48,19.61,19.68,19.4,3899.0,星期一,-0.0056,0.0067
2001-11-30,19.78,19.59,19.78,19.4,5868.0,星期五,0.0102,-0.0096
2001-11-29,19.55,19.58,19.65,19.45,3510.0,星期四,-0.0026,0.0015
2001-11-28,19.67,19.6,19.83,19.44,5076.0,星期三,0.0,-0.0036
2001-11-27,19.17,19.67,19.8,19.12,10455.0,星期二,0.0005,0.0261
2001-11-26,19.24,19.16,19.4,19.08,1573.0,星期一,-0.001,-0.0042
2001-11-23,19.27,19.26,19.45,19.16,3373.0,星期五,0.0,-0.0005
2001-11-22,18.8,19.27,19.39,18.75,4067.0,星期四,-0.0021,0.025
2001-11-21,18.8,18.84,18.9,18.75,1468.0,星期三,0.0,0.0021
2001-11-20,18.66,18.8,18.9,18.51,1718.0,星期二,0.0011,0.0075
2001-11-19,18.87,18.64,18.9,18.48,877.0,星期一,0.0,-0.0122
2001-11-16,18.85,18.87,19.5,18.83,2601.0,星期五,0.0145,0.0011
2001-11-15,18.57,18.58,18.67,18.4,454.0,星期四,0.0,0.0005
2001-11-14,18.6,18.57,18.73,18.5,307.0,星期三,0.0005,-0.0016
2001-11-13,18.5,18.59,18.75,18.5,522.0,星期二,-0.0048,0.0049
2001-11-12,18.52,18.59,18.95,18.34,518.0,星期一,0.0,0.0038
2001-11-09,18.42,18.52,18.65,18.12,468.0,星期五,-0.0049,0.0054
2001-11-08,18.24,18.51,18.58,18.1,907.0,星期四,-0.0065,0.0148
2001-11-07,18.73,18.36,18.75,18.23,1024.0,星期三,-0.0011,-0.0198
2001-11-06,18.88,18.75,18.93,18.65,763.0,星期二,-0.0021,-0.0069
2001-11-05,18.98,18.92,19.05,18.7,516.0,星期一,-0.0037,-0.0032
2001-11-02,19.07,19.05,19.25,18.83,834.0,星期五,-0.0021,-0.001
2001-11-01,19.26,19.11,19.45,19.0,1961.0,星期四,0.001,-0.0078
2001-10-31,18.83,19.24,19.4,18.55,2762.0,星期三,-0.0016,0.0218
2001-10-30,19.1,18.86,19.25,18.8,1093.0,星期二,0.0005,-0.0126
2001-10-29,19.15,19.09,19.57,18.95,3231.0,星期一,0.0031,-0.0031
2001-10-26,19.15,19.09,19.15,18.8,3224.0,星期五,-0.0026,-0.0031
2001-10-25,19.92,19.2,19.92,19.08,2018.0,星期四,0.0086,-0.0361
2001-10-24,20.58,19.75,20.58,19.38,7750.0,星期三,0.0331,-0.0403
2001-10-23,18.68,19.92,19.92,18.68,13782.0,星期二,0.0315,0.0664
2001-10-22,18.28,18.11,18.35,18.0,1016.0,星期一,0.0,-0.0093
2001-10-19,18.28,18.28,18.33,17.88,4094.0,星期五,0.0,0.0
2001-10-18,18.35,18.28,18.4,18.2,464.0,星期四,-0.0016,-0.0038
2001-10-17,18.4,18.38,18.44,18.03,1251.0,星期三,-0.0022,-0.0011
2001-10-16,18.5,18.44,18.7,18.22,1193.0,星期二,0.0011,-0.0032
2001-10-15,18.59,18.48,18.68,18.3,342.0,星期一,0.0049,-0.0059
2001-10-12,18.25,18.5,18.62,18.02,2936.0,星期五,0.0061,0.0137
2001-10-11,18.25,18.14,18.25,18.0,1919.0,星期四,0.0,-0.006
2001-10-10,18.37,18.25,18.4,18.01,1193.0,星期三,0.0016,-0.0065
2001-10-09,18.4,18.34,18.48,18.1,358.0,星期二,-0.0005,-0.0033
2001-10-08,18.63,18.41,18.81,18.03,752.0,星期一,-0.0005,-0.0118
2001-09-28,18.32,18.64,18.9,18.02,1446.0,星期五,0.0011,0.0175
2001-09-27,18.3,18.3,18.55,18.01,934.0,星期四,-0.006,0.0
2001-09-26,18.8,18.41,18.95,18.0,1793.0,星期三,0.0,-0.0207
2001-09-25,19.0,18.8,19.09,18.72,1286.0,星期二,0.0058,-0.0105
2001-09-24,18.88,18.89,18.99,18.53,3543.0,星期一,-0.0021,0.0005
2001-09-21,19.14,18.92,19.14,18.7,5759.0,星期五,0.0,-0.0115
2001-09-20,19.08,19.14,19.29,18.9,7762.0,星期四,0.0016,0.0031
2001-09-19,18.97,19.05,19.09,18.55,2228.0,星期三,0.0011,0.0042
2001-09-18,18.94,18.95,19.15,18.4,878.0,星期二,0.0,0.0005
2001-09-17,19.12,18.94,19.2,18.75,419.0,星期一,-0.0068,-0.0094
2001-09-14,19.64,19.25,19.64,18.7,908.0,星期五,0.0288,-0.0199
2001-09-13,19.2,19.09,19.3,18.53,1046.0,星期四,0.0105,-0.0057
2001-09-12,19.52,19.0,19.52,18.76,2107.0,星期三,-0.0116,-0.0266
2001-09-11,19.9,19.75,19.9,19.5,754.0,星期二,0.0081,-0.0075
2001-09-10,19.88,19.74,19.88,19.45,754.0,星期一,-0.004,-0.007
2001-09-07,20.05,19.96,20.05,19.45,2697.0,星期五,0.001,-0.0045
2001-09-06,20.21,20.03,20.23,19.65,3268.0,星期四,0.001,-0.0089
2001-09-05,20.55,20.19,20.63,19.96,4559.0,星期三,0.001,-0.0175
2001-09-04,19.93,20.53,20.69,19.9,4563.0,星期二,0.0005,0.0301
2001-09-03,20.22,19.92,20.59,19.8,1784.0,星期一,-0.001,-0.0148
2001-08-31,19.45,20.24,20.48,19.4,5967.0,星期五,0.0093,0.0406
2001-08-30,19.7,19.27,19.85,19.06,3979.0,星期四,0.0031,-0.0218
2001-08-29,18.65,19.64,19.9,18.0,16031.0,星期三,0.0087,0.0531
2001-08-28,20.0,18.49,20.22,18.49,14426.0,星期二,-0.0263,-0.0755
2001-08-27,21.72,20.54,21.72,20.0,4165.0,星期一,0.0023,-0.0543
2001-08-24,21.73,21.67,21.73,21.48,777.0,星期五,0.0014,-0.0028
2001-08-23,21.85,21.7,21.85,21.59,1599.0,星期四,0.0069,-0.0069
2001-08-22,21.77,21.7,21.78,21.45,6722.0,星期三,0.0,-0.0032
2001-08-21,21.58,21.77,21.9,21.58,4917.0,星期二,-0.0119,0.0088
2001-08-20,21.85,21.84,21.89,21.7,3490.0,星期一,-0.0018,-0.0005
2001-08-17,21.6,21.89,22.15,21.4,2177.0,星期五,0.0009,0.0134
2001-08-16,21.8,21.58,21.8,21.48,988.0,星期四,0.0009,-0.0101
2001-08-15,21.5,21.78,21.9,21.41,2238.0,星期三,-0.0028,0.013
2001-08-14,21.72,21.56,21.74,21.4,2864.0,星期二,-0.0018,-0.0074
2001-08-13,22.05,21.76,22.05,21.68,1249.0,星期一,0.0078,-0.0132
2001-08-10,21.76,21.88,22.18,21.4,3362.0,星期五,0.0005,0.0055
2001-08-09,21.76,21.75,21.82,21.6,2370.0,星期四,-0.0009,-0.0005
2001-08-08,21.96,21.78,22.0,21.6,5838.0,星期三,0.0005,-0.0082
2001-08-07,21.86,21.95,21.96,21.46,10063.0,星期二,0.0037,0.0041
2001-08-06,22.05,21.78,22.05,21.5,3452.0,星期一,0.0073,-0.0122
2001-08-03,21.8,21.89,22.0,21.4,2611.0,星期五,0.0051,0.0041
2001-08-02,22.1,21.69,22.1,21.34,5762.0,星期四,0.0023,-0.0186
2001-08-01,22.2,22.05,22.4,21.83,2356.0,星期三,0.0114,-0.0068
2001-07-31,21.75,21.95,22.2,21.65,8871.0,星期二,-0.0041,0.0092
2001-07-30,23.0,21.84,23.0,21.7,4206.0,星期一,0.0074,-0.0504
2001-07-27,22.7,22.83,23.15,21.8,6713.0,星期五,0.008,0.0057
2001-07-26,22.99,22.52,23.12,22.4,4110.0,星期四,0.0074,-0.0204
2001-07-25,23.04,22.82,23.25,22.76,2245.0,星期三,0.0057,-0.0095
2001-07-24,23.54,22.91,23.91,22.7,3390.0,星期二,0.012,-0.0268
2001-07-23,23.55,23.26,24.0,23.2,6374.0,星期一,0.0086,-0.0123
2001-07-20,22.85,23.35,24.2,22.46,13377.0,星期五,0.0111,0.0219
2001-07-19,23.7,22.6,23.7,22.33,22154.0,星期四,0.0077,-0.0464
2001-07-18,24.45,23.52,24.45,23.3,14622.0,星期三,0.0124,-0.038
2001-07-17,24.89,24.15,24.89,23.9,13455.0,星期二,-0.0004,-0.0297
2001-07-16,25.1,24.9,25.1,24.76,19585.0,星期一,0.0088,-0.008
2001-07-13,24.3,24.88,25.27,24.09,36029.0,星期五,0.0155,0.0239
2001-07-12,24.22,23.93,24.23,23.6,7830.0,星期四,0.0,-0.012
2001-07-11,24.28,24.22,24.64,24.0,4389.0,星期三,0.0008,-0.0025
2001-07-10,23.8,24.26,24.6,23.8,13341.0,星期二,0.0008,0.0193
2001-07-09,24.1,23.78,24.1,23.58,6729.0,星期一,0.0021,-0.0133
2001-07-06,23.4,24.05,24.1,23.35,14696.0,星期五,0.0021,0.0278
2001-07-05,23.51,23.35,23.57,23.13,4696.0,星期四,0.0017,-0.0068
2001-07-04,23.0,23.47,23.75,22.82,12085.0,星期三,0.0009,0.0204
2001-07-03,22.7,22.98,23.25,22.7,9284.0,星期二,-0.0109,0.0123
2001-07-02,23.38,22.95,23.38,22.65,7159.0,星期一,0.0205,-0.0184
2001-06-29,22.3,22.91,23.08,22.18,7825.0,星期五,-0.0219,0.0274
2001-06-28,22.18,22.8,22.86,22.18,4788.0,星期四,-0.0076,0.028
2001-06-27,22.8,22.35,22.8,22.31,6201.0,星期三,-0.0013,-0.0197
2001-06-26,23.04,22.83,23.06,22.71,4026.0,星期二,0.0,-0.0091
2001-06-25,23.0,23.04,23.3,22.75,6020.0,星期一,0.0048,0.0017
2001-06-22,22.6,22.89,23.19,22.6,12834.0,星期五,0.0125,0.0128
2001-06-21,21.8,22.32,22.6,21.8,5677.0,星期四,-0.0118,0.0239
2001-06-20,21.5,22.06,22.26,21.5,7762.0,星期三,-0.0106,0.026
2001-06-19,21.96,21.73,22.0,21.5,3193.0,星期二,0.0009,-0.0105
2001-06-18,21.8,21.94,22.0,21.7,4259.0,星期一,0.0046,0.0064
2001-06-15,21.57,21.7,21.95,21.4,4444.0,星期五,0.0,0.006
2001-06-14,21.45,21.57,21.79,21.45,3731.0,星期四,-0.0028,0.0056
2001-06-13,21.78,21.51,21.78,21.45,2514.0,星期三,-0.0027,-0.0124
2001-06-12,21.45,21.84,21.85,21.45,3671.0,星期二,-0.0014,0.0182
2001-06-11,21.75,21.48,21.91,21.32,3636.0,星期一,0.0009,-0.0124
2001-06-08,21.54,21.73,21.78,21.45,4818.0,星期五,-0.0009,0.0088
2001-06-07,21.95,21.56,22.19,21.4,7240.0,星期四,-0.0014,-0.0178
2001-06-06,21.76,21.98,22.05,21.68,4632.0,星期三,-0.0059,0.0101
2001-06-05,22.38,21.89,22.38,21.8,7765.0,星期二,0.0099,-0.0219
2001-06-04,22.7,22.16,22.7,22.0,4574.0,星期一,0.0198,-0.0238
2001-06-01,22.07,22.26,22.35,21.87,8440.0,星期五,0.0014,0.0086
2001-05-31,21.3,22.04,22.38,21.3,13372.0,星期四,-0.0079,0.0347
2001-05-30,21.05,21.47,21.49,21.0,4780.0,星期三,-0.008,0.02
2001-05-29,21.35,21.22,21.7,21.17,4517.0,星期二,-0.0028,-0.0061
2001-05-28,21.03,21.41,21.75,21.03,10270.0,星期一,0.0024,0.0181
2001-05-25,20.7,20.98,21.1,20.4,12021.0,星期五,-0.0124,0.0135
2001-05-24,20.77,20.96,21.1,20.68,7191.0,星期四,0.0,0.0091
2001-05-23,21.15,20.77,21.4,20.5,6572.0,星期三,0.0009,-0.018
2001-05-22,21.43,21.13,21.69,21.0,4771.0,星期二,0.0014,-0.014
2001-05-21,20.97,21.4,21.78,20.95,9195.0,星期一,0.0024,0.0205
2001-05-18,20.79,20.92,21.25,20.6,7254.0,星期五,-0.0019,0.0063
2001-05-17,21.02,20.83,21.02,20.63,4885.0,星期四,0.0038,-0.009
2001-05-16,20.7,20.94,20.95,20.6,8833.0,星期三,0.0,0.0116
2001-05-15,20.66,20.7,20.98,20.35,12371.0,星期二,-0.0005,0.0019
2001-05-14,21.48,20.67,21.48,20.54,15531.0,星期一,0.007,-0.0377
2001-05-11,21.47,21.33,21.8,21.1,15924.0,星期五,0.0005,-0.0065
2001-05-10,20.78,21.46,21.5,20.78,13748.0,星期四,0.0,0.0327
2001-05-09,21.12,20.78,21.2,20.51,7775.0,星期三,0.0033,-0.0161
2001-05-08,20.33,21.05,21.5,20.17,11832.0,星期二,0.0084,0.0354
2001-04-30,20.35,20.16,20.7,20.0,11985.0,星期一,0.0025,-0.0093
2001-04-27,20.55,20.3,20.55,19.99,11431.0,星期五,0.0173,-0.0122
2001-04-26,19.9,20.2,20.8,19.7,30662.0,星期四,-0.003,0.0151
2001-04-25,21.3,19.96,21.5,19.69,41449.0,星期三,0.009,-0.0629
2001-04-23,19.5,21.11,21.11,19.49,63494.0,星期一,0.0162,0.0826
2001-04-20,18.44,19.19,19.4,18.44,33109.0,星期五,0.0033,0.0407
2001-04-19,18.66,18.38,18.66,18.05,17651.0,星期四,0.0021,-0.015
2001-04-18,18.6,18.62,18.75,18.4,13907.0,星期三,0.0,0.0011
2001-04-17,18.0,18.6,18.65,17.83,28270.0,星期二,0.0017,0.0333
2001-04-16,17.76,17.97,18.13,17.76,18450.0,星期一,0.0,0.0118
2001-04-13,17.3,17.76,17.79,17.3,24676.0,星期五,-0.004,0.0266
2001-04-12,17.1,17.37,17.45,17.0,23535.0,星期四,0.0053,0.0158
2001-04-11,16.7,17.01,17.14,16.4,19581.0,星期三,0.0,0.0186
2001-04-10,16.63,16.7,16.7,16.48,9541.0,星期二,0.0,0.0042
2001-04-09,16.8,16.63,16.86,16.61,7105.0,星期一,0.0006,-0.0101
2001-04-06,16.41,16.79,16.86,16.4,5021.0,星期五,-0.0055,0.0232
2001-04-05,16.28,16.5,16.5,16.0,4917.0,星期四,-0.0006,0.0135
2001-04-04,16.2,16.29,16.45,16.16,7869.0,星期三,-0.0092,0.0056
2001-04-03,16.48,16.35,16.58,16.21,6850.0,星期二,-0.0018,-0.0079
2001-04-02,16.26,16.51,16.65,16.26,10104.0,星期一,-0.0061,0.0154
2001-03-30,16.55,16.36,16.75,16.31,13995.0,星期五,-0.0066,-0.0115
2001-03-29,16.95,16.66,17.2,16.5,16479.0,星期四,-0.0018,-0.0171
2001-03-28,16.79,16.98,17.0,16.59,8302.0,星期三,-0.0042,0.0113
2001-03-27,17.07,16.86,17.28,16.82,4577.0,星期二,-0.0012,-0.0123
2001-03-26,16.84,17.09,17.15,16.8,6263.0,星期一,-0.0071,0.0148
2001-03-23,17.1,16.96,17.15,16.68,9025.0,星期五,-0.0012,-0.0082
2001-03-22,16.75,17.12,17.25,16.58,20006.0,星期四,-0.0053,0.0221
2001-03-21,16.79,16.84,17.0,16.75,5296.0,星期三,-0.0053,0.003
2001-03-20,16.95,16.88,17.09,16.82,6553.0,星期二,0.0,-0.0041
2001-03-19,16.54,16.95,16.96,16.54,12179.0,星期一,-0.0108,0.0248
2001-03-16,16.66,16.72,16.72,16.48,7489.0,星期五,-0.0018,0.0036
2001-03-15,16.75,16.69,16.88,16.48,11444.0,星期四,0.0018,-0.0036
2001-03-14,16.53,16.72,16.95,16.53,11918.0,星期三,-0.0072,0.0115
2001-03-13,16.52,16.65,16.78,16.48,20510.0,星期二,0.0104,0.0079
2001-03-12,15.38,16.35,16.36,15.38,9444.0,星期一,-0.0417,0.0631
2001-03-09,15.71,16.05,16.1,15.71,6742.0,星期五,-0.0126,0.0216
2001-03-08,16.06,15.91,16.25,15.9,11232.0,星期四,0.0019,-0.0093
2001-03-07,16.08,16.03,16.25,15.98,14991.0,星期三,0.0012,-0.0031
2001-03-06,15.7,16.06,16.09,15.65,9715.0,星期二,0.0038,0.0229
2001-03-05,15.26,15.64,15.74,15.26,11041.0,星期一,-0.0084,0.0249
2001-03-02,15.37,15.39,15.46,15.25,4527.0,星期五,0.002,0.0013
2001-03-01,14.98,15.34,15.38,14.98,2975.0,星期四,-0.0027,0.024
2001-02-28,15.0,15.02,15.06,14.83,2072.0,星期三,0.0007,0.0013
2001-02-27,15.1,14.99,15.4,14.86,2737.0,星期二,0.0047,-0.0073
2001-02-26,14.8,15.03,15.18,14.63,3130.0,星期一,-0.004,0.0155
2001-02-23,14.9,14.86,14.95,14.79,3064.0,星期五,0.002,-0.0027
2001-02-22,14.7,14.87,15.0,14.7,3082.0,星期四,-0.0068,0.0116
2001-02-21,15.1,14.8,15.28,14.8,6311.0,星期三,-0.0033,-0.0199
2001-02-20,15.4,15.15,15.4,15.13,4394.0,星期二,-0.0019,-0.0162
2001-02-19,15.25,15.43,15.5,15.25,2588.0,星期一,-0.002,0.0118
2001-02-16,15.51,15.28,15.58,15.21,4298.0,星期五,-0.007,-0.0148
2001-02-15,15.57,15.62,15.72,15.57,2736.0,星期四,0.0013,0.0032
2001-02-14,15.75,15.55,15.75,15.53,3554.0,星期三,0.0013,-0.0127
2001-02-13,15.51,15.73,15.85,15.51,2565.0,星期二,-0.0051,0.0142
2001-02-12,15.55,15.59,15.7,15.51,2465.0,星期一,-0.0096,0.0026
2001-02-09,15.4,15.7,15.72,15.38,6267.0,星期五,0.0013,0.0195
2001-02-08,15.3,15.38,15.69,15.3,5622.0,星期四,-0.0084,0.0052
2001-02-07,15.65,15.43,15.65,15.32,1941.0,星期三,0.0032,-0.0141
2001-02-06,15.45,15.6,15.6,15.02,4743.0,星期二,0.0125,0.0097
2001-02-05,15.46,15.26,15.55,15.25,6170.0,星期一,-0.0032,-0.0129
2001-01-19,15.5,15.51,15.7,15.35,12693.0,星期五,0.0026,0.0006
2001-01-18,14.9,15.46,15.7,14.9,66590.0,星期四,-0.0318,0.0376
2001-01-17,15.2,15.39,15.45,15.01,13942.0,星期三,-0.0117,0.0125
2001-01-16,15.65,15.38,15.8,15.23,19061.0,星期二,-0.0032,-0.0173
2001-01-15,16.1,15.7,16.14,15.6,15599.0,星期一,0.0006,-0.0248
2001-01-12,16.0,16.09,16.09,15.75,8578.0,星期五,0.0101,0.0056
2001-01-11,15.73,15.84,16.09,15.73,5500.0,星期四,-0.0019,0.007
2001-01-10,15.73,15.76,15.88,15.7,4957.0,星期三,-0.0032,0.0019
2001-01-09,15.7,15.78,15.95,15.65,6618.0,星期二,-0.0019,0.0051
2001-01-08,16.0,15.73,16.03,15.51,10542.0,星期一,0.0,-0.0169
2001-01-05,16.35,16.0,16.45,15.9,13836.0,星期五,0.0,-0.0214
2001-01-04,16.28,16.35,16.55,16.2,20150.0,星期四,0.0037,0.0043
2001-01-03,16.03,16.22,16.38,15.95,5907.0,星期三,0.0012,0.0119
2001-01-02,16.03,16.01,16.15,15.89,8442.0,星期二,0.0025,-0.0012
2000-12-29,16.34,15.99,16.34,15.94,19010.0,星期五,0.0093,-0.0214
2000-12-28,16.52,16.19,16.6,16.0,15770.0,星期四,0.0,-0.02
2000-12-27,16.3,16.52,16.8,16.1,24484.0,星期三,0.0,0.0135
2000-12-26,16.5,16.3,16.5,16.16,6237.0,星期二,0.0116,-0.0121
2000-12-25,16.07,16.31,16.42,15.94,5385.0,星期一,-0.0019,0.0149
2000-12-22,16.28,16.1,16.3,16.0,5058.0,星期五,-0.0012,-0.0111
2000-12-21,16.46,16.3,16.6,16.22,5665.0,星期四,0.0043,-0.0097
2000-12-20,16.27,16.39,16.5,16.15,11834.0,星期三,-0.0006,0.0074
2000-12-19,15.95,16.28,16.5,15.83,16314.0,星期二,0.0057,0.0207
2000-12-18,15.5,15.86,16.0,15.4,5788.0,星期一,-0.0096,0.0232
2000-12-15,15.7,15.65,15.8,15.45,4543.0,星期五,-0.0032,-0.0032
2000-12-14,15.5,15.75,15.75,15.4,2575.0,星期四,-0.0006,0.0161
2000-12-13,15.68,15.51,15.7,15.43,2790.0,星期三,0.0,-0.0108
2000-12-12,15.61,15.68,15.85,15.21,2882.0,星期二,0.0,0.0045
2000-12-11,15.93,15.61,16.08,15.6,3487.0,星期一,0.0006,-0.0201
2000-12-08,15.7,15.92,16.03,15.69,4669.0,星期五,-0.0025,0.014
2000-12-07,15.5,15.74,15.91,15.5,6788.0,星期四,-0.014,0.0155
2000-12-06,16.3,15.72,16.35,15.7,12412.0,星期三,0.0031,-0.0356
2000-12-05,16.1,16.25,16.59,15.9,17182.0,星期二,0.0,0.0093
2000-12-04,15.5,16.1,16.1,15.3,13788.0,星期一,0.0191,0.0387
2000-12-01,15.25,15.21,15.25,15.04,3733.0,星期五,0.0053,-0.0026
2000-11-30,15.1,15.17,15.27,15.06,3775.0,星期四,0.0033,0.0046
2000-11-29,15.0,15.05,15.27,14.93,5802.0,星期三,0.0047,0.0033
2000-11-28,14.93,14.93,15.05,14.88,4074.0,星期二,0.0108,0.0
2000-11-27,15.2,14.77,15.2,14.56,9722.0,星期一,-0.0072,-0.0283
2000-11-24,15.8,15.31,15.98,15.12,10046.0,星期五,0.0013,-0.031
2000-11-23,15.8,15.78,16.0,15.61,8405.0,星期四,0.0013,-0.0013
2000-11-22,15.55,15.78,15.87,15.5,9193.0,星期三,-0.0026,0.0148
2000-11-21,16.13,15.59,16.39,15.45,22115.0,星期二,0.0069,-0.0335
2000-11-20,15.46,16.02,16.24,15.46,26895.0,星期一,0.0039,0.0362
2000-11-17,15.1,15.4,15.7,15.1,29407.0,星期五,0.006,0.0199
2000-11-16,14.12,15.01,15.02,14.12,24113.0,星期四,0.0028,0.063
2000-11-15,14.3,14.08,14.55,14.03,14456.0,星期三,0.0007,-0.0154
2000-11-14,14.0,14.29,14.45,13.8,12660.0,星期二,0.0072,0.0207
2000-11-13,13.61,13.9,14.0,13.6,9007.0,星期一,0.0015,0.0213
2000-11-10,13.75,13.59,13.79,13.55,7389.0,星期五,0.0022,-0.0116
2000-11-09,13.41,13.72,13.74,13.34,7499.0,星期四,0.0052,0.0231
2000-11-08,13.35,13.34,13.47,13.25,4718.0,星期三,0.0075,-0.0007
2000-11-07,13.5,13.25,13.5,13.08,5397.0,星期二,0.0,-0.0185
2000-11-06,13.75,13.5,13.75,13.45,2964.0,星期一,0.011,-0.0182
2000-11-03,13.5,13.6,13.75,13.47,2222.0,星期五,0.0,0.0074
2000-11-02,13.58,13.5,13.6,13.4,5127.0,星期四,0.0,-0.0059
2000-11-01,13.64,13.58,13.79,13.45,3060.0,星期三,0.0172,-0.0044
2000-10-31,13.71,13.41,13.73,13.4,3981.0,星期二,-0.0029,-0.0219
2000-10-30,13.82,13.75,13.82,13.6,3199.0,星期一,-0.0086,-0.0051
2000-10-27,14.48,13.94,14.5,13.82,7546.0,星期五,0.0014,-0.0373
2000-10-26,14.25,14.46,14.6,14.25,5082.0,星期四,-0.0007,0.0147
2000-10-25,14.26,14.26,14.55,13.99,6911.0,星期三,0.0007,0.0
2000-10-24,13.45,14.25,14.28,13.45,7926.0,星期二,0.0007,0.0595
2000-10-23,13.27,13.44,13.46,13.27,3709.0,星期一,0.0008,0.0128
2000-10-20,13.18,13.26,13.37,13.02,3715.0,星期五,0.0,0.0061
2000-10-19,13.35,13.18,13.4,13.08,5591.0,星期四,0.0098,-0.0127
2000-10-18,12.9,13.22,13.22,12.89,5436.0,星期三,0.0031,0.0248
2000-10-17,13.15,12.86,13.34,12.69,6709.0,星期二,-0.0038,-0.0221
2000-10-16,13.8,13.2,13.8,13.07,5811.0,星期一,-0.0065,-0.0435
2000-10-13,13.83,13.89,13.97,13.63,3367.0,星期五,0.0007,0.0043
2000-10-12,13.9,13.82,14.08,13.8,2060.0,星期四,0.0014,-0.0058
2000-10-11,13.8,13.88,14.0,13.8,4227.0,星期三,0.0022,0.0058
2000-10-10,14.0,13.77,14.18,13.69,4023.0,星期二,0.0086,-0.0164
2000-10-09,14.2,13.88,14.25,13.6,4364.0,星期一,0.0035,-0.0225
2000-09-29,14.45,14.15,14.45,14.1,2010.0,星期五,0.0169,-0.0208
2000-09-28,14.51,14.21,14.54,14.1,1749.0,星期四,-0.0021,-0.0207
2000-09-27,14.51,14.54,14.65,14.4,1182.0,星期三,0.0028,0.0021
2000-09-26,14.5,14.47,14.7,14.35,1634.0,星期二,0.0,-0.0021
2000-09-25,14.4,14.5,14.65,14.22,3603.0,星期一,-0.0041,0.0069
2000-09-22,14.29,14.46,14.8,13.88,2609.0,星期五,-0.0118,0.0119
2000-09-21,14.58,14.46,14.85,14.22,3854.0,星期四,0.0034,-0.0082
2000-09-20,14.5,14.53,14.7,14.11,5054.0,星期三,0.0028,0.0021
2000-09-19,15.15,14.46,15.35,14.42,6060.0,星期二,0.0093,-0.0455
2000-09-18,15.36,15.01,15.36,15.0,5298.0,星期一,0.0007,-0.0228
2000-09-15,15.45,15.35,15.6,15.3,5273.0,星期五,-0.0096,-0.0065
2000-09-14,15.63,15.6,15.85,15.58,2102.0,星期四,0.0006,-0.0019
2000-09-13,15.51,15.62,15.9,15.43,8548.0,星期三,0.0,0.0071
2000-09-12,15.45,15.51,15.64,15.2,7336.0,星期二,-0.0013,0.0039
2000-09-11,15.4,15.47,15.55,15.01,3384.0,星期一,-0.0019,0.0045
2000-09-08,15.18,15.43,15.48,15.13,5070.0,星期五,0.0053,0.0165
2000-09-07,15.2,15.1,15.3,14.92,5682.0,星期四,0.0133,-0.0066
2000-09-06,15.55,15.0,15.6,14.99,7216.0,星期三,-0.0032,-0.0354
2000-09-05,15.7,15.6,15.93,15.5,4866.0,星期二,0.0038,-0.0064
2000-09-04,15.78,15.64,16.0,15.5,7332.0,星期一,-0.0032,-0.0089
2000-09-01,15.45,15.83,16.0,15.22,11277.0,星期五,-0.0039,0.0246
2000-08-31,15.5,15.51,15.95,15.08,11634.0,星期四,-0.0306,0.0006
2000-08-30,16.5,15.99,16.59,15.7,42513.0,星期三,-0.0078,-0.0309
2000-08-29,17.2,16.63,17.64,16.5,49548.0,星期二,-0.0143,-0.0331
2000-08-28,19.52,17.45,19.53,17.45,107014.0,星期一,0.0067,-0.106
2000-08-25,18.15,19.39,19.48,18.15,26752.0,星期五,0.0006,0.0683
2000-08-24,17.53,18.14,18.56,17.5,15227.0,星期四,0.0,0.0348
2000-08-23,17.99,17.53,18.09,16.9,10635.0,星期三,-0.0066,-0.0256
2000-08-22,18.2,18.11,18.6,17.9,4445.0,星期二,0.0,-0.0049
2000-08-21,18.3,18.2,18.3,17.95,7845.0,星期一,0.0038,-0.0055
2000-08-18,18.5,18.23,18.56,18.1,7525.0,星期五,-0.0059,-0.0146
2000-08-17,18.99,18.61,18.99,18.48,4745.0,星期四,0.0053,-0.02
2000-08-16,18.65,18.89,18.92,18.55,3469.0,星期三,0.0027,0.0129
2000-08-15,18.8,18.6,18.81,18.4,7848.0,星期二,0.0027,-0.0106
2000-08-14,18.71,18.75,19.09,18.7,3740.0,星期一,0.0059,0.0021
2000-08-11,18.54,18.6,18.91,18.5,6103.0,星期五,-0.0096,0.0032
2000-08-10,19.26,18.72,19.5,18.61,6829.0,星期四,0.0,-0.028
2000-08-09,19.44,19.26,19.44,18.9,10969.0,星期三,0.0,-0.0093
2000-08-08,19.66,19.44,19.75,19.22,5166.0,星期二,0.002,-0.0112
2000-08-07,19.45,19.62,19.8,19.45,4031.0,星期一,0.0021,0.0087
2000-08-04,19.8,19.41,19.97,19.1,5926.0,星期五,0.0056,-0.0197
2000-08-03,19.06,19.69,19.8,19.02,9259.0,星期四,-0.0016,0.0331
2000-08-02,18.6,19.09,19.2,18.41,7788.0,星期三,0.0032,0.0263
2000-08-01,18.5,18.54,18.7,18.35,5466.0,星期二,-0.0043,0.0022
2000-07-31,18.74,18.58,18.9,18.45,6195.0,星期一,0.0032,-0.0085
2000-07-28,18.79,18.68,19.08,18.65,5848.0,星期五,-0.0005,-0.0059
2000-07-27,18.8,18.8,18.85,18.5,4651.0,星期四,0.0037,0.0
2000-07-26,18.99,18.73,18.99,18.42,6521.0,星期三,0.0021,-0.0137
2000-07-25,18.75,18.95,19.15,18.3,14210.0,星期二,0.0,0.0107
2000-07-24,18.93,18.75,19.0,18.33,14520.0,星期一,0.0,-0.0095
2000-07-21,19.0,18.93,19.0,18.55,9211.0,星期五,0.0053,-0.0037
2000-07-20,18.81,18.9,19.15,18.68,6795.0,星期四,-0.0084,0.0048
2000-07-19,18.9,18.97,19.01,18.65,6788.0,星期三,-0.0016,0.0037
2000-07-18,18.9,18.93,19.15,18.65,8357.0,星期二,0.0021,0.0016
2000-07-17,18.6,18.86,19.22,18.6,17407.0,星期一,0.0164,0.014
2000-07-14,18.05,18.3,18.55,17.7,12927.0,星期五,-0.0011,0.0139
2000-07-13,18.18,18.07,18.37,17.85,12118.0,星期四,-0.0011,-0.0061
2000-07-12,17.98,18.2,18.5,17.4,24518.0,星期三,0.0181,0.0122
2000-07-11,16.3,17.66,17.77,16.2,25882.0,星期二,-0.0031,0.0834
2000-07-10,16.31,16.35,16.4,16.15,10014.0,星期一,0.0025,0.0025
2000-07-07,16.2,16.27,16.38,16.15,11931.0,星期五,-0.0043,0.0043
2000-07-06,16.48,16.27,16.48,16.12,15313.0,星期四,0.003,-0.0127
2000-07-05,16.6,16.43,16.8,16.19,9276.0,星期三,0.0097,-0.0102
2000-07-04,16.1,16.44,16.48,16.1,9811.0,星期二,-0.0159,0.0211
2000-07-03,17.18,16.36,17.18,16.16,29503.0,星期一,0.0059,-0.0477
2000-06-30,17.0,17.08,17.38,16.8,18332.0,星期五,-0.023,0.0047
2000-06-29,16.88,17.4,17.95,16.7,63288.0,星期四,-0.003,0.0308
2000-06-28,16.88,16.93,17.05,16.76,21375.0,星期三,0.0,0.003
2000-06-27,16.55,16.88,17.2,16.55,44699.0,星期二,-0.0201,0.0199
2000-06-26,16.65,16.89,17.09,15.81,92030.0,星期一,0.014,0.0144
2000-06-23,16.55,16.42,17.18,15.7,47347.0,星期五,0.0248,-0.0079
2000-06-22,14.68,16.15,16.25,14.68,83195.0,星期四,-0.0348,0.1001
2000-06-21,13.5,15.21,15.53,13.5,62526.0,星期三,-0.0664,0.1267
2000-06-20,14.32,14.46,14.5,13.5,31999.0,星期二,0.012,0.0098
2000-06-19,14.36,14.15,14.36,13.89,18902.0,星期一,0.0,-0.0146
2000-06-16,14.95,14.36,14.96,14.05,33198.0,星期五,-0.002,-0.0395
2000-06-15,14.95,14.98,15.0,14.8,5128.0,星期四,-0.004,0.002
2000-06-14,15.03,15.01,15.05,14.65,13262.0,星期三,0.0,-0.0013
2000-06-13,14.98,15.03,15.11,14.78,8558.0,星期二,0.0225,0.0033
2000-06-12,15.14,14.65,15.19,14.6,8507.0,星期一,0.0,-0.0324
2000-06-09,14.96,15.14,15.25,14.9,15113.0,星期五,-0.0013,0.012
2000-06-08,15.0,14.98,15.0,14.55,7920.0,星期四,0.0,-0.0013
2000-06-07,15.02,15.0,15.05,14.7,11897.0,星期三,0.0,-0.0013
2000-06-06,14.97,15.02,15.09,14.58,9241.0,星期二,-0.3192,0.0033
2000-06-05,22.16,21.99,22.23,21.7,10230.0,星期一,-0.0005,-0.0077
2000-06-02,22.18,22.17,22.34,21.96,7005.0,星期五,0.0014,-0.0005
2000-06-01,21.92,22.15,22.4,21.9,9337.0,星期四,0.0023,0.0105
2000-05-31,22.22,21.87,22.28,21.65,9930.0,星期三,-0.0018,-0.0158
2000-05-30,22.08,22.26,22.35,22.0,9347.0,星期二,-0.0018,0.0082
2000-05-29,22.26,22.12,22.35,21.6,8727.0,星期一,0.0,-0.0063
2000-05-26,24.0,22.26,24.0,21.4,34889.0,星期五,0.0417,-0.0725
2000-05-25,24.05,23.04,24.09,22.9,13952.0,星期四,-0.0012,-0.042
2000-05-24,24.05,24.08,24.38,23.75,11731.0,星期三,0.0,0.0012
2000-05-23,24.34,24.05,24.45,23.88,5705.0,星期二,0.0016,-0.0119
2000-05-22,24.4,24.3,24.4,23.88,9062.0,星期一,-0.002,-0.0041
2000-05-19,24.38,24.45,24.83,23.86,10028.0,星期五,0.0037,0.0029
2000-05-18,24.2,24.29,24.4,23.9,5797.0,星期四,-0.0008,0.0037
2000-05-17,24.4,24.22,24.5,23.8,9066.0,星期三,-0.0016,-0.0074
2000-05-16,24.0,24.44,24.55,24.0,3997.0,星期二,0.0,0.0183
2000-05-15,24.45,24.0,24.74,23.8,2525.0,星期一,-0.0057,-0.0184
2000-05-12,24.45,24.59,24.75,24.38,3281.0,星期五,-0.0053,0.0057
2000-05-11,24.45,24.58,24.73,24.45,3402.0,星期四,-0.0012,0.0053
2000-05-10,25.42,24.48,25.53,24.0,3374.0,星期三,-0.0016,-0.037
2000-05-09,26.62,25.46,26.62,25.28,6283.0,星期二,0.0133,-0.0436
2000-05-08,25.4,26.27,26.3,25.4,14839.0,星期一,-0.0008,0.0343
2000-04-28,24.2,25.42,26.0,23.8,12966.0,星期五,-0.0058,0.0504
2000-04-27,24.4,24.34,24.69,24.25,4528.0,星期四,-0.0012,-0.0025
2000-04-26,24.2,24.43,24.45,24.0,4912.0,星期三,-0.0012,0.0095
2000-04-25,24.2,24.23,24.58,23.8,4293.0,星期二,-0.0037,0.0012
2000-04-24,24.5,24.29,24.7,24.2,2202.0,星期一,-0.0049,-0.0086
2000-04-21,24.95,24.62,25.09,24.1,3717.0,星期五,-0.0008,-0.0132
2000-04-20,24.69,24.97,25.26,24.66,5312.0,星期四,-0.0016,0.0113
2000-04-19,24.66,24.73,24.96,24.3,4803.0,星期三,-0.0016,0.0028
2000-04-18,24.85,24.7,24.9,23.8,9487.0,星期二,0.0028,-0.006
2000-04-17,25.33,24.78,25.33,24.01,4250.0,星期一,-0.0004,-0.0217
2000-04-14,25.75,25.34,25.8,24.8,6569.0,星期五,0.0,-0.0159
2000-04-13,25.88,25.75,26.12,25.54,2645.0,星期四,0.0039,-0.005
2000-04-12,26.46,25.78,26.59,25.62,2669.0,星期三,-0.0011,-0.0257
2000-04-11,26.6,26.49,26.78,26.09,4927.0,星期二,-0.0008,-0.0041
2000-04-10,26.05,26.62,27.0,26.05,5303.0,星期一,-0.0004,0.0219
2000-04-07,26.06,26.06,26.19,25.6,4279.0,星期五,-0.0004,0.0
2000-04-06,26.88,26.07,26.88,25.98,2644.0,星期四,0.0307,-0.0301
2000-04-04,26.3,26.08,26.5,25.5,7953.0,星期二,-0.0019,-0.0084
2000-04-03,26.5,26.35,26.81,25.76,9564.0,星期一,-0.0015,-0.0057
2000-03-31,26.4,26.54,26.69,26.0,9630.0,星期五,-0.0015,0.0053
2000-03-30,25.16,26.44,26.59,25.16,18470.0,星期四,-0.0012,0.0509
2000-03-29,25.1,25.19,25.39,24.8,8721.0,星期三,0.0004,0.0036
2000-03-28,24.16,25.09,25.13,23.9,15041.0,星期二,0.0017,0.0385
2000-03-27,24.41,24.12,24.58,23.8,16632.0,星期一,0.0,-0.0119
2000-03-24,24.39,24.41,24.5,23.8,12220.0,星期五,0.0,0.0008
2000-03-23,24.32,24.39,24.55,23.8,9864.0,星期四,-0.0012,0.0029
2000-03-22,24.02,24.35,24.58,23.6,6743.0,星期三,0.0,0.0137
2000-03-21,24.95,24.02,24.95,23.5,3983.0,星期二,0.0069,-0.0373
2000-03-20,24.17,24.78,25.14,23.45,9210.0,星期一,-0.0522,0.0252
2000-03-17,25.18,25.5,25.7,25.18,9466.0,星期五,0.0,0.0127
2000-03-16,26.14,25.18,26.2,24.75,4384.0,星期四,0.0,-0.0367
2000-03-15,26.5,26.14,26.89,26.0,6993.0,星期三,-0.0023,-0.0136
2000-03-14,26.5,26.56,26.6,24.8,12599.0,星期二,-0.0071,0.0023
2000-03-13,26.0,26.69,27.3,26.0,12144.0,星期一,-0.0034,0.0265
2000-03-10,25.65,26.09,26.56,25.6,12051.0,星期五,-0.0012,0.0172
2000-03-09,25.52,25.68,26.0,25.0,6369.0,星期四,-0.0027,0.0063
2000-03-08,25.38,25.59,25.7,25.15,9922.0,星期三,-0.0051,0.0083
2000-03-07,25.27,25.51,25.6,25.01,12923.0,星期二,0.0,0.0095
2000-03-06,25.59,25.27,25.7,25.01,13141.0,星期一,0.0027,-0.0125
2000-03-03,25.39,25.52,25.59,24.99,21683.0,星期五,0.0,0.0051
2000-03-02,26.45,25.39,26.45,25.0,7235.0,星期四,-0.0004,-0.0401
2000-03-01,26.14,26.46,26.6,25.0,16953.0,星期三,0.0,0.0122
2000-02-29,26.42,26.14,27.98,25.3,9124.0,星期二,0.0015,-0.0106
2000-02-28,27.4,26.38,27.88,26.0,14001.0,星期一,0.0055,-0.0372
2000-02-25,25.45,27.25,27.6,25.45,20984.0,星期五,-0.0004,0.0707
2000-02-24,25.2,25.46,25.65,24.99,10726.0,星期四,-0.0016,0.0103
2000-02-23,24.71,25.24,25.62,24.5,10500.0,星期三,0.0,0.0214
2000-02-22,24.65,24.71,25.08,24.0,7405.0,星期二,0.0016,0.0024
2000-02-21,25.45,24.61,25.62,24.0,9116.0,星期一,-0.0008,-0.033
2000-02-18,24.86,25.47,25.73,24.3,12475.0,星期五,0.0,0.0245
2000-02-17,26.67,24.86,26.98,23.99,19877.0,星期四,0.0008,-0.0679
2000-02-16,26.2,26.65,26.66,23.85,15086.0,星期三,0.0116,0.0172
2000-02-15,26.6,25.9,27.5,24.1,19757.0,星期二,0.0053,-0.0263
2000-02-14,26.4,26.46,26.46,24.5,14737.0,星期一,0.0977,0.0023
2000-01-28,22.99,24.05,24.16,22.8,24930.0,星期五,0.0,0.0461
2000-01-27,22.15,22.99,23.0,21.4,26318.0,星期四,0.0027,0.0379
2000-01-26,22.28,22.09,24.0,21.5,38743.0,星期三,0.0081,-0.0085
2000-01-25,20.58,22.1,22.1,20.51,28733.0,星期二,0.0244,0.0739
2000-01-24,18.99,20.09,20.1,18.45,18284.0,星期一,0.0,0.0579
2000-01-21,18.98,18.99,19.25,18.61,8743.0,星期五,0.0011,0.0005
2000-01-20,19.15,18.96,19.4,18.75,3974.0,星期四,0.0037,-0.0099
2000-01-19,19.35,19.08,19.35,19.0,2778.0,星期三,0.0157,-0.014
2000-01-18,19.12,19.05,19.3,18.98,4499.0,星期二,-0.001,-0.0037
2000-01-17,18.85,19.14,19.2,18.82,4016.0,星期一,-0.0068,0.0154
2000-01-14,18.84,18.98,19.1,18.84,4987.0,星期五,0.0,0.0074
2000-01-13,19.05,18.84,19.18,18.7,4279.0,星期四,-0.001,-0.011
2000-01-12,19.28,19.07,19.42,18.8,6482.0,星期三,0.0,-0.0109
2000-01-11,19.68,19.28,20.16,18.8,16584.0,星期二,0.0155,-0.0203
2000-01-10,18.39,19.38,19.63,18.39,16426.0,星期一,-0.0447,0.0538
2000-01-07,18.25,19.25,19.38,18.1,18593.0,星期五,-0.0022,0.0548
2000-01-06,18.2,18.29,18.32,18.03,3409.0,星期四,-0.0011,0.0049
2000-01-05,18.25,18.22,18.3,18.08,2615.0,星期三,-0.0016,-0.0016
2000-01-04,18.08,18.28,18.28,18.01,3183.0,星期二,-0.0044,0.0111
1999-12-30,17.55,18.16,18.28,17.55,4796.0,星期四,-0.0011,0.0348
1999-12-29,17.39,17.57,17.58,17.3,3283.0,星期三,0.0006,0.0104
1999-12-28,17.38,17.38,17.41,17.25,3366.0,星期二,-0.0006,0.0
1999-12-27,17.48,17.39,17.48,17.26,2461.0,星期一,-0.0011,-0.0051
1999-12-24,17.58,17.5,17.64,17.3,2922.0,星期五,0.0,-0.0046
1999-12-23,17.58,17.58,17.68,17.47,2044.0,星期四,-0.0034,0.0
1999-12-22,17.58,17.64,17.75,17.48,2816.0,星期三,-0.0006,0.0034
1999-12-21,17.7,17.59,17.74,17.48,1160.0,星期二,-0.0023,-0.0062
1999-12-17,17.79,17.74,17.88,17.61,2171.0,星期五,-0.0017,-0.0028
1999-12-16,17.75,17.82,17.83,17.73,1605.0,星期四,-0.0022,0.0039
1999-12-15,17.65,17.79,17.96,17.6,4557.0,星期三,-0.0028,0.0079
1999-12-14,17.6,17.7,17.72,17.52,1894.0,星期二,-0.0017,0.0057
1999-12-13,17.66,17.63,17.7,17.37,3297.0,星期一,-0.0006,-0.0017
1999-12-10,17.69,17.67,17.73,17.4,1552.0,星期五,0.0,-0.0011
1999-12-09,17.66,17.69,17.75,17.56,2043.0,星期四,-0.0011,0.0017
1999-12-08,18.02,17.68,18.02,17.5,3351.0,星期三,-0.0033,-0.0189
1999-12-07,18.0,18.08,18.2,17.81,1986.0,星期二,0.0017,0.0044
1999-12-06,18.0,17.97,18.1,17.9,2050.0,星期一,-0.0104,-0.0017
1999-12-03,18.25,18.19,18.35,17.81,4446.0,星期五,-0.0011,-0.0033
1999-12-02,18.24,18.27,18.41,18.12,5435.0,星期四,0.0,0.0016
1999-12-01,17.9,18.24,18.28,17.89,8240.0,星期三,-0.0028,0.019
1999-11-30,17.8,17.95,17.95,17.6,5687.0,星期二,0.0,0.0084
1999-11-29,17.3,17.8,17.8,17.29,7802.0,星期一,-0.0023,0.0289
1999-11-26,17.21,17.34,17.34,17.06,5588.0,星期五,0.0012,0.0076
1999-11-25,17.13,17.19,17.21,17.0,5493.0,星期四,-0.0012,0.0035
1999-11-24,17.13,17.15,17.28,17.0,3375.0,星期三,-0.0023,0.0012
1999-11-23,17.13,17.17,17.3,17.01,1856.0,星期二,0.0006,0.0023
1999-11-22,17.1,17.12,17.3,17.05,2051.0,星期一,-0.0023,0.0012
1999-11-19,17.11,17.14,17.28,17.07,3384.0,星期五,0.0018,0.0018
1999-11-18,17.27,17.08,17.45,17.0,2795.0,星期四,0.0,-0.011
1999-11-17,17.19,17.27,17.6,17.0,4470.0,星期三,0.0,0.0047
1999-11-16,17.22,17.19,17.58,17.0,2293.0,星期二,0.0023,-0.0017
1999-11-15,17.4,17.18,17.5,17.0,1661.0,星期一,0.0,-0.0126
1999-11-12,17.38,17.4,17.48,17.3,1106.0,星期五,-0.0011,0.0012
1999-11-11,17.4,17.4,17.45,17.14,2956.0,星期四,0.0017,0.0
1999-11-10,17.58,17.37,17.7,17.2,2310.0,星期三,0.0,-0.0119
1999-11-09,17.73,17.58,17.73,17.5,1504.0,星期二,0.0,-0.0085
1999-11-08,17.7,17.73,17.8,17.56,1454.0,星期一,-0.0023,0.0017
1999-11-05,17.75,17.74,17.87,17.62,1856.0,星期五,-0.0022,-0.0006
1999-11-04,17.7,17.79,17.95,17.59,1358.0,星期四,-0.0017,0.0051
1999-11-03,17.8,17.73,17.96,17.54,1317.0,星期三,0.0,-0.0039
1999-11-02,17.79,17.8,17.99,17.56,1798.0,星期二,0.0,0.0006
1999-11-01,17.9,17.79,18.0,17.63,933.0,星期一,-0.0017,-0.0061
1999-10-29,17.95,17.93,18.2,17.53,2345.0,星期五,0.0,-0.0011
1999-10-28,18.29,17.95,18.3,17.8,1723.0,星期四,0.0016,-0.0186
1999-10-27,18.02,18.26,18.37,18.0,4772.0,星期三,0.0011,0.0133
1999-10-26,17.42,18.0,18.03,17.41,5992.0,星期二,0.0011,0.0333
1999-10-25,17.68,17.4,17.8,17.21,2035.0,星期一,-0.0056,-0.0158
1999-10-22,17.55,17.78,17.8,16.91,6059.0,星期五,0.0203,0.0131
1999-10-21,17.6,17.2,17.75,17.1,1039.0,星期四,0.0017,-0.0227
1999-10-20,17.5,17.57,18.2,17.4,614.0,星期三,0.0006,0.004
1999-10-19,17.8,17.49,17.8,17.4,1167.0,星期二,0.0,-0.0174
1999-10-18,17.98,17.8,18.25,17.7,1381.0,星期一,0.0,-0.01
1999-10-15,17.9,17.98,18.07,17.86,6566.0,星期五,-0.0028,0.0045
1999-10-14,17.69,17.95,17.99,17.4,3188.0,星期四,0.0,0.0147
1999-10-13,18.0,17.69,18.04,17.64,2223.0,星期三,-0.0006,-0.0172
1999-10-12,18.01,18.01,18.08,17.99,2436.0,星期二,0.0,0.0
1999-10-11,18.0,18.01,18.2,17.85,1660.0,星期一,0.0,0.0006
1999-10-08,17.82,18.0,18.18,17.82,2346.0,星期五,0.0,0.0101
1999-09-30,17.79,17.82,17.89,17.72,2442.0,星期四,0.0,0.0017
1999-09-29,17.78,17.79,17.98,17.65,3934.0,星期三,0.0,0.0006
1999-09-28,17.75,17.78,17.9,17.64,4474.0,星期二,0.0,0.0017
1999-09-27,17.75,17.75,17.97,17.5,6369.0,星期一,0.0,0.0
1999-09-24,17.7,17.75,17.8,17.5,4628.0,星期五,-0.0011,0.0028
1999-09-23,17.98,17.72,17.98,17.42,3221.0,星期四,0.0011,-0.0145
1999-09-22,18.01,17.96,18.01,17.42,3300.0,星期三,0.0017,-0.0028
1999-09-21,18.19,17.98,18.21,17.4,5091.0,星期二,0.0006,-0.0115
1999-09-20,18.19,18.18,18.31,18.1,6985.0,星期一,0.0006,-0.0005
1999-09-17,18.11,18.18,18.27,18.08,7103.0,星期五,0.0011,0.0039
1999-09-16,18.4,18.09,18.43,18.0,7187.0,星期四,0.0066,-0.0168
1999-09-15,18.2,18.28,18.3,17.8,6890.0,星期三,-0.0038,0.0044
1999-09-14,18.18,18.27,18.28,17.5,9033.0,星期二,-0.0016,0.005
1999-09-13,18.1,18.21,18.28,17.55,12785.0,星期一,-0.0033,0.0061
1999-09-10,18.75,18.16,18.84,17.95,11339.0,星期五,0.0027,-0.0315
1999-09-09,18.1,18.7,18.98,18.1,17843.0,星期四,0.0006,0.0331
1999-09-08,18.55,18.09,18.6,18.03,7825.0,星期三,0.0005,-0.0248
1999-09-07,19.35,18.54,19.52,18.2,8590.0,星期二,0.0005,-0.0419
1999-09-06,19.33,19.34,19.58,19.11,3717.0,星期一,-0.001,0.0005
1999-09-03,19.5,19.35,19.51,19.07,4646.0,星期五,0.001,-0.0077
1999-09-02,19.46,19.48,19.49,19.1,5562.0,星期四,-0.001,0.001
1999-09-01,19.6,19.48,19.79,19.0,6787.0,星期三,0.0,-0.0061
1999-08-31,19.42,19.6,19.66,19.03,6335.0,星期二,-0.001,0.0093
1999-08-30,19.87,19.44,19.91,19.3,5437.0,星期一,0.0071,-0.0216
1999-08-27,19.56,19.73,19.8,19.08,9306.0,星期五,0.0026,0.0087
1999-08-26,19.58,19.51,19.72,19.4,10727.0,星期四,0.002,-0.0036
1999-08-25,19.1,19.54,19.62,18.92,29595.0,星期三,0.0058,0.023
1999-08-24,19.4,18.99,20.05,18.84,19693.0,星期二,0.0021,-0.0211
1999-08-23,18.9,19.36,19.44,18.9,14432.0,星期一,0.0011,0.0243
1999-08-20,18.85,18.88,19.34,18.68,9334.0,星期五,0.0011,0.0016
1999-08-19,18.31,18.83,18.97,18.31,8935.0,星期四,-0.0076,0.0284
1999-08-18,18.3,18.45,18.55,18.1,8095.0,星期三,-0.0076,0.0082
1999-08-17,18.1,18.44,18.68,18.1,3640.0,星期二,-0.0098,0.0188
1999-08-16,18.26,18.28,18.4,17.79,4148.0,星期一,-0.0011,0.0011
1999-08-13,18.25,18.28,18.55,18.01,4941.0,星期五,-0.0005,0.0016
1999-08-12,17.86,18.26,18.88,17.81,8631.0,星期四,-0.0017,0.0224
1999-08-11,18.3,17.89,18.3,17.7,7948.0,星期三,0.0055,-0.0224
1999-08-10,18.8,18.2,18.8,17.65,10068.0,星期二,0.007,-0.0319
1999-08-09,19.1,18.67,19.1,18.5,7413.0,星期一,0.0042,-0.0225
1999-08-06,19.5,19.02,19.56,18.25,19115.0,星期五,0.001,-0.0246
1999-08-05,19.24,19.48,20.04,18.6,33325.0,星期四,0.0175,0.0125
1999-08-04,17.58,18.91,18.91,17.55,38328.0,星期三,0.0227,0.0757
1999-08-03,17.0,17.19,17.2,16.8,8246.0,星期二,0.0024,0.0112
1999-08-02,16.95,16.96,17.13,16.56,11824.0,星期一,0.0024,0.0006
1999-07-30,16.9,16.91,17.1,16.62,12213.0,星期五,0.0072,0.0006
1999-07-29,16.62,16.78,17.04,16.43,17477.0,星期四,0.0018,0.0096
1999-07-28,16.15,16.59,16.71,16.0,17570.0,星期三,0.0031,0.0272
1999-07-27,16.15,16.1,16.15,15.7,6426.0,星期二,0.0006,-0.0031
1999-07-26,15.8,16.14,16.22,15.6,11813.0,星期一,0.0006,0.0215
1999-07-23,16.08,15.79,16.08,15.38,10796.0,星期五,0.0229,-0.018
1999-07-22,16.29,15.72,16.5,15.45,7519.0,星期四,0.0006,-0.035
1999-07-21,16.24,16.28,16.49,15.8,12451.0,星期三,0.0,0.0025
1999-07-20,15.3,16.24,16.3,15.1,16235.0,星期二,-0.0084,0.0614
1999-07-19,16.1,15.43,16.1,15.0,7615.0,星期一,0.0069,-0.0416
1999-07-16,16.39,15.99,16.39,15.7,12135.0,星期五,0.0012,-0.0244
1999-07-15,16.5,16.37,16.7,16.0,5523.0,星期四,0.0,-0.0079
1999-07-14,16.38,16.5,16.9,16.11,7859.0,星期三,-0.0018,0.0073
1999-07-13,16.48,16.41,16.48,15.5,10512.0,星期二,-0.0018,-0.0042
1999-07-12,16.95,16.51,17.04,16.08,8448.0,星期一,0.0012,-0.026
1999-07-09,17.32,16.93,17.42,16.58,9626.0,星期五,0.0006,-0.0225
1999-07-08,16.99,17.31,17.48,16.98,20512.0,星期四,0.0053,0.0188
1999-07-07,16.2,16.9,16.9,16.15,14118.0,星期三,0.0019,0.0432
1999-07-06,16.93,16.17,16.93,15.65,11485.0,星期二,0.0024,-0.0449
1999-07-05,16.35,16.89,17.3,16.28,29977.0,星期一,0.0055,0.033
1999-07-02,15.0,16.26,16.29,14.8,17887.0,星期五,-0.0007,0.084
1999-07-01,15.69,15.01,15.69,14.41,12315.0,星期四,0.0,-0.0433
1999-06-30,15.92,15.69,15.96,15.15,16079.0,星期三,0.0,-0.0144
1999-06-29,15.84,15.92,16.0,15.5,18679.0,星期二,0.0,0.0051
1999-06-28,16.0,15.84,16.0,15.4,15224.0,星期一,0.0,-0.01
1999-06-25,16.2,16.0,16.96,15.1,13624.0,星期五,0.0068,-0.0123
1999-06-24,16.5,16.09,16.52,15.9,21938.0,星期四,0.0012,-0.0248
1999-06-23,16.5,16.48,16.7,16.15,20533.0,星期三,0.0006,-0.0012
1999-06-22,15.85,16.49,16.5,15.5,20160.0,星期二,0.0032,0.0404
1999-06-21,15.5,15.8,15.98,15.08,10095.0,星期一,0.0,0.0194
1999-06-18,15.2,15.5,15.64,14.95,11669.0,星期五,-0.0026,0.0197
1999-06-17,15.43,15.24,15.5,14.85,12456.0,星期四,0.0013,-0.0123
1999-06-16,15.22,15.41,15.8,15.0,12886.0,星期三,0.002,0.0125
1999-06-15,16.2,15.19,16.2,14.9,9725.0,星期二,-0.0031,-0.0623
1999-06-14,15.83,16.25,16.38,15.37,17693.0,星期一,0.0,0.0265
1999-06-11,15.62,15.83,16.04,15.15,14807.0,星期五,-0.0006,0.0134
1999-06-10,14.9,15.63,15.77,14.85,16276.0,星期四,0.0068,0.049
1999-06-09,14.76,14.8,14.85,14.45,5261.0,星期三,0.0,0.0027
1999-06-08,14.8,14.76,14.93,14.45,7742.0,星期二,-0.002,-0.0027
1999-06-07,15.05,14.83,15.1,14.44,8144.0,星期一,0.0007,-0.0146
1999-06-04,15.02,15.04,15.08,14.7,7979.0,星期五,0.0013,0.0013
1999-06-03,15.15,15.0,15.15,14.75,11771.0,星期四,0.0,-0.0099
1999-06-02,15.0,15.15,15.37,14.78,18057.0,星期三,0.0033,0.01
1999-06-01,14.39,14.95,14.95,13.95,19001.0,星期二,0.0014,0.0389
1999-05-31,14.23,14.37,14.75,13.7,22698.0,星期一,0.0,0.0098
1999-05-28,13.25,14.23,14.5,13.0,21324.0,星期五,0.0,0.074
1999-05-27,13.25,13.25,13.6,12.95,12910.0,星期四,0.0008,0.0
1999-05-26,13.31,13.24,13.31,13.0,7826.0,星期三,-0.0067,-0.0053
1999-05-25,13.45,13.4,13.45,12.98,14108.0,星期二,0.0,-0.0037
1999-05-24,13.8,13.45,13.8,12.98,8155.0,星期一,0.026,-0.0254
1999-05-21,13.88,13.45,13.95,12.9,3707.0,星期五,-0.3955,-0.031
1999-05-20,22.44,22.96,22.98,21.5,9218.0,星期四,-0.0004,0.0232
1999-05-19,22.3,22.45,22.8,22.16,3016.0,星期三,-0.0111,0.0067
1999-05-18,22.06,22.55,22.58,22.02,2750.0,星期二,-0.0045,0.0222
1999-05-17,22.16,22.16,22.17,21.81,2367.0,星期一,0.0,0.0
1999-05-14,22.1,22.16,22.6,21.7,3909.0,星期五,-0.0018,0.0027
1999-05-13,22.4,22.14,22.4,21.61,2237.0,星期四,0.014,-0.0116
1999-05-12,22.0,22.09,22.4,21.5,3447.0,星期三,-0.0009,0.0041
1999-05-11,20.92,22.02,22.18,20.9,5019.0,星期二,0.0005,0.0526
1999-05-10,20.8,20.91,20.96,20.27,6280.0,星期一,0.0,0.0053
1999-05-07,20.6,20.8,20.81,20.48,4083.0,星期五,0.001,0.0097
1999-05-06,20.57,20.58,20.7,20.45,1840.0,星期四,0.0,0.0005
1999-05-05,20.6,20.57,20.7,20.2,1356.0,星期三,0.0005,-0.0015
1999-05-04,20.24,20.59,20.78,20.2,3627.0,星期二,-0.0054,0.0173
1999-04-30,19.93,20.35,20.35,19.58,4656.0,星期五,0.0,0.0211
1999-04-29,19.85,19.93,20.0,19.53,3071.0,星期四,0.0,0.004
1999-04-28,19.84,19.85,20.0,19.51,3483.0,星期三,0.003,0.0005
1999-04-27,20.01,19.78,20.01,19.34,3236.0,星期二,0.0091,-0.0115
1999-04-26,20.01,19.83,20.2,19.55,2285.0,星期一,0.0005,-0.009
1999-04-23,19.89,20.0,20.1,19.6,3663.0,星期五,0.0,0.0055
1999-04-22,19.88,19.89,19.98,19.18,4913.0,星期四,0.0,0.0005
1999-04-21,19.65,19.88,20.3,19.58,3851.0,星期三,0.0103,0.0117
1999-04-20,19.45,19.45,19.58,19.3,2113.0,星期二,-0.0005,0.0
1999-04-19,19.65,19.46,19.8,19.1,2313.0,星期一,0.0015,-0.0097
1999-04-16,19.45,19.62,19.8,19.45,3706.0,星期五,-0.0005,0.0087
1999-04-15,19.28,19.46,19.51,19.0,3762.0,星期四,-0.001,0.0093
1999-04-14,18.13,19.3,19.38,18.0,17483.0,星期三,-0.0022,0.0645
1999-04-13,18.21,18.17,18.21,17.7,2384.0,星期二,0.0,-0.0022
1999-04-12,18.11,18.21,18.28,17.6,1570.0,星期一,0.0,0.0055
1999-04-09,18.28,18.11,18.28,17.64,1334.0,星期五,0.0072,-0.0093
1999-04-08,17.82,18.15,18.16,17.82,5435.0,星期四,0.0006,0.0185
1999-04-07,17.7,17.81,17.82,17.5,4145.0,星期三,0.0017,0.0062
1999-04-06,17.43,17.67,17.72,17.39,4702.0,星期二,0.0,0.0138
1999-04-05,17.5,17.43,17.65,17.3,6075.0,星期一,-0.004,-0.004
1999-04-02,17.85,17.57,17.88,17.36,3320.0,星期五,0.0136,-0.0157
1999-04-01,17.83,17.61,17.95,17.59,1952.0,星期四,0.0079,-0.0123
1999-03-31,17.99,17.69,18.06,17.66,1790.0,星期三,0.0028,-0.0167
1999-03-30,17.85,17.94,18.12,17.6,3192.0,星期二,0.009,0.005
1999-03-29,17.86,17.69,18.0,17.4,2837.0,星期一,0.0051,-0.0095
1999-03-26,17.6,17.77,18.2,17.25,5077.0,星期五,-0.0157,0.0097
1999-03-25,18.0,17.88,18.7,17.41,10734.0,星期四,-0.041,-0.0067
1999-03-24,18.4,18.77,18.79,18.39,4058.0,星期三,0.0016,0.0201
1999-03-23,18.5,18.37,18.69,18.09,2403.0,星期二,-0.0022,-0.007
1999-03-22,18.1,18.54,18.6,17.92,5382.0,星期一,0.0169,0.0243
1999-03-19,17.0,17.8,17.84,17.0,3898.0,星期五,0.0006,0.0471
1999-03-18,17.0,16.99,17.4,16.9,3955.0,星期四,-0.0116,-0.0006
1999-03-17,17.5,17.2,17.58,17.11,2527.0,星期三,0.0,-0.0171
1999-03-16,16.8,17.5,17.56,16.8,7610.0,星期二,-0.0053,0.0417
1999-03-15,16.58,16.89,17.45,16.56,7664.0,星期一,0.0,0.0187
1999-03-12,16.98,16.58,17.1,16.58,9475.0,星期五,-0.0012,-0.0236
1999-03-11,16.8,17.0,17.12,16.78,4000.0,星期四,0.0012,0.0119
1999-03-10,16.7,16.78,16.96,16.7,2976.0,星期三,0.0006,0.0048
1999-03-09,17.0,16.69,17.03,16.53,7376.0,星期二,0.0018,-0.0182
1999-03-08,15.9,16.97,16.99,15.9,8031.0,星期一,0.0032,0.0673
1999-03-05,15.6,15.85,16.05,15.31,9232.0,星期五,-0.0057,0.016
1999-03-04,15.85,15.69,15.92,15.55,4638.0,星期四,0.0006,-0.0101
1999-03-03,15.6,15.84,15.89,15.01,11186.0,星期三,0.0045,0.0154
1999-03-02,14.92,15.53,15.8,14.92,10333.0,星期二,0.0,0.0409
1999-03-01,14.15,14.92,14.96,14.1,5560.0,星期一,-0.0077,0.0544
1999-02-09,14.22,14.26,14.38,14.01,2961.0,星期二,0.0021,0.0028
1999-02-08,14.0,14.19,14.28,13.81,6465.0,星期一,-0.0345,0.0136
1999-02-05,14.65,14.5,14.98,13.7,18870.0,星期五,0.0048,-0.0102
1999-02-04,14.43,14.58,14.6,14.2,4712.0,星期四,-0.0021,0.0104
1999-02-03,14.85,14.46,14.9,14.45,5392.0,星期三,-0.0013,-0.0263
1999-02-02,14.8,14.87,15.0,14.6,9816.0,星期二,0.0075,0.0047
1999-02-01,14.44,14.69,14.92,14.21,9325.0,星期一,0.007,0.0173
1999-01-29,14.2,14.34,14.52,14.03,6046.0,星期五,0.0035,0.0099
1999-01-28,14.25,14.15,14.58,14.13,8145.0,星期四,0.0007,-0.007
1999-01-27,13.8,14.24,14.3,13.8,6565.0,星期三,0.0,0.0319
1999-01-26,13.45,13.8,14.19,13.45,11505.0,星期二,0.0037,0.026
1999-01-25,13.59,13.4,13.78,13.36,3171.0,星期一,0.0,-0.014
1999-01-22,13.86,13.59,13.86,13.5,2166.0,星期五,0.0022,-0.0195
1999-01-21,13.55,13.83,13.9,13.55,2392.0,星期四,-0.0015,0.0207
1999-01-20,13.6,13.57,13.81,13.55,3500.0,星期三,-0.0029,-0.0022
1999-01-19,13.75,13.64,13.83,13.3,6474.0,星期二,0.014,-0.008
1999-01-18,13.15,13.56,13.9,13.15,13780.0,星期一,0.0015,0.0312
1999-01-15,13.0,13.13,13.35,13.0,3161.0,星期五,0.0,0.01
1999-01-14,12.9,13.0,13.08,12.85,2332.0,星期四,-0.0008,0.0078
1999-01-13,12.51,12.91,13.06,12.51,3333.0,星期三,-0.0157,0.032
1999-01-12,12.84,12.71,12.89,12.5,1340.0,星期二,0.011,-0.0101
1999-01-11,12.49,12.7,12.77,12.4,1138.0,星期一,0.004,0.0168
1999-01-08,12.18,12.44,12.45,12.06,1085.0,星期五,0.0083,0.0213
1999-01-07,12.05,12.08,12.13,11.91,730.0,星期四,0.0042,0.0025
1999-01-06,12.14,12.0,12.14,11.88,680.0,星期三,0.0159,-0.0115
1999-01-05,12.14,11.95,12.19,11.5,1013.0,星期二,0.0,-0.0157
1999-01-04,12.1,12.14,12.32,12.1,902.0,星期一,-0.0234,0.0033
1998-12-31,12.5,12.39,12.53,11.5,1003.0,星期四,0.004,-0.0088
1998-12-30,12.5,12.45,12.78,12.3,1945.0,星期三,0.0081,-0.004
1998-12-29,12.58,12.4,12.65,12.33,1092.0,星期二,-0.0016,-0.0143
1998-12-28,12.11,12.6,13.08,12.11,310.0,星期一,-0.0487,0.0405
1998-12-25,12.8,12.73,12.85,12.7,860.0,星期五,0.0047,-0.0055
1998-12-24,12.7,12.74,12.88,12.68,639.0,星期四,-0.0024,0.0031
1998-12-23,12.91,12.73,12.94,12.72,828.0,星期三,0.0008,-0.0139
1998-12-22,12.68,12.9,13.0,12.68,1530.0,星期二,-0.0016,0.0174
1998-12-21,12.65,12.7,12.8,12.5,732.0,星期一,0.012,0.004
1998-12-18,12.4,12.5,12.58,12.35,1012.0,星期五,-0.0064,0.0081
1998-12-17,12.71,12.48,12.84,12.33,890.0,星期四,-0.0124,-0.0181
1998-12-16,12.88,12.87,13.05,12.8,1754.0,星期三,0.0023,-0.0008
1998-12-15,12.6,12.85,12.9,12.56,1747.0,星期二,-0.0032,0.0198
1998-12-14,12.75,12.64,12.75,12.48,733.0,星期一,0.0016,-0.0086
1998-12-11,12.2,12.73,12.78,12.17,1245.0,星期五,-0.0401,0.0434
1998-12-10,12.68,12.71,13.0,12.65,3875.0,星期四,0.004,0.0024
1998-12-09,12.63,12.63,12.65,12.53,456.0,星期三,0.0024,0.0
1998-12-08,12.35,12.6,12.62,12.35,1421.0,星期二,-0.0016,0.0202
1998-12-07,12.7,12.37,12.7,12.2,1147.0,星期一,0.0217,-0.026
1998-12-04,12.48,12.43,12.58,12.26,1110.0,星期五,0.0081,-0.004
1998-12-03,12.6,12.38,12.61,12.35,878.0,星期四,0.008,-0.0175
1998-12-02,12.35,12.5,12.5,12.15,2694.0,星期三,-0.0024,0.0121
1998-12-01,12.8,12.38,12.94,12.35,2545.0,星期二,-0.0078,-0.0328
1998-11-30,12.86,12.9,13.08,12.78,3972.0,星期一,0.0039,0.0031
1998-11-27,13.4,12.81,13.54,12.8,5480.0,星期五,0.0007,-0.044
1998-11-26,13.4,13.39,13.68,13.3,4479.0,星期四,-0.0037,-0.0007
1998-11-25,13.69,13.45,13.7,13.45,3605.0,星期三,0.0,-0.0175
1998-11-24,13.8,13.69,13.82,13.58,2892.0,星期二,0.0044,-0.008
1998-11-23,13.5,13.74,13.79,13.5,4620.0,星期一,0.0,0.0178
1998-11-20,13.35,13.5,13.65,13.35,2735.0,星期五,-0.003,0.0112
1998-11-19,13.35,13.39,13.48,13.3,1478.0,星期四,-0.0037,0.003
1998-11-18,13.5,13.4,13.58,13.31,2010.0,星期三,0.0,-0.0074
1998-11-17,13.29,13.5,13.62,13.2,3200.0,星期二,0.0076,0.0158
1998-11-16,13.26,13.19,13.5,13.15,5106.0,星期一,-0.0015,-0.0053
1998-11-13,13.38,13.28,13.54,13.15,3118.0,星期五,0.0,-0.0075
1998-11-12,13.55,13.38,13.79,13.26,5665.0,星期四,0.0,-0.0125
1998-11-11,13.68,13.55,13.7,13.52,4199.0,星期三,-0.0022,-0.0095
1998-11-10,13.79,13.71,13.98,13.61,3998.0,星期二,-0.0014,-0.0058
1998-11-09,13.7,13.81,13.92,13.61,3720.0,星期一,0.0074,0.008
1998-11-06,13.81,13.6,13.84,13.54,6628.0,星期五,0.008,-0.0152
1998-11-05,13.43,13.7,13.88,13.37,8153.0,星期四,0.0037,0.0201
1998-11-04,13.3,13.38,13.7,13.3,2989.0,星期三,0.0,0.006
1998-11-03,13.35,13.3,13.47,13.1,3054.0,星期二,0.0038,-0.0037
1998-11-02,13.38,13.3,13.65,13.0,5776.0,星期一,0.009,-0.006
1998-10-30,13.02,13.26,13.4,13.02,6752.0,星期五,-0.0031,0.0184
1998-10-29,13.3,13.06,13.3,13.0,3700.0,星期四,-0.0023,-0.018
1998-10-28,13.11,13.33,13.5,12.88,7747.0,星期三,0.0046,0.0168
1998-10-27,12.7,13.05,13.25,11.8,12514.0,星期二,0.004,0.0276
1998-10-26,12.09,12.65,12.65,12.09,4768.0,星期一,-0.0066,0.0463
1998-10-23,12.15,12.17,12.36,11.9,2616.0,星期五,-0.0008,0.0016
1998-10-22,11.99,12.16,12.28,11.85,3286.0,星期四,-0.0033,0.0142
1998-10-21,12.4,12.03,12.58,12.0,3423.0,星期三,-0.0159,-0.0298
1998-10-20,12.59,12.6,12.75,12.51,3338.0,星期二,0.0008,0.0008
1998-10-19,12.5,12.58,12.8,12.46,3026.0,星期一,0.0048,0.0064
1998-10-16,12.45,12.44,12.86,12.4,3436.0,星期五,0.0122,-0.0008
1998-10-15,12.3,12.3,12.38,12.2,3864.0,星期四,0.0008,0.0
1998-10-14,12.4,12.29,12.51,12.29,3406.0,星期三,-0.0024,-0.0089
1998-10-13,12.38,12.43,12.68,12.38,2797.0,星期二,-0.0096,0.004
1998-10-12,12.5,12.5,12.58,12.18,3226.0,星期一,0.0154,0.0
1998-10-09,12.47,12.31,12.47,12.28,2326.0,星期五,0.0056,-0.0128
1998-10-08,12.01,12.4,12.45,11.6,4694.0,星期四,0.0008,0.0325
1998-10-07,11.87,12.0,12.09,11.85,1747.0,星期三,-0.0025,0.011
1998-10-06,12.2,11.9,12.33,11.9,1530.0,星期二,0.0,-0.0246
1998-10-05,12.01,12.2,12.25,11.92,2054.0,星期一,-0.0017,0.0158
1998-09-30,11.88,12.03,12.05,11.8,2624.0,星期三,0.0008,0.0126
1998-09-29,11.88,11.87,12.18,11.8,3072.0,星期二,-0.0092,-0.0008
1998-09-28,12.2,11.99,12.48,11.9,4968.0,星期一,0.0041,-0.0172
1998-09-25,12.0,12.15,12.57,11.86,6754.0,星期五,-0.0066,0.0125
1998-09-24,12.11,12.08,12.15,11.73,7076.0,星期四,0.0134,-0.0025
1998-09-23,11.28,11.95,12.15,11.28,10531.0,星期三,-0.0449,0.0594
1998-09-22,11.1,11.81,11.88,10.94,17335.0,星期二,0.0027,0.064
1998-09-21,10.81,11.07,11.11,10.65,2374.0,星期一,0.0009,0.0241
1998-09-18,10.89,10.8,11.0,10.71,2890.0,星期五,-0.0055,-0.0083
1998-09-17,11.31,10.95,11.4,10.92,5417.0,星期四,0.0,-0.0318
1998-09-16,11.2,11.31,11.35,11.0,4287.0,星期三,-0.0071,0.0098
1998-09-15,11.62,11.28,11.63,11.2,4136.0,星期二,0.0,-0.0293
1998-09-14,11.35,11.62,11.67,11.25,4883.0,星期一,0.0044,0.0238
1998-09-11,11.4,11.3,11.59,11.2,3318.0,星期五,0.0018,-0.0088
1998-09-10,11.3,11.38,11.6,11.15,6547.0,星期四,0.0098,0.0071
1998-09-09,10.9,11.19,11.2,10.8,3445.0,星期三,-0.0046,0.0266
1998-09-08,11.1,10.95,11.44,10.85,4464.0,星期二,0.0,-0.0135
1998-09-07,10.6,11.1,11.1,10.6,4044.0,星期一,0.0009,0.0472
1998-09-04,10.38,10.59,10.72,10.21,3476.0,星期五,0.0058,0.0202
1998-09-03,10.12,10.32,10.46,10.12,3293.0,星期四,0.0,0.0198
1998-09-02,10.2,10.12,10.4,10.05,2526.0,星期三,-0.0068,-0.0078
1998-09-01,10.59,10.27,10.59,10.25,4164.0,星期二,-0.013,-0.0302
1998-08-31,10.8,10.73,10.8,9.91,5102.0,星期一,-0.0191,-0.0065
1998-08-28,10.6,11.01,11.1,10.6,1428.0,星期五,-0.0194,0.0387
1998-08-27,11.0,10.81,11.0,10.81,1453.0,星期四,-0.0143,-0.0173
1998-08-26,11.4,11.16,11.48,11.15,2899.0,星期三,-0.0087,-0.0211
1998-08-25,10.71,11.5,11.5,10.59,3542.0,星期二,-0.012,0.0738
1998-08-24,11.0,10.84,11.1,10.11,3992.0,星期一,-0.0099,-0.0145
1998-08-21,10.5,11.11,11.18,10.5,3180.0,星期五,-0.015,0.0581
1998-08-20,10.38,10.66,10.7,10.02,4272.0,星期四,0.0147,0.027
1998-08-19,9.7,10.23,10.43,9.6,2337.0,星期三,0.0221,0.0546
1998-08-18,9.36,9.49,9.98,9.31,1868.0,星期二,-0.0199,0.0139
1998-08-17,10.45,9.55,10.45,9.55,3035.0,星期一,-0.0142,-0.0861
1998-08-14,11.1,10.6,11.1,10.1,2138.0,星期五,-0.0072,-0.045
1998-08-13,11.01,11.18,11.3,10.98,1874.0,星期四,0.0009,0.0154
1998-08-12,11.25,11.0,11.35,10.81,2644.0,星期三,0.0054,-0.0222
1998-08-11,11.65,11.19,11.8,11.02,1538.0,星期二,0.0009,-0.0395
1998-08-10,12.01,11.64,12.01,11.33,1892.0,星期一,-0.0115,-0.0308
1998-08-07,12.35,12.15,12.48,12.1,1673.0,星期五,-0.0024,-0.0162
1998-08-06,12.73,12.38,12.78,12.35,1494.0,星期四,0.0,-0.0275
1998-08-05,12.35,12.73,12.78,12.35,1723.0,星期三,-0.0056,0.0308
1998-08-04,12.8,12.42,12.81,12.33,3655.0,星期二,-0.0078,-0.0297
1998-08-03,13.3,12.9,13.3,12.88,3036.0,星期一,-0.0015,-0.0301
1998-07-31,13.33,13.32,13.4,13.28,1251.0,星期五,0.0008,-0.0008
1998-07-30,13.3,13.32,13.5,13.3,1556.0,星期四,-0.0148,0.0015
1998-07-29,13.48,13.5,13.75,13.3,1452.0,星期三,-0.0015,0.0015
1998-07-28,13.8,13.5,13.8,13.35,2711.0,星期二,0.0,-0.0217
1998-07-27,13.5,13.8,13.8,13.13,4646.0,星期一,-0.0044,0.0222
1998-07-24,13.8,13.56,13.82,13.42,4596.0,星期五,0.0015,-0.0174
1998-07-23,13.72,13.78,13.95,13.6,2049.0,星期四,-0.0022,0.0044
1998-07-22,13.95,13.75,13.95,13.43,2295.0,星期三,0.0058,-0.0143
1998-07-21,13.68,13.87,13.9,13.6,4546.0,星期二,0.0051,0.0139
1998-07-20,13.3,13.61,13.7,13.19,3232.0,星期一,-0.0037,0.0233
1998-07-17,13.36,13.35,13.74,13.21,3281.0,星期五,-0.0074,-0.0007
1998-07-16,13.96,13.46,13.96,13.4,3036.0,星期四,0.0065,-0.0358
1998-07-15,14.0,13.87,14.0,13.72,2475.0,星期三,0.0029,-0.0093
1998-07-14,14.39,13.96,14.4,13.94,7021.0,星期二,0.0091,-0.0299
1998-07-13,14.08,14.26,14.26,13.81,10080.0,星期一,0.01,0.0128
1998-07-10,13.58,13.94,13.98,13.42,5503.0,星期五,0.003,0.0265
1998-07-09,13.58,13.54,13.68,13.41,1327.0,星期四,0.0007,-0.0029
1998-07-08,13.4,13.57,13.7,13.19,1919.0,星期三,0.0037,0.0127
1998-07-07,12.88,13.35,13.38,12.88,1355.0,星期二,-0.0168,0.0365
1998-07-06,13.8,13.1,13.8,13.01,2128.0,星期一,0.0185,-0.0507
1998-07-03,13.6,13.55,13.75,13.4,2320.0,星期五,0.0,-0.0037
1998-07-02,13.5,13.6,13.7,13.0,3412.0,星期四,-0.0088,0.0074
1998-07-01,14.26,13.62,14.26,13.59,2432.0,星期三,0.0274,-0.0449
1998-06-30,13.9,13.88,13.92,13.65,2094.0,星期二,0.0065,-0.0014
1998-06-29,14.3,13.81,14.4,13.61,2192.0,星期一,0.0288,-0.0343
1998-06-26,13.85,13.9,13.95,13.75,2299.0,星期五,0.0022,0.0036
1998-06-25,14.15,13.82,14.27,13.8,3162.0,星期四,0.0,-0.0233
1998-06-24,14.15,14.15,14.38,14.07,3002.0,星期三,0.0,0.0
1998-06-23,14.5,14.15,14.55,14.06,4051.0,星期二,-0.0014,-0.0241
1998-06-22,14.27,14.52,14.6,14.24,4551.0,星期一,0.0049,0.0175
1998-06-19,14.05,14.2,14.22,13.91,3495.0,星期五,0.0029,0.0107
1998-06-18,13.83,14.01,14.15,13.83,2450.0,星期四,-0.0072,0.013
1998-06-17,14.0,13.93,14.16,13.8,4839.0,星期三,0.0116,-0.005
1998-06-16,13.32,13.84,13.85,13.3,4032.0,星期二,-0.0075,0.039
1998-06-15,13.95,13.42,13.95,13.3,4273.0,星期一,0.016,-0.038
1998-06-12,13.42,13.73,13.8,13.4,4497.0,星期五,0.0098,0.0231
1998-06-11,13.6,13.29,13.65,13.25,3917.0,星期四,-0.0044,-0.0228
1998-06-10,13.75,13.66,13.88,13.4,4671.0,星期三,-0.0015,-0.0065
1998-06-09,14.1,13.77,14.29,13.51,7336.0,星期二,-0.0042,-0.0234
1998-06-08,14.02,14.16,14.6,14.02,4749.0,星期一,-0.0036,0.01
1998-06-05,14.25,14.07,14.38,13.85,7488.0,星期五,-0.0021,-0.0126
1998-06-04,14.5,14.28,14.68,14.2,6845.0,星期四,-0.0028,-0.0152
1998-06-03,14.6,14.54,14.9,14.48,14280.0,星期三,0.0,-0.0041
1998-06-02,14.0,14.6,14.67,13.75,12905.0,星期二,0.0094,0.0429
1998-06-01,13.3,13.87,14.05,13.28,15738.0,星期一,0.0045,0.0429
1998-05-29,13.38,13.24,13.58,13.11,6880.0,星期五,0.0045,-0.0105
1998-05-28,13.52,13.32,13.52,13.22,5014.0,星期四,-0.0044,-0.0148
1998-05-27,13.7,13.58,13.89,13.5,7580.0,星期三,0.0,-0.0088
1998-05-26,13.48,13.7,13.79,13.18,12313.0,星期二,0.0135,0.0163
1998-05-25,13.01,13.3,13.5,12.88,12576.0,星期一,-0.0076,0.0223
1998-05-22,13.25,13.11,13.38,13.06,4684.0,星期五,0.0053,-0.0106
1998-05-21,13.32,13.18,13.48,12.28,6258.0,星期四,0.0068,-0.0105
1998-05-20,13.05,13.23,13.5,12.68,6618.0,星期三,0.0046,0.0138
1998-05-19,13.05,12.99,13.33,12.81,4443.0,星期二,-0.0068,-0.0046
1998-05-18,13.35,13.14,13.35,12.95,6134.0,星期一,-0.0037,-0.0157
1998-05-14,13.45,13.4,13.89,13.3,10404.0,星期四,0.0259,-0.0037
1998-05-13,13.2,13.11,13.5,13.01,5754.0,星期三,0.0046,-0.0068
1998-05-12,13.5,13.14,13.8,13.0,5961.0,星期二,0.0105,-0.0267
1998-05-11,13.41,13.36,14.0,13.3,15602.0,星期一,0.0083,-0.0037
1998-05-08,13.1,13.3,13.3,12.83,9834.0,星期五,0.0,0.0153
1998-05-07,13.1,13.1,13.55,13.06,7392.0,星期四,-0.0158,0.0
1998-05-06,13.58,13.31,13.68,13.22,10523.0,星期三,-0.0015,-0.0199
1998-05-05,13.6,13.6,13.88,13.52,9578.0,星期二,-0.0138,0.0
1998-05-04,14.15,13.79,14.15,13.6,20349.0,星期一,0.0254,-0.0254
1998-04-30,13.13,13.8,13.8,13.1,14711.0,星期四,0.0031,0.051
1998-04-29,13.11,13.09,13.25,13.0,10815.0,星期三,-0.003,-0.0015
1998-04-28,12.8,13.15,13.5,12.73,18969.0,星期二,0.0087,0.0273
1998-04-27,12.9,12.69,13.3,12.51,11337.0,星期一,0.0016,-0.0163
1998-04-24,12.75,12.88,13.0,12.7,10682.0,星期五,-0.0101,0.0102
1998-04-23,12.71,12.88,13.0,12.38,18931.0,星期四,0.0127,0.0134
1998-04-22,11.92,12.55,12.68,11.85,19442.0,星期三,0.0034,0.0529
1998-04-21,11.6,11.88,12.0,11.58,7771.0,星期二,0.0069,0.0241
1998-04-20,11.4,11.52,11.6,11.18,5015.0,星期一,-0.0172,0.0105
1998-04-17,11.9,11.6,11.9,11.5,4214.0,星期五,-0.0058,-0.0252
1998-04-16,11.7,11.97,12.2,11.61,8606.0,星期四,-0.0017,0.0231
1998-04-15,12.8,11.72,12.8,11.6,10126.0,星期三,0.0561,-0.0844
1998-04-14,12.2,12.12,12.34,12.05,3675.0,星期二,-0.0049,-0.0066
1998-04-13,12.05,12.26,12.4,12.0,7387.0,星期一,0.0,0.0174
1998-04-10,12.0,12.05,12.2,11.93,5673.0,星期五,-0.0033,0.0042
1998-04-09,12.08,12.04,12.45,11.92,9282.0,星期四,0.0033,-0.0033
1998-04-08,12.3,12.04,12.36,11.91,7710.0,星期三,0.0065,-0.0211
1998-04-07,12.15,12.22,12.38,12.12,6116.0,星期二,-0.0041,0.0058
1998-04-06,11.81,12.2,12.4,11.8,9837.0,星期一,0.0051,0.033
1998-04-03,11.6,11.75,11.82,11.5,4835.0,星期五,-0.0102,0.0129
1998-04-02,11.4,11.72,11.92,11.39,6476.0,星期四,0.0,0.0281
1998-04-01,11.41,11.4,11.65,11.25,4211.0,星期三,-0.0009,-0.0009
1998-03-31,11.28,11.42,11.5,11.01,4329.0,星期二,0.0144,0.0124
1998-03-30,10.9,11.12,11.23,10.7,4716.0,星期一,-0.0064,0.0202
1998-03-27,10.7,10.97,11.0,10.7,2713.0,星期五,-0.0037,0.0252
1998-03-26,10.78,10.74,10.9,10.69,1311.0,星期四,-0.0065,-0.0037
1998-03-25,10.75,10.85,11.03,10.7,2401.0,星期三,0.0037,0.0093
1998-03-24,10.72,10.71,10.75,10.56,1362.0,星期二,0.0,-0.0009
1998-03-23,10.73,10.72,10.81,10.6,1522.0,星期一,0.0,-0.0009
1998-03-20,10.65,10.73,10.8,10.61,1579.0,星期五,-0.013,0.0075
1998-03-19,11.0,10.79,11.09,10.78,2086.0,星期四,0.0018,-0.0191
1998-03-18,11.0,10.98,11.17,10.9,2682.0,星期三,0.0,-0.0018
1998-03-17,10.5,11.0,11.0,10.5,2582.0,星期二,-0.0205,0.0476
1998-03-16,10.78,10.72,10.78,10.52,2161.0,星期一,0.0084,-0.0056
1998-03-13,10.35,10.69,10.7,10.28,3943.0,星期五,-0.0029,0.0329
1998-03-12,10.73,10.38,10.9,10.3,4133.0,星期四,-0.0129,-0.0326
1998-03-11,10.8,10.87,11.09,10.7,2041.0,星期三,-0.0009,0.0065
1998-03-10,10.9,10.81,10.92,10.7,2244.0,星期二,0.0,-0.0083
1998-03-09,11.15,10.9,11.2,10.74,3502.0,星期一,0.0036,-0.0224
1998-03-06,11.19,11.11,11.39,11.07,2255.0,星期五,0.0,-0.0071
1998-03-05,11.59,11.19,11.6,11.15,3369.0,星期四,0.0078,-0.0345
1998-03-04,11.35,11.5,11.61,11.35,1519.0,星期三,-0.0216,0.0132
1998-03-03,11.21,11.6,11.6,11.21,1814.0,星期二,-0.0167,0.0348
1998-03-02,11.99,11.4,12.1,11.4,4201.0,星期一,-0.0091,-0.0492
1998-02-27,11.65,12.1,12.2,11.65,6166.0,星期五,-0.0068,0.0386
1998-02-26,11.51,11.73,11.8,11.5,1291.0,星期四,-0.0043,0.0191
1998-02-25,11.98,11.56,11.98,11.5,2231.0,星期三,0.0161,-0.0351
1998-02-24,11.55,11.79,11.84,11.5,1785.0,星期二,0.0009,0.0208
1998-02-23,11.8,11.54,11.8,11.43,3908.0,星期一,0.0034,-0.022
1998-02-20,12.0,11.76,12.05,11.75,4416.0,星期五,0.0042,-0.02
1998-02-19,12.14,11.95,12.26,11.95,2708.0,星期四,0.0075,-0.0157
1998-02-18,12.19,12.05,12.3,12.01,2856.0,星期三,0.0,-0.0115
1998-02-17,12.1,12.19,12.28,12.0,3598.0,星期二,-0.0041,0.0074
1998-02-16,12.35,12.15,12.35,12.1,4302.0,星期一,-0.0032,-0.0162
1998-02-13,12.45,12.39,12.5,12.3,3336.0,星期五,-0.0111,-0.0048
1998-02-12,12.7,12.59,12.75,12.41,3373.0,星期四,0.0,-0.0087
1998-02-11,12.5,12.7,12.75,12.5,3839.0,星期三,-0.0032,0.016
1998-02-10,12.54,12.54,12.75,12.2,4592.0,星期二,0.0,0.0
1998-02-09,12.88,12.54,12.88,12.0,5812.0,星期一,0.0321,-0.0264
1998-01-23,12.35,12.48,12.49,11.96,5495.0,星期五,0.0165,0.0105
1998-01-22,12.2,12.15,12.4,12.05,2589.0,星期四,0.0083,-0.0041
1998-01-21,12.45,12.1,12.45,12.1,2950.0,星期三,0.004,-0.0281
1998-01-20,12.19,12.4,12.95,11.9,3697.0,星期二,0.0008,0.0172
1998-01-19,12.4,12.18,12.48,12.09,3573.0,星期一,-0.0064,-0.0177
1998-01-16,12.5,12.48,12.95,12.45,8320.0,星期五,0.0097,-0.0016
1998-01-15,12.2,12.38,12.58,12.2,4963.0,星期四,0.0008,0.0148
1998-01-14,11.88,12.19,12.5,11.88,6159.0,星期三,-0.0034,0.0261
1998-01-13,12.5,11.92,12.58,11.5,13646.0,星期二,-0.0219,-0.0464
1998-01-12,13.52,12.78,13.58,12.75,13674.0,星期一,0.0204,-0.0547
1998-01-09,12.55,13.25,13.38,12.5,19400.0,星期五,0.0162,0.0558
1998-01-08,12.7,12.35,12.85,12.3,10706.0,星期四,-0.0016,-0.0276
1998-01-07,12.68,12.72,12.9,12.6,7228.0,星期三,-0.0008,0.0032
1998-01-06,12.75,12.69,12.9,12.52,10758.0,星期二,0.0016,-0.0047
1998-01-05,12.88,12.73,13.16,12.68,19270.0,星期一,0.0206,-0.0116
1997-12-31,12.2,12.62,12.65,12.11,20250.0,星期三,0.0,0.0344
1997-12-30,11.6,12.2,12.2,11.6,15388.0,星期二,-0.0077,0.0517
1997-12-29,12.0,11.69,12.25,11.56,16608.0,星期一,0.0093,-0.0258
1997-12-26,11.48,11.89,11.98,11.45,16295.0,星期五,0.0044,0.0357
1997-12-25,11.1,11.43,11.67,10.97,8731.0,星期四,0.0009,0.0297
1997-12-24,11.3,11.09,11.3,11.0,3261.0,星期三,0.0125,-0.0186
1997-12-23,11.02,11.16,11.29,10.9,4552.0,星期二,-0.0018,0.0127
1997-12-22,11.2,11.04,11.2,10.72,5558.0,星期一,0.0182,-0.0143
1997-12-19,11.0,11.0,11.2,10.98,3761.0,星期五,-0.0045,0.0
1997-12-18,11.1,11.05,11.31,11.0,3050.0,星期四,-0.0072,-0.0045
1997-12-17,11.58,11.18,11.6,11.18,3741.0,星期三,-0.0086,-0.0345
1997-12-16,11.7,11.68,11.71,11.49,3367.0,星期二,0.0104,-0.0017
1997-12-15,11.45,11.58,11.6,11.15,4198.0,星期一,0.0079,0.0114
1997-12-12,11.97,11.36,11.97,11.31,19165.0,星期五,0.0463,-0.051
1997-12-11,11.1,11.44,11.48,10.9,7548.0,星期四,-0.0018,0.0306
1997-12-10,11.4,11.12,11.5,11.1,2621.0,星期三,0.0009,-0.0246
1997-12-09,11.09,11.39,11.42,10.98,3894.0,星期二,0.0073,0.0271
1997-12-08,11.09,11.01,11.1,10.81,1726.0,星期一,0.0193,-0.0072
1997-12-05,11.0,10.88,11.18,10.7,2556.0,星期五,0.0046,-0.0109
1997-12-04,10.58,10.95,11.1,10.57,2201.0,星期四,0.0,0.035
1997-12-03,10.28,10.58,10.89,10.28,1515.0,星期三,-0.0551,0.0292
1997-12-02,11.1,10.88,11.1,10.82,791.0,星期二,0.0165,-0.0198
1997-12-01,11.1,10.92,11.13,10.8,697.0,星期一,-0.0036,-0.0162
1997-11-28,10.6,11.14,11.3,10.59,1857.0,星期五,-0.0093,0.0509
1997-11-27,11.05,10.7,11.08,10.7,1873.0,星期四,-0.0125,-0.0317
1997-11-26,10.93,11.19,11.2,10.85,1994.0,星期三,0.0018,0.0238
1997-11-25,10.9,10.91,11.2,10.84,1102.0,星期二,-0.0055,0.0009
1997-11-24,10.8,10.96,11.2,10.8,2603.0,星期一,-0.0164,0.0148
1997-11-21,11.22,10.98,11.32,10.98,2787.0,星期五,-0.0115,-0.0214
1997-11-20,11.6,11.35,11.79,11.2,2689.0,星期四,-0.0085,-0.0216
1997-11-19,11.25,11.7,11.98,11.25,4613.0,星期三,-0.0426,0.04
1997-11-18,11.3,11.75,11.78,11.25,4991.0,星期二,-0.0199,0.0398
1997-11-17,11.36,11.53,11.58,11.1,3573.0,星期一,0.0125,0.015
1997-11-14,11.4,11.22,11.45,11.1,2344.0,星期五,-0.0009,-0.0158
1997-11-13,11.05,11.41,11.5,10.8,4301.0,星期四,-0.0204,0.0326
1997-11-12,11.65,11.28,11.7,11.27,3418.0,星期三,0.0043,-0.0318
1997-11-11,11.8,11.6,11.85,11.45,4237.0,星期二,0.0,-0.0169
1997-11-10,12.21,11.8,12.5,11.62,8555.0,星期一,0.0074,-0.0336
1997-11-07,12.01,12.12,12.34,11.81,10131.0,星期五,0.0161,0.0092
1997-11-06,11.95,11.82,12.35,11.81,19106.0,星期四,0.0084,-0.0109
1997-11-05,11.69,11.85,11.98,11.51,8729.0,星期三,-0.0009,0.0137
1997-11-04,11.4,11.7,11.77,11.21,7791.0,星期二,-0.0035,0.0263
1997-11-03,11.3,11.44,11.6,11.08,4586.0,星期一,-0.0009,0.0124
1997-10-31,11.0,11.31,11.45,10.75,5884.0,星期五,-0.0214,0.0282
1997-10-30,11.62,11.24,11.92,11.2,10202.0,星期四,0.0104,-0.0327
1997-10-29,10.9,11.5,11.5,10.81,7877.0,星期三,-0.0215,0.055
1997-10-28,11.65,11.14,11.7,10.98,9087.0,星期二,-0.0026,-0.0438
1997-10-27,12.0,11.68,12.35,11.56,19586.0,星期一,0.0144,-0.0267
1997-10-24,10.8,11.83,11.85,10.75,22687.0,星期五,-0.0164,0.0954
1997-10-23,10.57,10.98,10.98,10.41,6369.0,星期四,-0.0028,0.0388
1997-10-22,11.16,10.6,11.16,10.45,8673.0,星期三,0.0145,-0.0502
1997-10-21,11.08,11.0,11.2,10.9,6082.0,星期二,0.0073,-0.0072
1997-10-20,10.99,11.0,11.19,10.7,7723.0,星期一,0.0185,0.0009
1997-10-17,10.69,10.79,10.97,10.4,4567.0,星期五,0.0181,0.0094
1997-10-16,10.05,10.5,10.6,10.0,4370.0,星期四,-0.005,0.0448
1997-10-15,9.92,10.1,10.3,9.85,1038.0,星期三,0.0,0.0181
1997-10-14,10.01,9.92,10.05,9.81,1052.0,星期二,-0.006,-0.009
1997-10-13,10.3,10.07,10.3,10.04,1167.0,星期一,0.0019,-0.0223
1997-10-10,10.26,10.28,10.33,10.11,1480.0,星期五,0.0069,0.0019
1997-10-09,10.26,10.19,10.4,10.12,1615.0,星期四,0.0,-0.0068
1997-10-08,10.25,10.26,10.28,9.9,2637.0,星期三,0.0343,0.001
1997-10-07,9.7,9.91,9.91,9.6,1032.0,星期二,-0.0142,0.0216
1997-10-06,9.7,9.84,9.92,9.7,1189.0,星期一,0.0021,0.0144
1997-09-30,9.54,9.68,9.76,9.48,1643.0,星期二,0.0053,0.0147
1997-09-29,9.99,9.49,9.99,9.32,1533.0,星期一,0.004,-0.0501
1997-09-26,10.15,9.95,10.2,9.8,2089.0,星期五,0.01,-0.0197
1997-09-25,10.27,10.05,10.27,9.9,3013.0,星期四,0.027,-0.0214
1997-09-24,9.53,10.0,10.0,9.53,3724.0,星期三,0.0138,0.0493
1997-09-23,10.2,9.4,10.2,9.3,5471.0,星期二,-0.0049,-0.0784
1997-09-22,10.9,10.25,10.95,10.24,2246.0,星期一,0.0,-0.0596
1997-09-19,10.3,10.9,11.1,10.23,1121.0,星期五,-0.0463,0.0583
1997-09-18,10.78,10.8,10.95,10.7,954.0,星期四,0.0056,0.0019
1997-09-17,10.92,10.72,10.95,10.15,1221.0,星期三,0.0018,-0.0183
1997-09-16,10.88,10.9,10.95,10.71,2975.0,星期二,0.0074,0.0018
1997-09-15,11.28,10.8,11.28,10.8,2148.0,星期一,0.0236,-0.0426
1997-09-12,11.2,11.02,11.3,10.89,2863.0,星期五,0.0,-0.0161
1997-09-11,11.6,11.2,11.62,11.0,5074.0,星期四,0.0087,-0.0345
1997-09-10,11.4,11.5,11.69,11.3,3948.0,星期三,-0.0018,0.0088
1997-09-09,11.7,11.42,11.95,11.42,4243.0,星期二,0.0017,-0.0239
1997-09-08,11.8,11.68,11.9,11.6,3701.0,星期一,-0.0076,-0.0102
1997-09-05,12.08,11.89,12.08,11.7,4701.0,星期五,0.0,-0.0157
1997-09-04,11.8,12.08,12.16,11.8,11439.0,星期四,0.0043,0.0237
1997-09-03,11.15,11.75,11.8,11.11,13249.0,星期三,0.0,0.0538
1997-09-02,11.35,11.15,11.35,11.08,3646.0,星期二,0.0134,-0.0176
1997-09-01,11.05,11.2,11.3,10.82,7789.0,星期一,0.0166,0.0136
1997-08-29,11.05,10.87,11.18,10.85,5811.0,星期五,0.0,-0.0163
1997-08-28,11.2,11.05,11.4,10.85,7161.0,星期四,-0.0097,-0.0134
1997-08-27,11.15,11.31,11.5,11.12,6185.0,星期三,-0.0045,0.0143
1997-08-26,11.98,11.2,11.98,10.83,9253.0,星期二,0.0639,-0.0651
1997-08-25,11.1,11.26,11.5,11.0,11880.0,星期一,0.0146,0.0144
1997-08-22,10.9,10.94,11.3,10.79,7340.0,星期五,-0.0027,0.0037
1997-08-21,10.4,10.93,11.0,10.08,6910.0,星期四,0.0127,0.051
1997-08-20,10.4,10.27,10.52,10.2,2158.0,星期三,0.0107,-0.0125
1997-08-19,10.18,10.29,10.45,10.0,3185.0,星期二,0.0,0.0108
1997-08-18,10.0,10.18,10.8,10.0,6399.0,星期一,-0.0741,0.018
1997-08-15,10.99,10.8,11.05,10.41,7208.0,星期五,0.0129,-0.0173
1997-08-14,10.0,10.85,10.94,10.0,11042.0,星期四,-0.0109,0.085
1997-08-13,11.13,10.11,11.3,10.01,6672.0,星期三,0.0036,-0.0916
1997-08-12,10.99,11.09,11.3,10.8,8823.0,星期二,-0.0143,0.0091
1997-08-11,12.02,11.15,12.36,11.15,18451.0,星期一,-0.0306,-0.0724
1997-08-08,13.47,12.4,13.47,12.35,20044.0,星期五,0.0128,-0.0794
1997-08-07,12.8,13.3,13.38,12.7,10489.0,星期四,-0.0214,0.0391
1997-08-06,13.9,13.08,13.9,12.99,27509.0,星期三,-0.0043,-0.059
1997-08-05,13.5,13.96,14.15,13.25,21782.0,星期二,0.0258,0.0341
1997-08-04,13.2,13.16,13.2,12.6,15229.0,星期一,0.0138,-0.003
1997-08-01,13.38,13.02,13.45,12.86,21436.0,星期五,-0.0015,-0.0269
1997-07-31,13.5,13.4,13.75,13.31,10221.0,星期四,-0.011,-0.0074
1997-07-30,13.3,13.65,13.69,12.88,12017.0,星期三,0.0223,0.0263
1997-07-29,13.2,13.01,13.94,12.38,15348.0,星期二,-0.0315,-0.0144
1997-07-28,14.99,13.63,14.99,13.63,19411.0,星期一,-0.0138,-0.0907
1997-07-25,15.6,15.2,16.05,14.95,29678.0,星期五,-0.012,-0.0256
1997-07-24,15.83,15.79,16.16,15.29,16832.0,星期四,-0.0406,-0.0025
1997-07-23,16.6,16.5,16.8,15.0,21650.0,星期三,0.0,-0.006
1997-07-22,15.9,16.6,16.6,15.45,22864.0,星期二,0.0,0.044
1997-07-21,14.8,15.9,15.94,14.61,37385.0,星期一,0.0151,0.0743
1997-07-18,14.2,14.58,14.6,14.02,10383.0,星期五,-0.0028,0.0268
1997-07-17,14.16,14.24,14.6,13.98,12751.0,星期四,0.0078,0.0056
1997-07-16,14.2,14.05,14.75,14.01,11884.0,星期三,0.0,-0.0106
1997-07-15,14.81,14.2,14.81,13.8,16195.0,星期二,0.0095,-0.0412
1997-07-14,14.68,14.67,14.94,14.2,37948.0,星期一,-0.0134,-0.0007
1997-07-11,13.88,14.88,14.88,13.7,62783.0,星期五,-0.0086,0.072
1997-07-10,13.61,14.0,14.6,13.61,27953.0,星期四,-0.0361,0.0287
1997-07-09,13.5,14.12,14.31,13.5,19959.0,星期三,0.0097,0.0459
1997-07-08,12.8,13.37,13.58,12.8,6190.0,星期二,-0.0441,0.0445
1997-07-07,13.8,13.39,13.8,13.06,14277.0,星期一,0.0207,-0.0297
1997-07-04,12.8,13.52,13.56,12.7,10171.0,星期五,-0.0154,0.0562
1997-07-03,13.8,13.0,13.8,12.67,24156.0,星期四,-0.0199,-0.058
1997-07-02,15.29,14.08,15.77,14.08,12268.0,星期三,-0.0199,-0.0791
1997-06-27,16.0,15.6,16.4,15.4,25071.0,星期五,-0.0419,-0.025
1997-06-26,16.0,16.7,16.95,15.11,66713.0,星期四,-0.0321,0.0437
1997-06-25,14.0,16.53,17.6,13.9,165579.0,星期三,,0.1807
