time,open,close,high,low,vol,day,open-percent,close-percent
2026-06-26,4.08,3.99,4.09,3.98,211541.0,星期五,0.0025,-0.0221
2026-06-25,4.15,4.07,4.17,4.05,163520.0,星期四,-0.0072,-0.0193
2026-06-24,4.21,4.18,4.25,4.13,166769.0,星期三,0.0072,-0.0071
2026-06-23,4.14,4.18,4.26,4.12,172977.0,星期二,-0.0024,0.0097
2026-06-22,4.12,4.15,4.16,3.88,235361.0,星期一,0.0,0.0073
2026-06-18,4.21,4.12,4.22,4.11,137851.0,星期四,0.0024,-0.0214
2026-06-17,4.27,4.2,4.31,4.18,172593.0,星期三,-0.0093,-0.0164
2026-06-16,4.41,4.31,4.41,4.3,223449.0,星期二,-0.0536,-0.0227
2026-06-15,4.62,4.66,4.66,4.61,277346.0,星期一,0.0,0.0087
2026-06-12,4.55,4.62,4.64,4.53,272819.0,星期五,0.0,0.0154
2026-06-11,4.54,4.55,4.57,4.48,188142.0,星期四,-0.0022,0.0022
2026-06-10,4.45,4.55,4.57,4.43,218198.0,星期三,-0.0022,0.0225
2026-06-09,4.4,4.46,4.5,4.37,236230.0,星期二,0.0092,0.0136
2026-06-08,4.49,4.36,4.49,4.29,235660.0,星期一,0.0067,-0.029
2026-06-05,4.47,4.46,4.52,4.45,121811.0,星期五,0.0022,-0.0022
2026-06-04,4.54,4.46,4.57,4.45,118747.0,星期四,-0.0022,-0.0176
2026-06-03,4.59,4.55,4.59,4.49,176157.0,星期三,0.0022,-0.0087
2026-06-02,4.62,4.58,4.65,4.57,182238.0,星期二,-0.0022,-0.0087
2026-06-01,4.53,4.63,4.65,4.51,207424.0,星期一,0.0,0.0221
2026-05-29,4.5,4.53,4.57,4.49,168834.0,星期五,0.0022,0.0067
2026-05-28,4.51,4.49,4.55,4.44,153268.0,星期四,0.0,-0.0044
2026-05-27,4.6,4.51,4.61,4.47,216491.0,星期三,0.0,-0.0196
2026-05-26,4.59,4.6,4.61,4.54,159776.0,星期二,0.0,0.0022
2026-05-25,4.63,4.59,4.65,4.57,181475.0,星期一,0.0022,-0.0086
2026-05-22,4.67,4.62,4.69,4.59,188062.0,星期五,0.0043,-0.0107
2026-05-21,4.74,4.65,4.78,4.63,231488.0,星期四,0.0064,-0.019
2026-05-20,4.79,4.71,4.79,4.7,192360.0,星期三,-0.0021,-0.0167
2026-05-19,4.72,4.8,4.81,4.71,159252.0,星期二,0.0,0.0169
2026-05-18,4.75,4.72,4.77,4.7,225277.0,星期一,-0.0042,-0.0063
2026-05-15,4.8,4.77,4.82,4.74,269533.0,星期五,0.0,-0.0063
2026-05-14,4.88,4.8,4.89,4.78,264531.0,星期四,0.0,-0.0164
2026-05-13,4.88,4.88,4.91,4.86,211606.0,星期三,-0.0041,0.0
2026-05-12,4.89,4.9,4.91,4.83,339161.0,星期二,0.0,0.002
2026-05-11,4.89,4.89,4.91,4.84,349591.0,星期一,0.0041,0.0
2026-05-08,4.86,4.87,4.88,4.84,220130.0,星期五,0.0041,0.0021
2026-05-07,4.92,4.84,4.95,4.82,335936.0,星期四,0.0061,-0.0163
2026-05-06,4.89,4.89,4.93,4.81,463798.0,星期三,-0.0161,0.0
2026-04-30,5.03,4.97,5.13,4.97,328745.0,星期四,0.01,-0.0119
2026-04-29,4.91,4.98,5.0,4.91,277467.0,星期三,-0.0041,0.0143
2026-04-28,4.95,4.93,4.99,4.88,358610.0,星期二,0.0,-0.004
2026-04-27,5.1,4.95,5.11,4.85,803400.0,星期一,-0.0211,-0.0294
2026-04-24,5.37,5.21,5.41,5.14,532334.0,星期五,-0.0074,-0.0298
2026-04-23,5.36,5.41,5.5,5.33,556330.0,星期四,0.021,0.0093
2026-04-22,5.25,5.25,5.28,5.19,204195.0,星期三,-0.0019,0.0
2026-04-21,5.17,5.26,5.29,5.17,261110.0,星期二,0.0,0.0174
2026-04-20,5.15,5.17,5.2,5.11,205321.0,星期一,0.0019,0.0039
2026-04-17,5.23,5.14,5.27,5.12,251965.0,星期五,-0.0057,-0.0172
2026-04-16,5.24,5.26,5.28,5.2,199130.0,星期四,0.0019,0.0038
2026-04-15,5.18,5.23,5.26,5.15,297657.0,星期三,0.0078,0.0097
2026-04-14,5.17,5.14,5.18,5.08,241931.0,星期二,0.0078,-0.0058
2026-04-13,5.26,5.13,5.27,5.1,370469.0,星期一,-0.0094,-0.0247
2026-04-10,5.34,5.31,5.36,5.28,210974.0,星期五,0.0056,-0.0056
2026-04-09,5.34,5.31,5.45,5.29,314335.0,星期四,-0.0056,-0.0056
2026-04-08,5.31,5.37,5.43,5.27,318924.0,星期三,0.0114,0.0113
2026-04-07,5.17,5.25,5.31,5.15,221143.0,星期二,0.0,0.0155
2026-04-03,5.29,5.17,5.31,5.12,255323.0,星期五,-0.0056,-0.0227
2026-04-02,5.35,5.32,5.39,5.29,254434.0,星期四,-0.0056,-0.0056
2026-04-01,5.28,5.38,5.4,5.25,306143.0,星期三,0.0096,0.0189
2026-03-31,5.35,5.23,5.41,5.2,334507.0,星期二,-0.0074,-0.0224
2026-03-30,5.22,5.39,5.4,5.18,489377.0,星期一,0.0,0.0326
2026-03-27,5.01,5.22,5.25,5.0,324840.0,星期五,-0.0099,0.0419
2026-03-26,5.06,5.06,5.18,5.03,318914.0,星期四,0.004,0.0
2026-03-25,4.92,5.04,5.09,4.9,281256.0,星期三,0.0041,0.0244
2026-03-24,4.91,4.9,4.94,4.79,324362.0,星期二,0.0187,-0.002
2026-03-23,5.05,4.82,5.06,4.78,411175.0,星期一,-0.0117,-0.0455
2026-03-20,5.27,5.11,5.31,5.11,339214.0,星期五,0.0038,-0.0304
2026-03-19,5.39,5.25,5.49,5.23,360652.0,星期四,-0.0037,-0.026
2026-03-18,5.46,5.41,5.48,5.37,254083.0,星期三,0.0037,-0.0092
2026-03-17,5.52,5.44,5.58,5.44,279287.0,星期二,-0.0018,-0.0145
2026-03-16,5.64,5.53,5.7,5.48,477454.0,星期一,0.0018,-0.0195
2026-03-13,5.61,5.63,5.72,5.59,521167.0,星期五,0.0,0.0036
2026-03-12,5.49,5.61,5.74,5.45,796352.0,星期四,0.0055,0.0219
2026-03-11,5.45,5.46,5.48,5.34,396338.0,星期三,0.0018,0.0018
2026-03-10,5.46,5.44,5.51,5.39,309892.0,星期二,0.0018,-0.0037
2026-03-09,5.52,5.45,5.58,5.38,468065.0,星期一,-0.0072,-0.0127
2026-03-06,5.35,5.56,5.58,5.33,393021.0,星期五,0.0,0.0393
2026-03-05,5.41,5.35,5.43,5.33,237215.0,星期四,0.015,-0.0111
2026-03-04,5.36,5.33,5.45,5.3,320987.0,星期三,-0.0111,-0.0056
2026-03-03,5.63,5.42,5.65,5.39,469801.0,星期二,0.0018,-0.0373
2026-03-02,5.49,5.62,5.66,5.45,538315.0,星期一,-0.0126,0.0237
2026-02-27,5.53,5.56,5.59,5.49,264668.0,星期五,-0.0018,0.0054
2026-02-26,5.58,5.54,5.62,5.5,336557.0,星期四,0.009,-0.0072
2026-02-25,5.52,5.53,5.66,5.5,400902.0,星期三,0.0055,0.0018
2026-02-24,5.41,5.49,5.51,5.4,307881.0,星期二,0.0093,0.0148
2026-02-13,5.46,5.36,5.49,5.35,278752.0,星期五,0.0,-0.0183
2026-02-12,5.46,5.46,5.51,5.42,292182.0,星期四,-0.0018,0.0
2026-02-11,5.45,5.47,5.55,5.43,346134.0,星期三,0.0018,0.0037
2026-02-10,5.49,5.44,5.52,5.43,314497.0,星期二,0.0,-0.0091
2026-02-09,5.53,5.49,5.54,5.45,355422.0,星期一,0.0055,-0.0072
2026-02-06,5.42,5.5,5.63,5.4,463653.0,星期五,-0.0037,0.0148
2026-02-05,5.5,5.44,5.54,5.42,309614.0,星期四,-0.0036,-0.0109
2026-02-04,5.46,5.52,5.52,5.41,321950.0,星期三,-0.0036,0.011
2026-02-03,5.43,5.48,5.48,5.41,342099.0,星期二,0.0074,0.0092
2026-02-02,5.54,5.39,5.58,5.38,595508.0,星期一,-0.0107,-0.0271
2026-01-30,5.55,5.6,5.7,5.5,478551.0,星期五,-0.0125,0.009
2026-01-29,5.74,5.62,5.77,5.59,708496.0,星期四,-0.012,-0.0209
2026-01-28,5.75,5.81,6.0,5.68,770179.0,星期三,-0.0086,0.0104
2026-01-27,5.99,5.8,6.01,5.7,909077.0,星期二,0.0187,-0.0317
2026-01-26,5.82,5.88,6.08,5.7,1585185.0,星期一,0.0301,0.0103
2026-01-23,5.51,5.65,5.65,5.43,787282.0,星期五,0.0018,0.0254
2026-01-22,5.47,5.5,5.53,5.39,739311.0,星期四,0.013,0.0055
2026-01-21,5.55,5.4,5.55,5.37,1139506.0,星期三,-0.0177,-0.027
2026-01-20,5.51,5.65,5.72,5.5,949715.0,星期二,-0.009,0.0254
2026-01-19,5.38,5.56,5.59,5.33,893147.0,星期一,-0.011,0.0335
2026-01-16,5.36,5.44,5.65,5.32,1156781.0,星期五,-0.0019,0.0149
2026-01-15,5.5,5.37,5.55,5.29,1453803.0,星期四,0.0092,-0.0236
2026-01-14,4.97,5.45,5.45,4.93,1723731.0,星期三,0.004,0.0966
2026-01-13,4.9,4.95,5.03,4.87,556696.0,星期二,0.0,0.0102
2026-01-12,4.87,4.9,4.93,4.84,339979.0,星期一,-0.0041,0.0062
2026-01-09,4.86,4.89,4.89,4.83,264349.0,星期五,-0.0021,0.0062
2026-01-08,4.86,4.87,4.89,4.84,166087.0,星期四,0.0,0.0021
2026-01-07,4.87,4.86,4.91,4.84,203236.0,星期三,-0.0041,-0.0021
2026-01-06,4.82,4.89,4.9,4.8,251525.0,星期二,0.0021,0.0145
2026-01-05,4.78,4.81,4.83,4.78,217939.0,星期一,0.0,0.0063
2025-12-31,4.81,4.78,4.82,4.76,161551.0,星期三,0.0,-0.0062
2025-12-30,4.83,4.81,4.83,4.74,192724.0,星期二,0.0021,-0.0041
2025-12-29,4.91,4.82,4.91,4.81,213472.0,星期一,0.0061,-0.0183
2025-12-26,4.86,4.88,4.9,4.85,179303.0,星期五,-0.0021,0.0041
2025-12-25,4.87,4.87,4.91,4.86,143696.0,星期四,0.0,0.0
2025-12-24,4.84,4.87,4.89,4.81,175393.0,星期三,0.0021,0.0062
2025-12-23,4.85,4.83,4.88,4.81,189951.0,星期二,-0.0021,-0.0041
2025-12-22,4.91,4.86,4.94,4.86,206667.0,星期一,-0.002,-0.0102
2025-12-19,4.81,4.92,4.93,4.78,283695.0,星期五,0.0021,0.0229
2025-12-18,4.7,4.8,4.82,4.69,223205.0,星期四,0.0,0.0213
2025-12-17,4.66,4.7,4.73,4.63,181309.0,星期三,-0.0021,0.0086
2025-12-16,4.73,4.67,4.73,4.64,175864.0,星期二,0.0021,-0.0127
2025-12-15,4.66,4.72,4.73,4.66,147093.0,星期一,-0.0021,0.0129
2025-12-12,4.7,4.67,4.73,4.67,193685.0,星期五,0.0,-0.0064
2025-12-11,4.74,4.7,4.76,4.69,186600.0,星期四,0.0,-0.0084
2025-12-10,4.77,4.74,4.79,4.7,225458.0,星期三,-0.0042,-0.0063
2025-12-09,4.84,4.79,4.86,4.78,206403.0,星期二,-0.0041,-0.0103
2025-12-08,4.89,4.86,4.93,4.84,267167.0,星期一,0.0062,-0.0061
2025-12-05,4.81,4.86,4.89,4.76,242363.0,星期五,-0.0021,0.0104
2025-12-04,4.85,4.82,4.86,4.8,210687.0,星期四,0.0,-0.0062
2025-12-03,4.85,4.85,4.88,4.82,179232.0,星期三,0.0,0.0
2025-12-02,4.83,4.85,4.87,4.78,215717.0,星期二,0.0021,0.0041
2025-12-01,4.79,4.82,4.85,4.78,221109.0,星期一,0.0,0.0063
2025-11-28,4.78,4.79,4.8,4.72,209170.0,星期五,0.0,0.0021
2025-11-27,4.79,4.78,4.83,4.77,208024.0,星期四,0.0,-0.0021
2025-11-26,4.79,4.79,4.88,4.78,257024.0,星期三,-0.0021,0.0
2025-11-25,4.81,4.8,4.84,4.77,230048.0,星期二,0.0042,-0.0021
2025-11-24,4.77,4.79,4.83,4.75,272715.0,星期一,0.0063,0.0042
2025-11-21,4.95,4.74,4.99,4.72,462674.0,星期五,-0.004,-0.0424
2025-11-20,5.05,4.97,5.09,4.95,288025.0,星期四,0.0,-0.0158
2025-11-19,5.05,5.05,5.12,5.01,257270.0,星期三,-0.0039,0.0
2025-11-18,5.15,5.07,5.19,5.03,376535.0,星期二,-0.0058,-0.0155
2025-11-17,5.21,5.18,5.28,5.12,436224.0,星期一,0.0039,-0.0058
2025-11-14,5.22,5.19,5.37,5.18,431905.0,星期五,-0.0038,-0.0057
2025-11-13,5.13,5.24,5.24,5.1,477927.0,星期四,0.0,0.0214
2025-11-12,5.13,5.13,5.14,5.07,310932.0,星期三,-0.0019,0.0
2025-11-11,5.05,5.14,5.15,5.03,378811.0,星期二,0.0,0.0178
2025-11-10,5.04,5.05,5.1,5.02,338026.0,星期一,-0.002,0.002
2025-11-07,4.95,5.05,5.1,4.92,467123.0,星期五,0.0,0.0202
2025-11-06,4.93,4.95,4.96,4.91,220743.0,星期四,0.0041,0.0041
2025-11-05,4.86,4.91,4.94,4.85,254901.0,星期三,-0.0061,0.0103
2025-11-04,4.97,4.89,4.98,4.86,330779.0,星期二,-0.002,-0.0161
2025-11-03,4.89,4.98,5.0,4.86,466251.0,星期一,0.0,0.0184
2025-10-31,4.94,4.89,4.95,4.86,410700.0,星期五,0.0,-0.0101
2025-10-30,4.94,4.94,4.98,4.89,505194.0,星期四,-0.002,0.0
2025-10-29,5.0,4.95,5.02,4.91,466458.0,星期三,0.0204,-0.01
2025-10-28,4.89,4.9,4.9,4.82,373491.0,星期二,0.0,0.002
2025-10-27,4.93,4.89,4.95,4.88,427130.0,星期一,0.0,-0.0081
2025-10-24,5.03,4.93,5.05,4.92,422446.0,星期五,0.01,-0.0199
2025-10-23,5.03,4.98,5.08,4.92,637935.0,星期四,-0.0098,-0.0099
2025-10-22,4.94,5.08,5.18,4.92,1212166.0,星期三,0.0061,0.0283
2025-10-21,4.96,4.91,4.98,4.88,776908.0,星期二,0.0081,-0.0101
2025-10-20,5.1,4.92,5.15,4.91,1970621.0,星期一,0.018,-0.0353
2025-10-17,4.84,5.01,5.01,4.76,1562217.0,星期五,0.0637,0.0351
2025-10-16,4.57,4.55,4.59,4.52,144791.0,星期四,0.0,-0.0044
2025-10-15,4.54,4.57,4.58,4.54,207149.0,星期三,0.0022,0.0066
2025-10-14,4.57,4.53,4.59,4.51,192758.0,星期二,0.0044,-0.0088
2025-10-13,4.52,4.55,4.57,4.46,236391.0,星期一,-0.0195,0.0066
2025-10-10,4.58,4.61,4.63,4.56,216293.0,星期五,0.0022,0.0066
2025-10-09,4.55,4.57,4.59,4.52,196598.0,星期四,0.0,0.0044
2025-09-30,4.52,4.55,4.57,4.5,122996.0,星期二,-0.0022,0.0066
2025-09-29,4.47,4.53,4.53,4.41,180846.0,星期一,0.0045,0.0134
2025-09-26,4.46,4.45,4.49,4.44,144208.0,星期五,-0.0045,-0.0022
2025-09-25,4.52,4.48,4.54,4.46,162417.0,星期四,-0.0022,-0.0088
2025-09-24,4.46,4.53,4.53,4.44,176724.0,星期三,-0.0022,0.0157
2025-09-23,4.54,4.47,4.54,4.4,286912.0,星期二,0.0,-0.0154
2025-09-22,4.67,4.54,4.67,4.51,268770.0,星期一,-0.0021,-0.0278
2025-09-19,4.64,4.68,4.69,4.61,228111.0,星期五,0.0,0.0086
2025-09-18,4.71,4.64,4.73,4.61,258068.0,星期四,0.0043,-0.0149
2025-09-17,4.7,4.69,4.72,4.65,198067.0,星期三,0.0043,-0.0021
2025-09-16,4.73,4.68,4.74,4.64,229735.0,星期二,-0.0347,-0.0106
2025-09-15,4.94,4.9,4.95,4.89,250832.0,星期一,-0.002,-0.0081
2025-09-12,4.96,4.95,4.98,4.91,345086.0,星期五,0.0,-0.002
2025-09-11,4.94,4.96,4.96,4.89,333284.0,星期四,-0.004,0.004
2025-09-10,4.99,4.96,5.09,4.94,362779.0,星期三,0.0,-0.006
2025-09-09,5.0,4.99,5.02,4.93,273439.0,星期二,0.004,-0.002
2025-09-08,4.88,4.98,4.98,4.86,329711.0,星期一,-0.0061,0.0205
2025-09-05,4.88,4.91,4.91,4.85,279603.0,星期五,-0.002,0.0061
2025-09-04,4.92,4.89,4.94,4.82,301017.0,星期四,0.0,-0.0061
2025-09-03,4.95,4.92,4.98,4.88,230167.0,星期三,-0.002,-0.0061
2025-09-02,5.05,4.96,5.06,4.91,364759.0,星期二,0.006,-0.0178
2025-09-01,4.92,5.02,5.05,4.84,609351.0,星期一,-0.002,0.0203
2025-08-29,4.86,4.93,4.99,4.85,339920.0,星期五,-0.0021,0.0144
2025-08-28,4.85,4.87,4.88,4.77,323398.0,星期四,0.0,0.0041
2025-08-27,4.95,4.85,4.97,4.85,465284.0,星期三,-0.004,-0.0202
2025-08-26,4.95,4.97,4.99,4.92,483064.0,星期二,0.0,0.004
2025-08-25,4.97,4.95,4.99,4.9,584283.0,星期一,0.0102,-0.004
2025-08-22,5.03,4.92,5.05,4.88,927138.0,星期五,-0.0118,-0.0219
2025-08-21,5.1,5.09,5.19,4.95,1624992.0,星期四,0.018,-0.002
2025-08-20,4.76,5.01,5.01,4.76,727720.0,星期三,0.0462,0.0525
2025-08-19,4.53,4.55,4.58,4.52,227080.0,星期二,0.0,0.0044
2025-08-18,4.56,4.53,4.62,4.51,332175.0,星期一,0.0022,-0.0066
2025-08-15,4.43,4.55,4.56,4.42,281828.0,星期五,0.0,0.0271
2025-08-14,4.48,4.43,4.51,4.42,232876.0,星期四,-0.0022,-0.0112
2025-08-13,4.45,4.49,4.51,4.43,248567.0,星期三,0.0,0.009
2025-08-12,4.45,4.45,4.48,4.44,144158.0,星期二,0.0,0.0
2025-08-11,4.45,4.45,4.46,4.4,179796.0,星期一,0.0023,0.0
2025-08-08,4.44,4.44,4.45,4.4,134252.0,星期五,-0.0022,0.0
2025-08-07,4.47,4.45,4.5,4.43,192313.0,星期四,0.0022,-0.0045
2025-08-06,4.42,4.46,4.49,4.39,265995.0,星期三,-0.0023,0.009
2025-08-05,4.41,4.43,4.45,4.4,160976.0,星期二,0.0,0.0045
2025-08-04,4.42,4.41,4.44,4.34,232683.0,星期一,0.0023,-0.0023
2025-08-01,4.37,4.41,4.47,4.37,210297.0,星期五,-0.0023,0.0092
2025-07-31,4.45,4.38,4.46,4.36,208571.0,星期四,0.0,-0.0157
2025-07-30,4.43,4.45,4.5,4.42,197601.0,星期三,-0.0023,0.0045
2025-07-29,4.46,4.44,4.47,4.38,251237.0,星期二,0.0022,-0.0045
2025-07-28,4.45,4.45,4.5,4.4,245488.0,星期一,-0.0045,0.0
2025-07-25,4.5,4.47,4.53,4.46,201567.0,星期五,0.0,-0.0067
2025-07-24,4.47,4.5,4.51,4.45,199827.0,星期四,0.0022,0.0067
2025-07-23,4.52,4.46,4.52,4.45,175402.0,星期三,0.0067,-0.0133
2025-07-22,4.46,4.49,4.49,4.44,170430.0,星期二,-0.0022,0.0067
2025-07-21,4.41,4.47,4.49,4.41,223737.0,星期一,0.0,0.0136
2025-07-18,4.43,4.41,4.44,4.37,136919.0,星期五,0.0,-0.0045
2025-07-17,4.4,4.43,4.45,4.4,134067.0,星期四,-0.0023,0.0068
2025-07-16,4.37,4.41,4.41,4.34,156206.0,星期三,0.0,0.0092
2025-07-15,4.42,4.37,4.43,4.32,206345.0,星期二,-0.0023,-0.0113
2025-07-14,4.37,4.43,4.44,4.35,212372.0,星期一,0.0,0.0137
2025-07-11,4.37,4.37,4.39,4.35,192176.0,星期五,-0.0023,0.0
2025-07-10,4.3,4.38,4.39,4.3,208497.0,星期四,-0.0046,0.0186
2025-07-09,4.32,4.32,4.34,4.29,164371.0,星期三,-0.0023,0.0
2025-07-08,4.26,4.33,4.37,4.25,240396.0,星期二,0.0,0.0164
2025-07-07,4.24,4.26,4.28,4.23,137700.0,星期一,-0.0024,0.0047
2025-07-04,4.26,4.25,4.27,4.23,154328.0,星期五,0.0,-0.0023
2025-07-03,4.22,4.26,4.27,4.21,196080.0,星期四,0.0024,0.0095
2025-07-02,4.19,4.21,4.22,4.18,175931.0,星期三,0.0,0.0048
2025-07-01,4.18,4.19,4.2,4.15,167065.0,星期二,0.0024,0.0024
2025-06-30,4.2,4.17,4.22,4.16,140512.0,星期一,0.0,-0.0071
2025-06-27,4.16,4.2,4.24,4.15,179854.0,星期五,0.0024,0.0096
2025-06-26,4.17,4.15,4.19,4.14,120146.0,星期四,-0.0024,-0.0048
2025-06-25,4.17,4.18,4.19,4.13,156464.0,星期三,0.0024,0.0024
2025-06-24,4.11,4.16,4.17,4.1,125335.0,星期二,0.0024,0.0122
2025-06-23,4.07,4.1,4.12,4.05,128962.0,星期一,-0.0025,0.0074
2025-06-20,4.08,4.08,4.1,4.07,123085.0,星期五,-0.0024,0.0
2025-06-19,4.12,4.09,4.13,4.05,169562.0,星期四,0.0,-0.0073
2025-06-18,4.18,4.12,4.19,4.11,191115.0,星期三,-0.0024,-0.0144
2025-06-17,4.2,4.19,4.25,4.17,156774.0,星期二,0.0048,-0.0024
2025-06-16,4.18,4.18,4.23,4.16,162719.0,星期一,-0.0048,0.0
2025-06-13,4.26,4.2,4.3,4.19,177493.0,星期五,-0.0023,-0.0141
2025-06-12,4.24,4.27,4.28,4.21,163834.0,星期四,-0.0024,0.0071
2025-06-11,4.27,4.25,4.29,4.24,159654.0,星期三,0.0,-0.0047
2025-06-10,4.26,4.27,4.32,4.23,228974.0,星期二,-0.0023,0.0023
2025-06-09,4.2,4.27,4.3,4.2,251994.0,星期一,-0.0047,0.0167
2025-06-06,4.17,4.22,4.24,4.16,159244.0,星期五,0.0,0.012
2025-06-05,4.21,4.17,4.22,4.15,142569.0,星期四,0.0024,-0.0095
2025-06-04,4.19,4.2,4.22,4.17,166260.0,星期三,-0.0048,0.0024
2025-06-03,4.14,4.21,4.21,4.1,224006.0,星期二,0.0,0.0169
2025-05-30,4.11,4.14,4.17,4.11,186011.0,星期五,-0.0024,0.0073
2025-05-29,4.08,4.12,4.14,4.06,168240.0,星期四,-0.0049,0.0098
2025-05-28,4.17,4.1,4.23,4.08,287477.0,星期三,0.0121,-0.0168
2025-05-27,4.03,4.12,4.13,4.02,192675.0,星期二,0.0,0.0223
2025-05-26,4.08,4.03,4.1,4.02,150367.0,星期一,-0.0024,-0.0123
2025-05-23,4.08,4.09,4.13,4.07,149638.0,星期五,0.0,0.0025
2025-05-22,4.15,4.08,4.15,4.08,138329.0,星期四,-0.0024,-0.0169
2025-05-21,4.14,4.16,4.17,4.14,137179.0,星期三,-0.0024,0.0048
2025-05-20,4.14,4.15,4.16,4.12,159032.0,星期二,0.0024,0.0024
2025-05-19,4.09,4.13,4.13,4.09,113823.0,星期一,-0.0024,0.0098
2025-05-16,4.1,4.1,4.11,4.07,111832.0,星期五,-0.0024,0.0
2025-05-15,4.11,4.11,4.13,4.09,130876.0,星期四,0.0,0.0
2025-05-14,4.09,4.11,4.12,4.07,128480.0,星期三,-0.0024,0.0049
2025-05-13,4.09,4.1,4.12,4.06,212563.0,星期二,0.0025,0.0024
2025-05-12,4.12,4.08,4.13,4.05,158614.0,星期一,0.0049,-0.0097
2025-05-09,4.11,4.1,4.13,4.07,137335.0,星期五,0.0,-0.0024
2025-05-08,4.13,4.11,4.14,4.09,163061.0,星期四,-0.0024,-0.0048
2025-05-07,4.12,4.14,4.15,4.09,188225.0,星期三,0.0049,0.0049
2025-05-06,4.06,4.1,4.11,4.05,194354.0,星期二,0.0,0.0099
2025-04-30,4.06,4.06,4.1,4.04,152104.0,星期三,0.0,0.0
2025-04-29,4.02,4.06,4.07,4.01,131607.0,星期二,-0.0025,0.01
2025-04-28,4.1,4.03,4.11,4.01,185156.0,星期一,-0.0024,-0.0171
2025-04-25,4.12,4.11,4.15,4.09,136460.0,星期五,0.0024,-0.0024
2025-04-24,4.09,4.11,4.15,4.08,228233.0,星期四,0.0,0.0049
2025-04-23,4.07,4.09,4.17,4.06,284346.0,星期三,-0.0025,0.0049
2025-04-22,3.95,4.08,4.1,3.95,323471.0,星期二,0.0,0.0329
2025-04-21,3.92,3.95,3.96,3.91,123365.0,星期一,-0.0025,0.0077
2025-04-18,3.95,3.93,3.97,3.91,112393.0,星期五,0.0025,-0.0051
2025-04-17,3.89,3.94,3.96,3.87,153067.0,星期四,-0.0026,0.0129
2025-04-16,3.94,3.9,3.95,3.86,166267.0,星期三,0.0,-0.0102
2025-04-15,3.92,3.94,3.95,3.89,150831.0,星期二,0.0,0.0051
2025-04-14,3.9,3.92,3.96,3.9,204012.0,星期一,0.0026,0.0051
2025-04-11,3.91,3.89,3.94,3.88,201174.0,星期五,-0.0026,-0.0051
2025-04-10,3.93,3.92,3.95,3.88,262342.0,星期四,0.0103,-0.0025
2025-04-09,3.83,3.89,3.91,3.74,333186.0,星期三,-0.0179,0.0157
2025-04-08,3.78,3.9,3.94,3.78,430275.0,星期二,0.0,0.0317
2025-04-07,4.0,3.78,4.05,3.74,640372.0,星期一,-0.0385,-0.055
2025-04-03,4.03,4.16,4.25,4.01,517948.0,星期四,-0.0049,0.0323
2025-04-02,4.06,4.05,4.07,4.03,129047.0,星期三,-0.0025,-0.0025
2025-04-01,3.96,4.07,4.07,3.96,244612.0,星期二,0.0,0.0278
2025-03-31,4.02,3.96,4.03,3.93,185978.0,星期一,-0.0025,-0.0149
2025-03-28,4.06,4.03,4.08,4.0,183561.0,星期五,0.0,-0.0074
2025-03-27,4.03,4.06,4.08,4.01,210542.0,星期四,-0.0049,0.0074
2025-03-26,4.02,4.05,4.07,4.01,272166.0,星期三,-0.0074,0.0075
2025-03-25,3.94,4.05,4.18,3.92,473606.0,星期二,0.0025,0.0279
2025-03-24,3.95,3.93,3.96,3.88,209896.0,星期一,0.0,-0.0051
2025-03-21,3.98,3.95,4.0,3.93,191147.0,星期五,0.0,-0.0075
2025-03-20,3.96,3.98,3.99,3.96,147340.0,星期四,-0.0025,0.0051
2025-03-19,3.98,3.97,3.98,3.95,129044.0,星期三,0.0,-0.0025
2025-03-18,4.01,3.98,4.02,3.96,244152.0,星期二,0.0,-0.0075
2025-03-17,4.03,4.01,4.04,4.0,207451.0,星期一,0.0,-0.005
2025-03-14,3.98,4.03,4.05,3.93,392049.0,星期五,0.0025,0.0126
2025-03-13,3.95,3.97,3.98,3.93,234596.0,星期四,0.0,0.0051
2025-03-12,3.97,3.95,3.99,3.92,188084.0,星期三,0.0025,-0.005
2025-03-11,3.88,3.96,3.96,3.86,296781.0,星期二,-0.0077,0.0206
2025-03-10,3.85,3.91,3.92,3.85,217886.0,星期一,0.0,0.0156
2025-03-07,3.85,3.85,3.9,3.84,169619.0,星期五,-0.0026,0.0
2025-03-06,3.84,3.86,3.87,3.82,145991.0,星期四,0.0,0.0052
2025-03-05,3.86,3.84,3.87,3.8,172822.0,星期三,0.0,-0.0052
2025-03-04,3.85,3.86,3.87,3.82,142483.0,星期二,-0.0026,0.0026
2025-03-03,3.86,3.86,3.9,3.85,174709.0,星期一,0.0026,0.0
2025-02-28,3.89,3.85,3.92,3.84,228278.0,星期五,-0.0026,-0.0103
2025-02-27,3.91,3.9,3.93,3.85,236161.0,星期四,0.0,-0.0026
2025-02-26,3.85,3.91,3.92,3.85,252769.0,星期三,0.0,0.0156
2025-02-25,3.87,3.85,3.88,3.84,166405.0,星期二,-0.0026,-0.0052
2025-02-24,3.87,3.88,3.91,3.86,201218.0,星期一,0.0,0.0026
2025-02-21,3.9,3.87,3.92,3.85,223094.0,星期五,0.0,-0.0077
2025-02-20,3.9,3.9,3.94,3.88,211386.0,星期四,-0.0026,0.0
2025-02-19,3.92,3.91,3.92,3.87,177133.0,星期三,0.0026,-0.0026
2025-02-18,3.96,3.91,3.97,3.9,268836.0,星期二,0.0,-0.0126
2025-02-17,3.96,3.96,4.03,3.95,348712.0,星期一,0.0025,0.0
2025-02-14,3.92,3.95,3.96,3.91,273622.0,星期五,-0.0051,0.0077
2025-02-13,3.95,3.94,3.98,3.93,275557.0,星期四,0.0,-0.0025
2025-02-12,3.95,3.95,3.97,3.91,178757.0,星期三,0.0,0.0
2025-02-11,3.96,3.95,3.97,3.88,312998.0,星期二,0.0051,-0.0025
2025-02-10,3.94,3.94,3.97,3.92,338832.0,星期一,0.0025,0.0
2025-02-07,3.88,3.93,3.95,3.86,335964.0,星期五,-0.0026,0.0129
2025-02-06,3.86,3.89,3.9,3.81,241729.0,星期四,0.0,0.0078
2025-02-05,3.9,3.86,3.9,3.83,207260.0,星期三,0.013,-0.0103
2025-01-27,3.85,3.85,3.92,3.85,337109.0,星期一,0.0026,0.0
2025-01-24,3.8,3.84,3.84,3.76,265597.0,星期五,0.0026,0.0105
2025-01-23,3.85,3.79,3.88,3.78,379403.0,星期四,0.0052,-0.0156
2025-01-22,3.88,3.83,3.88,3.81,293171.0,星期三,0.0026,-0.0129
2025-01-21,3.95,3.87,4.02,3.85,617125.0,星期二,0.0077,-0.0203
2025-01-20,4.06,3.92,4.06,3.92,831826.0,星期一,-0.0688,-0.0345
2025-01-17,4.32,4.36,4.39,4.29,156216.0,星期五,-0.0023,0.0093
2025-01-16,4.3,4.33,4.38,4.3,203466.0,星期四,0.0023,0.007
2025-01-15,4.32,4.29,4.33,4.25,188935.0,星期三,-0.0023,-0.0069
2025-01-14,4.27,4.33,4.34,4.26,230863.0,星期二,0.0,0.0141
2025-01-13,4.23,4.27,4.29,4.2,178500.0,星期一,-0.0047,0.0095
2025-01-10,4.31,4.25,4.33,4.25,138160.0,星期五,0.0,-0.0139
2025-01-09,4.33,4.31,4.35,4.29,151336.0,星期四,-0.0046,-0.0046
2025-01-08,4.42,4.35,4.43,4.29,178193.0,星期三,0.0068,-0.0158
2025-01-07,4.45,4.39,4.46,4.33,203843.0,星期二,-0.0022,-0.0135
2025-01-06,4.39,4.46,4.47,4.36,199365.0,星期一,0.0,0.0159
2025-01-03,4.42,4.39,4.51,4.35,234976.0,星期五,0.0045,-0.0068
2025-01-02,4.53,4.4,4.58,4.36,214701.0,星期四,0.0022,-0.0287
2024-12-31,4.6,4.52,4.64,4.52,180485.0,星期二,-0.0022,-0.0174
2024-12-30,4.65,4.61,4.66,4.58,140099.0,星期一,0.0,-0.0086
2024-12-27,4.56,4.65,4.65,4.53,176331.0,星期五,0.0,0.0197
2024-12-26,4.6,4.56,4.64,4.56,144828.0,星期四,-0.0022,-0.0087
2024-12-25,4.62,4.61,4.63,4.56,140759.0,星期三,0.0022,-0.0022
2024-12-24,4.56,4.61,4.62,4.55,177636.0,星期二,0.0,0.011
2024-12-23,4.63,4.56,4.65,4.55,191128.0,星期一,0.0,-0.0151
2024-12-20,4.64,4.63,4.67,4.61,149349.0,星期五,0.0,-0.0022
2024-12-19,4.68,4.64,4.69,4.6,191464.0,星期四,-0.0043,-0.0085
2024-12-18,4.74,4.7,4.78,4.7,139139.0,星期三,0.0021,-0.0084
2024-12-17,4.8,4.73,4.81,4.7,187339.0,星期二,0.0,-0.0146
2024-12-16,4.78,4.8,4.87,4.77,199742.0,星期一,0.0,0.0042
2024-12-13,4.9,4.78,4.91,4.76,319995.0,星期五,-0.002,-0.0245
2024-12-12,4.88,4.91,4.92,4.83,178089.0,星期四,0.0021,0.0061
2024-12-11,4.79,4.87,4.9,4.79,193868.0,星期三,-0.0042,0.0167
2024-12-10,4.96,4.81,4.99,4.78,318043.0,星期二,0.0206,-0.0302
2024-12-09,4.86,4.86,4.95,4.84,227659.0,星期一,0.0,0.0
2024-12-06,4.74,4.86,4.86,4.73,223313.0,星期五,-0.0042,0.0253
2024-12-05,4.75,4.76,4.78,4.7,131386.0,星期四,0.0,0.0021
2024-12-04,4.84,4.75,4.86,4.73,175417.0,星期三,-0.0021,-0.0186
2024-12-03,4.85,4.85,4.87,4.78,202933.0,星期二,0.0021,0.0
2024-12-02,4.73,4.84,4.86,4.71,291614.0,星期一,0.0042,0.0233
2024-11-29,4.69,4.71,4.74,4.66,207524.0,星期五,-0.0042,0.0043
2024-11-28,4.64,4.71,4.73,4.63,204967.0,星期四,-0.0022,0.0151
2024-11-27,4.6,4.65,4.65,4.5,192598.0,星期三,-0.0022,0.0109
2024-11-26,4.62,4.61,4.66,4.59,115631.0,星期二,-0.0043,-0.0022
2024-11-25,4.56,4.64,4.66,4.55,142433.0,星期一,-0.0044,0.0175
2024-11-22,4.71,4.58,4.75,4.56,172819.0,星期五,-0.0042,-0.0276
2024-11-21,4.75,4.73,4.77,4.68,171098.0,星期四,-0.0021,-0.0042
2024-11-20,4.69,4.76,4.76,4.67,217839.0,星期三,-0.0042,0.0149
2024-11-19,4.65,4.71,4.72,4.63,186351.0,星期二,0.0043,0.0129
2024-11-18,4.6,4.63,4.74,4.59,268140.0,星期一,0.0066,0.0065
2024-11-15,4.65,4.57,4.69,4.56,230892.0,星期五,-0.0021,-0.0172
2024-11-14,4.77,4.66,4.78,4.65,194951.0,星期四,0.0,-0.0231
2024-11-13,4.8,4.77,4.86,4.73,194031.0,星期三,-0.0062,-0.0063
2024-11-12,4.82,4.83,4.9,4.78,339705.0,星期二,0.0021,0.0021
2024-11-11,4.83,4.81,4.85,4.75,231230.0,星期一,0.0021,-0.0041
2024-11-08,4.84,4.82,4.87,4.76,251573.0,星期五,0.0041,-0.0041
2024-11-07,4.68,4.82,4.84,4.68,267233.0,星期四,-0.0064,0.0299
2024-11-06,4.73,4.71,4.74,4.66,237366.0,星期三,0.0021,-0.0042
2024-11-05,4.65,4.72,4.74,4.63,243040.0,星期二,-0.0064,0.0151
2024-11-04,4.59,4.68,4.68,4.58,171853.0,星期一,0.0022,0.0196
2024-11-01,4.61,4.58,4.65,4.55,220024.0,星期五,0.0,-0.0065
2024-10-31,4.6,4.61,4.66,4.58,205711.0,星期四,-0.0043,0.0022
2024-10-30,4.61,4.62,4.68,4.56,193267.0,星期三,-0.0022,0.0022
2024-10-29,4.75,4.62,4.79,4.6,269019.0,星期二,0.0064,-0.0274
2024-10-28,4.66,4.72,4.72,4.63,182177.0,星期一,0.0,0.0129
2024-10-25,4.55,4.66,4.67,4.54,171849.0,星期五,0.0,0.0242
2024-10-24,4.52,4.55,4.58,4.51,120594.0,星期四,-0.0044,0.0066
2024-10-23,4.5,4.54,4.55,4.47,167719.0,星期三,0.0022,0.0089
2024-10-22,4.41,4.49,4.49,4.41,215254.0,星期二,0.0,0.0181
2024-10-21,4.45,4.41,4.53,4.4,270938.0,星期一,0.0,-0.009
2024-10-18,4.36,4.45,4.5,4.32,220303.0,星期五,0.0023,0.0206
2024-10-17,4.5,4.35,4.5,4.34,215134.0,星期四,0.0112,-0.0333
2024-10-16,4.4,4.45,4.5,4.39,217563.0,星期三,-0.0045,0.0114
2024-10-15,4.52,4.42,4.53,4.42,224317.0,星期二,0.0,-0.0221
2024-10-14,4.49,4.52,4.55,4.42,235590.0,星期一,0.0,0.0067
2024-10-11,4.58,4.49,4.63,4.41,255955.0,星期五,0.0,-0.0197
2024-10-10,4.65,4.58,4.73,4.55,269793.0,星期四,0.0197,-0.0151
2024-10-09,4.9,4.56,4.91,4.55,451916.0,星期三,-0.0101,-0.0694
2024-10-08,5.22,4.95,5.23,4.76,599845.0,星期二,0.0989,-0.0517
2024-09-30,4.55,4.75,4.79,4.53,499227.0,星期一,0.0271,0.044
2024-09-27,4.38,4.43,4.48,4.36,246963.0,星期五,0.0115,0.0114
2024-09-26,4.21,4.33,4.34,4.2,195967.0,星期四,-0.0071,0.0285
2024-09-25,4.2,4.24,4.3,4.2,177507.0,星期三,0.0048,0.0095
2024-09-24,3.99,4.18,4.18,3.96,208113.0,星期二,0.0076,0.0476
2024-09-23,3.99,3.96,4.0,3.95,75472.0,星期一,0.0,-0.0075
2024-09-20,4.02,3.99,4.04,3.95,106237.0,星期五,0.0,-0.0075
2024-09-19,4.04,4.02,4.09,4.0,127543.0,星期四,0.0025,-0.005
2024-09-18,4.05,4.03,4.05,3.95,135149.0,星期三,0.0075,-0.0049
2024-09-13,4.02,4.02,4.11,4.0,242561.0,星期五,0.0,0.0
2024-09-12,4.04,4.02,4.14,4.0,242946.0,星期四,-0.0025,-0.005
2024-09-11,3.97,4.05,4.07,3.95,179712.0,星期三,-0.005,0.0202
2024-09-10,4.05,3.99,4.08,3.92,115954.0,星期二,0.0025,-0.0148
2024-09-09,4.04,4.04,4.12,4.02,107141.0,星期一,0.0,0.0
2024-09-06,4.09,4.04,4.11,4.02,65494.0,星期五,-0.0024,-0.0122
2024-09-05,4.06,4.1,4.11,4.06,69487.0,星期四,-0.0025,0.0099
2024-09-04,4.07,4.07,4.12,4.06,89651.0,星期三,-0.0049,0.0
2024-09-03,4.11,4.09,4.15,4.08,108360.0,星期二,0.0,-0.0049
2024-09-02,4.1,4.11,4.19,4.09,127436.0,星期一,-0.0024,0.0024
2024-08-30,4.14,4.11,4.2,4.11,148579.0,星期五,0.0,-0.0072
2024-08-29,4.19,4.14,4.19,4.13,91830.0,星期四,0.0048,-0.0119
2024-08-28,4.14,4.17,4.23,4.12,76912.0,星期三,-0.0048,0.0072
2024-08-27,4.15,4.16,4.2,4.14,76555.0,星期二,-0.0024,0.0024
2024-08-26,4.13,4.16,4.18,4.09,98469.0,星期一,0.0,0.0073
2024-08-23,4.12,4.13,4.16,4.1,84350.0,星期五,-0.0048,0.0024
2024-08-22,4.16,4.14,4.19,4.12,94352.0,星期四,-0.0024,-0.0048
2024-08-21,4.21,4.17,4.23,4.15,105987.0,星期三,-0.0071,-0.0095
2024-08-20,4.26,4.24,4.26,4.19,115842.0,星期二,-0.0023,-0.0047
2024-08-19,4.23,4.27,4.29,4.23,103066.0,星期一,-0.0047,0.0095
2024-08-16,4.23,4.25,4.26,4.2,114653.0,星期五,0.0024,0.0047
2024-08-15,4.16,4.22,4.23,4.15,121866.0,星期四,0.0024,0.0144
2024-08-14,4.2,4.15,4.2,4.14,127476.0,星期三,0.0024,-0.0119
2024-08-13,4.16,4.19,4.2,4.13,121268.0,星期二,0.0,0.0072
2024-08-12,4.09,4.16,4.18,4.07,137534.0,星期一,-0.0024,0.0171
2024-08-09,4.1,4.1,4.15,4.07,136786.0,星期五,0.0074,0.0
2024-08-08,3.99,4.07,4.08,3.99,149460.0,星期四,-0.0025,0.0201
2024-08-07,4.0,4.0,4.03,3.98,84119.0,星期三,-0.0025,0.0
2024-08-06,3.96,4.01,4.02,3.95,87000.0,星期二,0.0051,0.0126
2024-08-05,3.96,3.94,4.02,3.93,131253.0,星期一,0.0,-0.0051
2024-08-02,3.93,3.96,4.01,3.92,102428.0,星期五,-0.0051,0.0076
2024-08-01,3.97,3.95,4.0,3.93,95193.0,星期四,0.0,-0.005
2024-07-31,3.82,3.97,3.98,3.82,154134.0,星期三,-0.0026,0.0393
2024-07-30,3.76,3.83,3.83,3.75,77449.0,星期二,0.0,0.0186
2024-07-29,3.78,3.76,3.82,3.74,102498.0,星期一,-0.0026,-0.0053
2024-07-26,3.75,3.79,3.81,3.73,83765.0,星期五,0.0027,0.0107
2024-07-25,3.72,3.74,3.77,3.71,69343.0,星期四,-0.0027,0.0054
2024-07-24,3.77,3.73,3.78,3.72,83745.0,星期三,0.0,-0.0106
2024-07-23,3.83,3.77,3.84,3.77,71286.0,星期二,0.0,-0.0157
2024-07-22,3.88,3.83,3.89,3.81,100674.0,星期一,0.0026,-0.0129
2024-07-19,3.85,3.87,3.9,3.83,122254.0,星期五,0.0026,0.0052
2024-07-18,3.82,3.84,3.86,3.79,86233.0,星期四,-0.0052,0.0052
2024-07-17,3.84,3.84,3.86,3.79,111979.0,星期三,0.0052,0.0
2024-07-16,3.88,3.82,3.89,3.8,85049.0,星期二,0.0,-0.0155
2024-07-15,3.91,3.88,3.94,3.86,114017.0,星期一,-0.0051,-0.0077
2024-07-12,3.86,3.93,3.98,3.84,188451.0,星期五,-0.0026,0.0181
2024-07-11,3.79,3.87,3.89,3.77,188706.0,星期四,0.0134,0.0211
2024-07-10,3.77,3.74,3.8,3.73,90609.0,星期三,-0.0026,-0.008
2024-07-09,3.74,3.78,3.79,3.68,128631.0,星期二,-0.0027,0.0107
2024-07-08,3.82,3.75,3.82,3.73,134990.0,星期一,0.0026,-0.0183
2024-07-05,3.77,3.81,3.82,3.74,112058.0,星期五,0.0,0.0106
2024-07-04,3.84,3.77,3.85,3.75,134100.0,星期四,0.0026,-0.0182
2024-07-03,3.87,3.83,3.9,3.83,98355.0,星期三,0.0,-0.0103
2024-07-02,3.88,3.87,3.91,3.85,96821.0,星期二,0.0026,-0.0026
2024-07-01,3.79,3.87,3.89,3.78,144559.0,星期一,-0.0026,0.0211
2024-06-28,3.84,3.8,3.86,3.79,124691.0,星期五,0.0026,-0.0104
2024-06-27,3.87,3.83,3.9,3.81,109596.0,星期四,-0.0077,-0.0103
2024-06-26,3.86,3.9,3.91,3.81,111972.0,星期三,0.0052,0.0104
2024-06-25,3.78,3.84,3.87,3.78,109801.0,星期二,-0.0026,0.0159
2024-06-24,3.9,3.79,3.9,3.77,130469.0,星期一,0.0,-0.0282
2024-06-21,3.87,3.9,3.95,3.86,90178.0,星期五,-0.0026,0.0078
2024-06-20,3.93,3.88,3.97,3.87,115589.0,星期四,-0.0025,-0.0127
2024-06-19,3.98,3.94,4.02,3.94,115316.0,星期三,-0.005,-0.0101
2024-06-18,3.99,4.0,4.03,3.96,116548.0,星期二,-0.0025,0.0025
2024-06-17,4.07,4.0,4.09,3.98,252698.0,星期一,-0.0097,-0.0172
2024-06-14,4.05,4.11,4.12,4.0,272597.0,星期五,-0.0049,0.0148
2024-06-13,4.18,4.07,4.2,4.01,349682.0,星期四,-0.0024,-0.0263
2024-06-12,4.33,4.19,4.34,4.14,342369.0,星期三,-0.0046,-0.0323
2024-06-11,4.34,4.35,4.39,4.32,109997.0,星期二,0.0,0.0023
2024-06-07,4.3,4.34,4.36,4.27,93388.0,星期五,0.0094,0.0093
2024-06-06,4.33,4.26,4.36,4.23,137550.0,星期四,-0.0069,-0.0162
2024-06-05,4.36,4.36,4.42,4.34,116997.0,星期三,0.0,0.0
2024-06-04,4.32,4.36,4.37,4.28,97117.0,星期二,0.0,0.0093
2024-06-03,4.42,4.32,4.43,4.29,190329.0,星期一,-0.0454,-0.0226
2024-05-31,4.64,4.63,4.67,4.61,124614.0,星期五,0.0,-0.0022
2024-05-30,4.61,4.64,4.68,4.61,122618.0,星期四,0.0,0.0065
2024-05-29,4.57,4.61,4.63,4.57,82278.0,星期三,-0.0044,0.0088
2024-05-28,4.63,4.59,4.66,4.58,96000.0,星期二,0.0,-0.0086
2024-05-27,4.6,4.63,4.64,4.56,102966.0,星期一,0.0044,0.0065
2024-05-24,4.57,4.58,4.62,4.56,79923.0,星期五,0.0022,0.0022
2024-05-23,4.64,4.56,4.64,4.55,103519.0,星期四,-0.0043,-0.0172
2024-05-22,4.64,4.66,4.68,4.63,108681.0,星期三,0.0043,0.0043
2024-05-21,4.7,4.62,4.7,4.6,110913.0,星期二,0.0021,-0.017
2024-05-20,4.69,4.69,4.74,4.67,109425.0,星期一,0.0021,0.0
2024-05-17,4.64,4.68,4.69,4.61,99144.0,星期五,0.0,0.0086
2024-05-16,4.69,4.64,4.69,4.63,92745.0,星期四,0.0043,-0.0107
2024-05-15,4.69,4.67,4.7,4.65,99637.0,星期三,-0.0021,-0.0043
2024-05-14,4.69,4.7,4.76,4.69,114084.0,星期二,-0.0042,0.0021
2024-05-13,4.72,4.71,4.76,4.69,152317.0,星期一,-0.0042,-0.0021
2024-05-10,4.83,4.74,4.86,4.73,172799.0,星期五,0.0063,-0.0186
2024-05-09,4.75,4.8,4.83,4.71,188050.0,星期四,0.0,0.0105
2024-05-08,4.74,4.75,4.81,4.72,184721.0,星期三,0.0,0.0021
2024-05-07,4.76,4.74,4.77,4.69,136289.0,星期二,0.0021,-0.0042
2024-05-06,4.68,4.75,4.77,4.66,205121.0,星期一,0.0086,0.015
2024-04-30,4.59,4.64,4.66,4.56,182324.0,星期二,0.0,0.0109
2024-04-29,4.48,4.59,4.61,4.48,250375.0,星期一,-0.0022,0.0246
2024-04-26,4.42,4.49,4.49,4.4,148539.0,星期五,-0.0045,0.0158
2024-04-25,4.39,4.44,4.47,4.38,122572.0,星期四,-0.0023,0.0114
2024-04-24,4.44,4.4,4.44,4.37,101499.0,星期三,0.0023,-0.009
2024-04-23,4.48,4.43,4.51,4.41,114516.0,星期二,-0.0044,-0.0112
2024-04-22,4.52,4.5,4.55,4.47,134236.0,星期一,0.0,-0.0044
2024-04-19,4.46,4.52,4.54,4.44,131161.0,星期五,0.0,0.0135
2024-04-18,4.46,4.46,4.51,4.44,119579.0,星期四,-0.0022,0.0
2024-04-17,4.43,4.47,4.48,4.41,156398.0,星期三,0.0068,0.009
2024-04-16,4.49,4.4,4.52,4.4,167666.0,星期二,0.0,-0.02
2024-04-15,4.51,4.49,4.55,4.41,138519.0,星期一,0.0045,-0.0044
2024-04-12,4.53,4.49,4.55,4.48,85424.0,星期五,0.0044,-0.0088
2024-04-11,4.47,4.51,4.55,4.47,107337.0,星期四,-0.0067,0.0089
2024-04-10,4.55,4.5,4.57,4.46,135926.0,星期三,0.0,-0.011
2024-04-09,4.46,4.55,4.55,4.46,112372.0,星期二,-0.0045,0.0202
2024-04-08,4.5,4.48,4.53,4.46,123468.0,星期一,-0.0022,-0.0044
2024-04-03,4.42,4.51,4.52,4.41,151906.0,星期三,-0.0023,0.0204
2024-04-02,4.41,4.43,4.43,4.37,92306.0,星期二,0.0023,0.0045
2024-04-01,4.31,4.4,4.4,4.31,89099.0,星期一,-0.0023,0.0209
2024-03-29,4.29,4.32,4.33,4.27,71282.0,星期五,0.0,0.007
2024-03-28,4.23,4.29,4.32,4.21,88806.0,星期四,0.0024,0.0142
2024-03-27,4.31,4.22,4.33,4.22,102685.0,星期三,0.0023,-0.0209
2024-03-26,4.28,4.3,4.33,4.24,90514.0,星期二,-0.007,0.0047
2024-03-25,4.39,4.31,4.41,4.29,95948.0,星期一,0.0023,-0.0182
2024-03-22,4.45,4.38,4.47,4.38,99282.0,星期五,-0.0022,-0.0157
2024-03-21,4.5,4.46,4.52,4.45,92580.0,星期四,0.0,-0.0089
2024-03-20,4.47,4.5,4.51,4.45,79641.0,星期三,0.0,0.0067
2024-03-19,4.53,4.47,4.53,4.47,91724.0,星期二,-0.0022,-0.0132
2024-03-18,4.5,4.54,4.55,4.47,105968.0,星期一,0.0,0.0089
2024-03-15,4.45,4.5,4.5,4.44,92037.0,星期五,-0.0022,0.0112
2024-03-14,4.49,4.46,4.55,4.44,103326.0,星期四,0.0022,-0.0067
2024-03-13,4.49,4.48,4.49,4.45,86328.0,星期三,0.0022,-0.0022
2024-03-12,4.44,4.48,4.48,4.43,112336.0,星期二,0.0,0.009
2024-03-11,4.4,4.44,4.44,4.38,87936.0,星期一,-0.0045,0.0091
2024-03-08,4.41,4.42,4.44,4.37,96410.0,星期五,-0.0045,0.0023
2024-03-07,4.42,4.43,4.48,4.41,98718.0,星期四,0.0023,0.0023
2024-03-06,4.41,4.41,4.45,4.36,108540.0,星期三,0.0,0.0
2024-03-05,4.43,4.41,4.45,4.39,106760.0,星期二,-0.0067,-0.0045
2024-03-04,4.48,4.46,4.52,4.43,98846.0,星期一,-0.0022,-0.0045
2024-03-01,4.49,4.49,4.52,4.46,99369.0,星期五,-0.0022,0.0
2024-02-29,4.43,4.5,4.5,4.42,133424.0,星期四,-0.0045,0.0158
2024-02-28,4.48,4.45,4.62,4.45,240741.0,星期三,-0.0022,-0.0067
2024-02-27,4.44,4.49,4.49,4.42,110945.0,星期二,-0.0045,0.0113
2024-02-26,4.46,4.46,4.5,4.43,129198.0,星期一,0.0,0.0
2024-02-23,4.47,4.46,4.48,4.41,112097.0,星期五,0.0,-0.0022
2024-02-22,4.48,4.47,4.51,4.43,114924.0,星期四,0.0,-0.0022
2024-02-21,4.5,4.48,4.58,4.46,155267.0,星期三,-0.0022,-0.0044
2024-02-20,4.44,4.51,4.53,4.41,137271.0,星期二,-0.0022,0.0158
2024-02-19,4.55,4.45,4.58,4.43,198182.0,星期一,0.0111,-0.022
2024-02-08,4.45,4.5,4.6,4.43,273026.0,星期四,0.0,0.0112
2024-02-07,4.22,4.45,4.49,4.21,287289.0,星期三,-0.0024,0.0545
2024-02-06,3.9,4.23,4.28,3.86,232905.0,星期二,0.0,0.0846
2024-02-05,4.06,3.9,4.08,3.78,221422.0,星期一,-0.0049,-0.0394
2024-02-02,4.22,4.08,4.26,3.96,193355.0,星期五,0.0048,-0.0332
2024-02-01,4.22,4.2,4.31,4.18,119270.0,星期四,0.0,-0.0047
2024-01-31,4.36,4.22,4.37,4.22,110363.0,星期三,-0.0023,-0.0321
2024-01-30,4.47,4.37,4.48,4.35,71971.0,星期二,0.0,-0.0224
2024-01-29,4.52,4.47,4.56,4.45,94835.0,星期一,-0.0022,-0.0111
2024-01-26,4.52,4.53,4.57,4.5,89157.0,星期五,0.0,0.0022
2024-01-25,4.35,4.52,4.53,4.33,118225.0,星期四,0.0,0.0391
2024-01-24,4.28,4.35,4.35,4.19,90463.0,星期三,0.0023,0.0164
2024-01-23,4.22,4.27,4.3,4.17,101981.0,星期二,-0.0047,0.0118
2024-01-22,4.45,4.24,4.45,4.19,152084.0,星期一,0.0023,-0.0472
2024-01-19,4.46,4.44,4.49,4.42,68770.0,星期五,0.0,-0.0045
2024-01-18,4.51,4.46,4.51,4.33,157771.0,星期四,-0.0022,-0.0111
2024-01-17,4.61,4.52,4.62,4.51,83624.0,星期三,0.0022,-0.0195
2024-01-16,4.63,4.6,4.64,4.55,88257.0,星期二,0.0022,-0.0065
2024-01-15,4.62,4.62,4.66,4.59,64828.0,星期一,-0.0022,0.0
2024-01-12,4.63,4.63,4.68,4.62,59824.0,星期五,-0.0022,0.0
2024-01-11,4.62,4.64,4.66,4.59,77236.0,星期四,0.0022,0.0043
2024-01-10,4.59,4.61,4.67,4.56,86928.0,星期三,0.0,0.0044
2024-01-09,4.6,4.59,4.65,4.56,69196.0,星期二,0.0,-0.0022
2024-01-08,4.68,4.6,4.68,4.6,85148.0,星期一,-0.0021,-0.0171
2024-01-05,4.72,4.69,4.73,4.66,99425.0,星期五,0.0021,-0.0064
2024-01-04,4.73,4.71,4.74,4.68,72151.0,星期四,0.0021,-0.0042
2024-01-03,4.66,4.72,4.73,4.66,102217.0,星期三,-0.0021,0.0129
2024-01-02,4.64,4.67,4.71,4.64,94060.0,星期二,-0.0043,0.0065
2023-12-29,4.66,4.66,4.68,4.64,64610.0,星期五,0.0,0.0
2023-12-28,4.61,4.66,4.67,4.57,88581.0,星期四,0.0022,0.0108
2023-12-27,4.58,4.6,4.61,4.54,58663.0,星期三,0.0,0.0044
2023-12-26,4.6,4.58,4.65,4.56,86123.0,星期二,-0.0022,-0.0043
2023-12-25,4.58,4.61,4.62,4.54,80452.0,星期一,0.0,0.0066
2023-12-22,4.65,4.58,4.65,4.57,109205.0,星期五,0.0,-0.0151
2023-12-21,4.66,4.65,4.66,4.57,115549.0,星期四,-0.0043,-0.0021
2023-12-20,4.72,4.68,4.74,4.66,89043.0,星期三,0.0021,-0.0085
2023-12-19,4.7,4.71,4.72,4.66,89027.0,星期二,0.0,0.0021
2023-12-18,4.74,4.7,4.75,4.69,107185.0,星期一,0.0,-0.0084
2023-12-15,4.78,4.74,4.8,4.73,80968.0,星期五,0.0021,-0.0084
2023-12-14,4.83,4.77,4.83,4.77,85113.0,星期四,0.0042,-0.0124
2023-12-13,4.8,4.81,4.86,4.79,89066.0,星期三,-0.0021,0.0021
2023-12-12,4.8,4.81,4.82,4.77,84981.0,星期二,0.0,0.0021
2023-12-11,4.78,4.8,4.82,4.7,128304.0,星期一,0.0021,0.0042
2023-12-08,4.82,4.77,4.83,4.77,94211.0,星期五,0.0042,-0.0104
2023-12-07,4.82,4.8,4.85,4.8,100686.0,星期四,0.0,-0.0041
2023-12-06,4.82,4.82,4.86,4.79,95554.0,星期三,0.0,0.0
2023-12-05,4.89,4.82,4.91,4.82,113769.0,星期二,-0.002,-0.0143
2023-12-04,4.92,4.9,4.95,4.88,99909.0,星期一,0.002,-0.0041
2023-12-01,4.93,4.91,4.95,4.88,106747.0,星期五,0.0041,-0.0041
2023-11-30,4.93,4.91,4.95,4.88,92628.0,星期四,-0.002,-0.0041
2023-11-29,4.97,4.94,4.98,4.92,115182.0,星期三,0.0,-0.006
2023-11-28,4.89,4.97,4.97,4.84,195967.0,星期二,0.002,0.0164
2023-11-27,4.95,4.88,4.96,4.87,160552.0,星期一,0.002,-0.0141
2023-11-24,4.9,4.94,4.95,4.88,175117.0,星期五,0.002,0.0082
2023-11-23,4.84,4.89,4.89,4.83,119835.0,星期四,0.0021,0.0103
2023-11-22,4.83,4.83,4.85,4.82,93511.0,星期三,-0.0021,0.0
2023-11-21,4.82,4.84,4.88,4.81,165724.0,星期二,0.0021,0.0041
2023-11-20,4.8,4.81,4.82,4.77,116647.0,星期一,0.0021,0.0021
2023-11-17,4.79,4.79,4.8,4.75,108872.0,星期五,0.0021,0.0
2023-11-16,4.8,4.78,4.81,4.77,95552.0,星期四,-0.0021,-0.0042
2023-11-15,4.82,4.81,4.84,4.79,110014.0,星期三,0.0042,-0.0021
2023-11-14,4.78,4.8,4.82,4.77,126715.0,星期二,-0.0021,0.0042
2023-11-13,4.8,4.79,4.81,4.75,108745.0,星期一,0.0042,-0.0021
2023-11-10,4.78,4.78,4.8,4.74,100037.0,星期五,-0.0021,0.0
2023-11-09,4.78,4.79,4.83,4.78,96124.0,星期四,0.0,0.0021
2023-11-08,4.81,4.78,4.83,4.77,110845.0,星期三,0.0,-0.0062
2023-11-07,4.83,4.81,4.84,4.8,112400.0,星期二,0.0021,-0.0041
2023-11-06,4.81,4.82,4.85,4.8,124845.0,星期一,0.0042,0.0021
2023-11-03,4.81,4.79,4.84,4.78,125055.0,星期五,0.0,-0.0042
2023-11-02,4.84,4.81,4.85,4.81,83013.0,星期四,0.0021,-0.0062
2023-11-01,4.87,4.83,4.89,4.8,124362.0,星期三,0.0021,-0.0082
2023-10-31,5.0,4.86,5.03,4.83,266024.0,星期二,-0.0119,-0.028
2023-10-30,4.85,5.06,5.08,4.84,268745.0,星期一,0.0,0.0433
2023-10-27,4.74,4.85,4.88,4.72,93527.0,星期五,-0.0042,0.0232
2023-10-26,4.74,4.76,4.77,4.71,63474.0,星期四,-0.0042,0.0042
2023-10-25,4.74,4.76,4.79,4.74,79715.0,星期三,-0.0021,0.0042
2023-10-24,4.68,4.75,4.76,4.65,124287.0,星期二,0.0086,0.015
2023-10-23,4.75,4.64,4.76,4.61,107326.0,星期一,0.0,-0.0232
2023-10-20,4.79,4.75,4.82,4.74,107337.0,星期五,0.0,-0.0084
2023-10-19,4.85,4.79,4.87,4.78,98538.0,星期四,-0.0021,-0.0124
2023-10-18,4.93,4.86,4.94,4.86,96143.0,星期三,-0.004,-0.0142
2023-10-17,4.95,4.95,4.96,4.92,77869.0,星期二,0.0,0.0
2023-10-16,4.98,4.95,5.0,4.91,103827.0,星期一,0.002,-0.006
2023-10-13,4.95,4.97,4.99,4.94,75696.0,星期五,-0.002,0.004
2023-10-12,4.98,4.96,5.0,4.95,70570.0,星期四,0.0061,-0.004
2023-10-11,4.93,4.95,5.03,4.93,102020.0,星期三,0.0,0.0041
2023-10-10,4.96,4.93,4.99,4.93,93517.0,星期二,0.002,-0.006
2023-10-09,5.01,4.95,5.02,4.94,127447.0,星期一,0.0,-0.012
2023-09-28,5.05,5.01,5.05,5.0,91865.0,星期四,0.006,-0.0079
2023-09-27,5.01,5.02,5.05,5.01,84399.0,星期三,-0.002,0.002
2023-09-26,5.09,5.02,5.09,5.01,87059.0,星期二,0.0039,-0.0138
2023-09-25,5.06,5.07,5.1,5.03,93936.0,星期一,0.0,0.002
2023-09-22,5.03,5.06,5.08,4.99,111293.0,星期五,0.004,0.006
2023-09-21,5.08,5.01,5.09,5.0,86085.0,星期四,-0.002,-0.0138
2023-09-20,5.06,5.09,5.1,5.05,104041.0,星期三,-0.002,0.0059
2023-09-19,5.06,5.07,5.11,5.03,108049.0,星期二,0.0,0.002
2023-09-18,5.09,5.06,5.09,5.01,103917.0,星期一,0.0079,-0.0059
2023-09-15,5.06,5.05,5.09,5.04,91754.0,星期五,0.002,-0.002
2023-09-14,5.06,5.05,5.07,5.0,95244.0,星期四,0.006,-0.002
2023-09-13,5.08,5.03,5.09,5.01,135651.0,星期三,0.0,-0.0098
2023-09-12,5.01,5.08,5.09,5.0,159203.0,星期二,-0.004,0.014
2023-09-11,4.93,5.03,5.08,4.91,185064.0,星期一,0.002,0.0203
2023-09-08,4.82,4.92,4.94,4.82,188083.0,星期五,-0.0021,0.0207
2023-09-07,4.86,4.83,4.88,4.83,111937.0,星期四,-0.0021,-0.0062
2023-09-06,4.89,4.87,4.89,4.82,116486.0,星期三,0.002,-0.0041
2023-09-05,4.93,4.88,4.93,4.86,152364.0,星期二,-0.002,-0.0101
2023-09-04,4.87,4.94,4.94,4.86,127390.0,星期一,0.0021,0.0144
2023-09-01,4.84,4.86,4.89,4.84,82406.0,星期五,-0.0041,0.0041
2023-08-31,4.88,4.86,4.89,4.83,119954.0,星期四,0.0,-0.0041
2023-08-30,4.91,4.88,4.95,4.87,129913.0,星期三,0.0,-0.0061
2023-08-29,4.92,4.91,4.95,4.86,227643.0,星期二,-0.002,-0.002
2023-08-28,5.08,4.93,5.1,4.92,178128.0,星期一,0.0431,-0.0295
2023-08-25,4.86,4.87,4.94,4.83,87537.0,星期五,0.0,0.0021
2023-08-24,4.86,4.86,4.91,4.85,82009.0,星期四,-0.0041,0.0
2023-08-23,4.93,4.88,4.93,4.86,88575.0,星期三,0.0041,-0.0101
2023-08-22,4.94,4.91,4.96,4.87,94775.0,星期二,0.0041,-0.0061
2023-08-21,4.98,4.92,5.04,4.91,88616.0,星期一,0.0,-0.012
2023-08-18,5.09,4.98,5.09,4.97,96496.0,星期五,0.0039,-0.0216
2023-08-17,5.04,5.07,5.08,5.02,98330.0,星期四,-0.002,0.006
2023-08-16,5.06,5.05,5.11,5.04,75440.0,星期三,-0.0039,-0.002
2023-08-15,5.07,5.08,5.13,5.04,81022.0,星期二,0.0,0.002
2023-08-14,5.02,5.07,5.08,4.99,83137.0,星期一,-0.0059,0.01
2023-08-11,5.14,5.05,5.15,5.04,105065.0,星期五,0.0019,-0.0175
2023-08-10,5.11,5.13,5.15,5.09,66784.0,星期四,-0.002,0.0039
2023-08-09,5.1,5.12,5.15,5.08,77184.0,星期三,-0.0058,0.0039
2023-08-08,5.11,5.13,5.14,5.03,111005.0,星期二,0.0039,0.0039
2023-08-07,5.19,5.09,5.2,5.08,134779.0,星期一,0.0,-0.0193
2023-08-04,5.2,5.19,5.25,5.18,107410.0,星期五,0.0039,-0.0019
2023-08-03,5.19,5.18,5.22,5.17,123435.0,星期四,-0.0019,-0.0019
2023-08-02,5.22,5.2,5.25,5.19,82404.0,星期三,0.0,-0.0038
2023-08-01,5.24,5.22,5.26,5.21,96414.0,星期二,0.0019,-0.0038
2023-07-31,5.24,5.23,5.29,5.22,89578.0,星期一,0.0019,-0.0019
2023-07-28,5.2,5.23,5.24,5.17,85483.0,星期五,0.0019,0.0058
2023-07-27,5.18,5.19,5.21,5.17,76946.0,星期四,-0.0019,0.0019
2023-07-26,5.17,5.19,5.2,5.15,65621.0,星期三,0.0019,0.0039
2023-07-25,5.18,5.16,5.2,5.15,86681.0,星期二,0.0058,-0.0039
2023-07-24,5.17,5.15,5.17,5.14,69771.0,星期一,0.0019,-0.0039
2023-07-21,5.15,5.16,5.18,5.14,62434.0,星期五,0.0,0.0019
2023-07-20,5.14,5.15,5.2,5.14,104659.0,星期四,-0.0019,0.0019
2023-07-19,5.12,5.15,5.16,5.12,61745.0,星期三,-0.0039,0.0059
2023-07-18,5.1,5.14,5.15,5.08,92765.0,星期二,0.0,0.0078
2023-07-17,5.08,5.1,5.11,5.05,73183.0,星期一,-0.0039,0.0039
2023-07-14,5.12,5.1,5.12,5.07,82543.0,星期五,0.0039,-0.0039
2023-07-13,5.05,5.1,5.11,5.03,137483.0,星期四,0.004,0.0099
2023-07-12,5.01,5.03,5.06,5.0,91359.0,星期三,-0.002,0.004
2023-07-11,4.99,5.02,5.03,4.97,90971.0,星期二,0.0,0.006
2023-07-10,5.01,4.99,5.02,4.97,59726.0,星期一,0.0,-0.004
2023-07-07,4.98,5.01,5.01,4.95,74163.0,星期五,0.0,0.006
2023-07-06,4.99,4.98,5.01,4.97,57423.0,星期四,-0.002,-0.002
2023-07-05,5.0,5.0,5.02,4.98,55136.0,星期三,0.0,0.0
2023-07-04,4.99,5.0,5.02,4.96,88472.0,星期二,-0.002,0.002
2023-07-03,5.0,5.0,5.02,4.96,84280.0,星期一,0.0,0.0
2023-06-30,4.92,5.0,5.02,4.91,141392.0,星期五,0.0061,0.0163
2023-06-29,4.9,4.89,4.91,4.87,61351.0,星期四,0.0,-0.002
2023-06-28,4.86,4.9,4.9,4.84,75945.0,星期三,-0.0041,0.0082
2023-06-27,4.78,4.88,4.89,4.76,100576.0,星期二,0.0021,0.0209
2023-06-26,4.76,4.77,4.82,4.72,109619.0,星期一,-0.0042,0.0021
2023-06-21,4.82,4.78,4.82,4.77,93032.0,星期三,0.0,-0.0083
2023-06-20,4.91,4.82,4.92,4.82,127294.0,星期二,0.0,-0.0183
2023-06-19,4.94,4.91,4.97,4.9,91060.0,星期一,0.0,-0.0061
2023-06-16,4.95,4.94,4.96,4.93,66473.0,星期五,0.002,-0.002
2023-06-15,4.94,4.94,4.95,4.91,100055.0,星期四,-0.037,0.0
2023-06-14,5.11,5.13,5.15,5.1,77620.0,星期三,-0.002,0.0039
2023-06-13,5.14,5.12,5.14,5.11,94620.0,星期二,0.0019,-0.0039
2023-06-12,5.16,5.13,5.16,5.11,94108.0,星期一,0.0019,-0.0058
2023-06-09,5.18,5.15,5.19,5.14,91184.0,星期五,0.0039,-0.0058
2023-06-08,5.11,5.16,5.18,5.11,87845.0,星期四,0.0,0.0098
2023-06-07,5.1,5.11,5.14,5.1,58029.0,星期三,0.0,0.002
2023-06-06,5.19,5.1,5.19,5.1,85277.0,星期二,0.0019,-0.0173
2023-06-05,5.19,5.18,5.2,5.15,84700.0,星期一,0.0039,-0.0019
2023-06-02,5.13,5.17,5.18,5.1,64465.0,星期五,0.0039,0.0078
2023-06-01,5.09,5.11,5.15,5.07,95850.0,星期四,-0.0039,0.0039
2023-05-31,5.15,5.11,5.17,5.1,87820.0,星期三,-0.0039,-0.0078
2023-05-30,5.15,5.17,5.18,5.11,81719.0,星期二,-0.0039,0.0039
2023-05-29,5.18,5.17,5.2,5.14,70984.0,星期一,-0.0019,-0.0019
2023-05-26,5.17,5.19,5.2,5.11,84761.0,星期五,0.0019,0.0039
2023-05-25,5.22,5.16,5.23,5.12,125372.0,星期四,0.0019,-0.0115
2023-05-24,5.26,5.21,5.26,5.19,92686.0,星期三,0.0057,-0.0095
2023-05-23,5.25,5.23,5.29,5.23,78467.0,星期二,0.0019,-0.0038
2023-05-22,5.19,5.24,5.26,5.19,91637.0,星期一,-0.0019,0.0096
2023-05-19,5.22,5.2,5.22,5.17,92830.0,星期五,0.0,-0.0038
2023-05-18,5.23,5.22,5.26,5.21,97543.0,星期四,0.0019,-0.0019
2023-05-17,5.24,5.22,5.26,5.2,135572.0,星期三,-0.0019,-0.0038
2023-05-16,5.27,5.25,5.27,5.23,83440.0,星期二,0.0019,-0.0038
2023-05-15,5.24,5.26,5.27,5.19,134415.0,星期一,0.0,0.0038
2023-05-12,5.31,5.24,5.32,5.24,119657.0,星期五,0.0038,-0.0132
2023-05-11,5.28,5.29,5.32,5.26,99643.0,星期四,0.0,0.0019
2023-05-10,5.29,5.28,5.32,5.26,135432.0,星期三,-0.0019,-0.0019
2023-05-09,5.32,5.3,5.38,5.28,158642.0,星期二,0.0,-0.0038
2023-05-08,5.27,5.32,5.33,5.26,138868.0,星期一,-0.0019,0.0095
2023-05-05,5.36,5.28,5.38,5.25,156030.0,星期五,0.0,-0.0149
2023-05-04,5.25,5.36,5.38,5.21,224979.0,星期四,-0.0057,0.021
2023-04-28,5.23,5.28,5.29,5.19,217306.0,星期五,0.0,0.0096
2023-04-27,5.33,5.23,5.41,5.17,429365.0,星期四,-0.0202,-0.0188
2023-04-26,5.39,5.44,5.46,5.33,135453.0,星期三,0.0,0.0093
2023-04-25,5.48,5.39,5.49,5.32,178127.0,星期二,0.0037,-0.0164
2023-04-24,5.5,5.46,5.51,5.43,135598.0,星期一,0.0036,-0.0073
2023-04-21,5.57,5.48,5.59,5.46,140432.0,星期五,-0.0018,-0.0162
2023-04-20,5.61,5.58,5.64,5.54,136954.0,星期四,-0.0018,-0.0053
2023-04-19,5.72,5.62,5.73,5.6,170695.0,星期三,0.0,-0.0175
2023-04-18,5.65,5.72,5.73,5.64,173335.0,星期二,-0.0018,0.0124
2023-04-17,5.64,5.66,5.67,5.6,159709.0,星期一,0.0,0.0035
2023-04-14,5.66,5.64,5.7,5.63,116236.0,星期五,0.0,-0.0035
2023-04-13,5.66,5.66,5.67,5.63,101291.0,星期四,-0.0035,0.0
2023-04-12,5.65,5.68,5.69,5.62,172810.0,星期三,0.0053,0.0053
2023-04-11,5.65,5.62,5.66,5.58,137937.0,星期二,-0.0018,-0.0053
2023-04-10,5.65,5.66,5.72,5.63,159506.0,星期一,0.0,0.0018
2023-04-07,5.64,5.65,5.67,5.62,109887.0,星期五,0.0036,0.0018
2023-04-06,5.62,5.62,5.67,5.61,131864.0,星期四,-0.0018,0.0
2023-04-04,5.63,5.63,5.67,5.59,143403.0,星期二,0.0,0.0
2023-04-03,5.64,5.63,5.75,5.6,236373.0,星期一,0.0036,-0.0018
2023-03-31,5.46,5.62,5.67,5.45,327776.0,星期五,0.0055,0.0293
2023-03-30,5.47,5.43,5.47,5.4,95685.0,星期四,0.0037,-0.0073
2023-03-29,5.43,5.45,5.52,5.4,135815.0,星期三,0.0018,0.0037
2023-03-28,5.45,5.42,5.47,5.39,88555.0,星期二,0.0037,-0.0055
2023-03-27,5.5,5.43,5.51,5.41,111372.0,星期一,0.0018,-0.0127
2023-03-24,5.47,5.49,5.56,5.45,150028.0,星期五,0.0037,0.0037
2023-03-23,5.43,5.45,5.47,5.41,100484.0,星期四,0.0018,0.0037
2023-03-22,5.42,5.42,5.44,5.39,91722.0,星期三,0.0037,0.0
2023-03-21,5.31,5.4,5.41,5.31,106038.0,星期二,-0.0019,0.0169
2023-03-20,5.36,5.32,5.36,5.28,122904.0,星期一,0.0037,-0.0075
2023-03-17,5.42,5.34,5.44,5.34,122574.0,星期五,0.0074,-0.0148
2023-03-16,5.36,5.38,5.42,5.35,109508.0,星期四,-0.0056,0.0037
2023-03-15,5.3,5.39,5.41,5.29,108394.0,星期三,0.0038,0.017
2023-03-14,5.33,5.28,5.35,5.23,119705.0,星期二,-0.0037,-0.0094
2023-03-13,5.36,5.35,5.4,5.32,110863.0,星期一,-0.0037,-0.0019
2023-03-10,5.45,5.38,5.47,5.38,120041.0,星期五,0.0,-0.0128
2023-03-09,5.42,5.45,5.47,5.41,96514.0,星期四,-0.0018,0.0055
2023-03-08,5.43,5.43,5.45,5.39,104986.0,星期三,0.0,0.0
2023-03-07,5.51,5.43,5.55,5.42,126004.0,星期二,-0.0018,-0.0145
2023-03-06,5.55,5.52,5.56,5.51,108235.0,星期一,0.0018,-0.0054
2023-03-03,5.56,5.54,5.57,5.53,93924.0,星期五,0.0,-0.0036
2023-03-02,5.57,5.56,5.58,5.53,94010.0,星期四,0.0018,-0.0018
2023-03-01,5.57,5.56,5.58,5.54,116884.0,星期三,0.0018,-0.0018
2023-02-28,5.51,5.56,5.56,5.5,101844.0,星期二,0.0018,0.0091
2023-02-27,5.53,5.5,5.56,5.48,92569.0,星期一,0.0,-0.0054
2023-02-24,5.56,5.53,5.56,5.49,105227.0,星期五,0.0036,-0.0054
2023-02-23,5.55,5.54,5.59,5.51,107527.0,星期四,0.0036,-0.0018
2023-02-22,5.54,5.53,5.57,5.52,90104.0,星期三,-0.0018,-0.0018
2023-02-21,5.55,5.55,5.58,5.52,133323.0,星期二,0.0018,0.0
2023-02-20,5.51,5.54,5.55,5.46,160669.0,星期一,0.0092,0.0054
2023-02-17,5.44,5.46,5.5,5.43,151649.0,星期五,0.0,0.0037
2023-02-16,5.53,5.44,5.56,5.38,234038.0,星期四,0.0,-0.0163
2023-02-15,5.53,5.53,5.55,5.51,118489.0,星期三,0.0,0.0
2023-02-14,5.55,5.53,5.56,5.5,131359.0,星期二,0.0018,-0.0036
2023-02-13,5.52,5.54,5.55,5.48,131148.0,星期一,0.0036,0.0036
2023-02-10,5.48,5.5,5.54,5.46,136706.0,星期五,0.0018,0.0036
2023-02-09,5.43,5.47,5.48,5.41,134169.0,星期四,0.0,0.0074
2023-02-08,5.43,5.43,5.45,5.4,126346.0,星期三,0.0018,0.0
2023-02-07,5.38,5.42,5.43,5.37,130960.0,星期二,0.0,0.0074
2023-02-06,5.41,5.38,5.42,5.36,118905.0,星期一,0.0,-0.0055
2023-02-03,5.45,5.41,5.45,5.36,182949.0,星期五,0.0,-0.0073
2023-02-02,5.44,5.45,5.47,5.39,165405.0,星期四,0.0037,0.0018
2023-02-01,5.37,5.42,5.42,5.34,179377.0,星期三,0.0,0.0093
2023-01-31,5.34,5.37,5.38,5.3,165006.0,星期二,0.0,0.0056
2023-01-30,5.34,5.34,5.37,5.32,238800.0,星期一,0.0095,0.0
2023-01-20,5.23,5.29,5.3,5.23,158742.0,星期五,0.0019,0.0115
2023-01-19,5.19,5.22,5.22,5.17,118685.0,星期四,-0.0019,0.0058
2023-01-18,5.19,5.2,5.21,5.16,105420.0,星期三,0.0019,0.0019
2023-01-17,5.21,5.18,5.21,5.16,96428.0,星期二,0.0019,-0.0058
2023-01-16,5.17,5.2,5.23,5.15,172202.0,星期一,0.0,0.0058
2023-01-13,5.12,5.17,5.18,5.11,133586.0,星期五,0.002,0.0098
2023-01-12,5.15,5.11,5.16,5.1,98025.0,星期四,0.0039,-0.0078
2023-01-11,5.15,5.13,5.17,5.12,120422.0,星期三,0.0019,-0.0039
2023-01-10,5.17,5.14,5.17,5.13,124638.0,星期二,0.0,-0.0058
2023-01-09,5.17,5.17,5.19,5.15,121874.0,星期一,0.0019,0.0
2023-01-06,5.17,5.16,5.19,5.15,167280.0,星期五,-0.0019,-0.0019
2023-01-05,5.18,5.18,5.2,5.15,144171.0,星期四,0.0039,0.0
2023-01-04,5.17,5.16,5.21,5.13,190376.0,星期三,-0.0019,-0.0019
2023-01-03,5.1,5.18,5.19,5.08,208472.0,星期二,0.0,0.0157
2022-12-30,5.1,5.1,5.15,5.06,160084.0,星期五,0.0,0.0
2022-12-29,5.11,5.1,5.14,5.08,176310.0,星期四,0.0,-0.002
2022-12-28,5.09,5.11,5.2,5.07,244400.0,星期三,0.0,0.0039
2022-12-27,5.09,5.09,5.12,5.04,199132.0,星期二,0.002,0.0
2022-12-26,5.09,5.08,5.13,5.02,237885.0,星期一,0.0039,-0.002
2022-12-23,5.07,5.07,5.12,5.04,191646.0,星期五,-0.0059,0.0
2022-12-22,5.26,5.1,5.29,5.07,275217.0,星期四,0.0019,-0.0304
2022-12-21,5.29,5.25,5.33,5.2,315703.0,星期三,-0.0019,-0.0076
2022-12-20,5.39,5.3,5.47,5.29,313207.0,星期二,-0.011,-0.0167
2022-12-19,5.75,5.45,5.79,5.43,418589.0,星期一,0.0017,-0.0522
2022-12-16,5.65,5.74,5.77,5.62,325092.0,星期五,-0.0018,0.0159
2022-12-15,5.64,5.66,5.76,5.62,292542.0,星期四,-0.0035,0.0035
2022-12-14,5.78,5.66,5.81,5.65,381734.0,星期三,-0.0034,-0.0208
2022-12-13,5.85,5.8,5.94,5.76,486948.0,星期二,0.0017,-0.0085
2022-12-12,5.82,5.84,5.95,5.8,649547.0,星期一,0.0,0.0034
2022-12-09,5.72,5.82,5.89,5.68,747509.0,星期五,-0.0035,0.0175
2022-12-08,5.76,5.74,5.83,5.64,717419.0,星期四,0.0249,-0.0035
2022-12-07,5.49,5.62,5.72,5.45,390690.0,星期三,0.0,0.0237
2022-12-06,5.51,5.49,5.54,5.47,192659.0,星期二,-0.0036,-0.0036
2022-12-05,5.49,5.53,5.56,5.46,251970.0,星期一,0.0073,0.0073
2022-12-02,5.46,5.45,5.49,5.44,199845.0,星期五,-0.0036,-0.0018
2022-12-01,5.52,5.48,5.54,5.44,209929.0,星期四,0.0091,-0.0072
2022-11-30,5.52,5.47,5.54,5.44,194719.0,星期三,0.0036,-0.0091
2022-11-29,5.37,5.5,5.51,5.37,211467.0,星期二,-0.0037,0.0242
2022-11-28,5.35,5.39,5.42,5.31,266306.0,星期一,-0.0201,0.0075
2022-11-25,5.52,5.46,5.52,5.43,145029.0,星期五,0.0018,-0.0109
2022-11-24,5.51,5.51,5.54,5.45,141612.0,星期四,0.0018,0.0
2022-11-23,5.55,5.5,5.58,5.41,229910.0,星期三,0.0,-0.009
2022-11-22,5.7,5.55,5.71,5.5,271730.0,星期二,0.0018,-0.0263
2022-11-21,5.62,5.69,5.69,5.57,214805.0,星期一,-0.0071,0.0125
2022-11-18,5.66,5.66,5.73,5.64,225496.0,星期五,-0.0035,0.0
2022-11-17,5.59,5.68,5.68,5.58,238657.0,星期四,-0.0089,0.0161
2022-11-16,5.59,5.64,5.73,5.55,324310.0,星期三,0.0018,0.0089
2022-11-15,5.65,5.58,5.68,5.51,291220.0,星期二,0.0236,-0.0124
2022-11-14,5.44,5.52,5.59,5.43,264385.0,星期一,-0.0018,0.0147
2022-11-11,5.43,5.45,5.59,5.38,448049.0,星期五,0.0188,0.0037
2022-11-10,5.34,5.33,5.39,5.31,197289.0,星期四,-0.0019,-0.0019
2022-11-09,5.26,5.35,5.37,5.26,212025.0,星期三,-0.0019,0.0171
2022-11-08,5.34,5.27,5.35,5.24,195853.0,星期二,0.0019,-0.0131
2022-11-07,5.35,5.33,5.39,5.31,223468.0,星期一,0.0019,-0.0037
2022-11-04,5.25,5.34,5.34,5.23,246914.0,星期五,0.0057,0.0171
2022-11-03,5.27,5.22,5.29,5.22,227730.0,星期四,-0.0057,-0.0095
2022-11-02,5.26,5.3,5.36,5.23,291973.0,星期三,-0.0075,0.0076
2022-11-01,5.21,5.3,5.35,5.19,363889.0,星期二,-0.0076,0.0173
2022-10-31,5.5,5.25,5.52,5.2,386768.0,星期一,-0.0108,-0.0455
2022-10-28,5.68,5.56,5.75,5.52,216686.0,星期五,-0.0035,-0.0211
2022-10-27,5.68,5.7,5.78,5.67,168500.0,星期四,0.0,0.0035
2022-10-26,5.47,5.68,5.7,5.47,178513.0,星期三,-0.0036,0.0384
2022-10-25,5.5,5.49,5.56,5.39,149155.0,星期二,-0.0054,-0.0018
2022-10-24,5.55,5.53,5.68,5.49,196045.0,星期一,0.0,-0.0036
2022-10-21,5.59,5.55,5.64,5.55,135738.0,星期五,-0.0036,-0.0072
2022-10-20,5.63,5.61,5.69,5.61,133681.0,星期四,-0.0035,-0.0036
2022-10-19,5.69,5.65,5.76,5.64,147161.0,星期三,-0.0052,-0.007
2022-10-18,5.7,5.72,5.77,5.62,170853.0,星期二,0.0088,0.0035
2022-10-17,5.62,5.65,5.71,5.62,157058.0,星期一,-0.0088,0.0053
2022-10-14,5.48,5.67,5.74,5.47,211484.0,星期五,0.0055,0.0347
2022-10-13,5.38,5.45,5.48,5.35,170127.0,星期四,-0.0037,0.013
2022-10-12,5.3,5.4,5.41,5.21,148325.0,星期三,-0.0075,0.0189
2022-10-11,5.29,5.34,5.34,5.22,151051.0,星期二,0.0057,0.0095
2022-10-10,5.3,5.26,5.38,5.24,164483.0,星期一,-0.0038,-0.0075
2022-09-30,5.42,5.32,5.43,5.32,95914.0,星期五,0.0131,-0.0185
2022-09-29,5.41,5.35,5.48,5.31,139866.0,星期四,0.0037,-0.0111
2022-09-28,5.48,5.39,5.53,5.37,142770.0,星期三,0.0018,-0.0164
2022-09-27,5.37,5.47,5.48,5.32,109890.0,星期二,0.0056,0.0186
2022-09-26,5.4,5.34,5.48,5.32,140355.0,星期一,-0.0074,-0.0111
2022-09-23,5.5,5.44,5.54,5.36,113626.0,星期五,0.0018,-0.0109
2022-09-22,5.57,5.49,5.58,5.48,99480.0,星期四,-0.0036,-0.0144
2022-09-21,5.59,5.59,5.62,5.49,72342.0,星期三,0.0,0.0
2022-09-20,5.59,5.59,5.62,5.55,83095.0,星期二,0.009,0.0
2022-09-19,5.57,5.54,5.6,5.48,122112.0,星期一,0.0036,-0.0054
2022-09-16,5.69,5.55,5.75,5.55,170006.0,星期五,-0.0035,-0.0246
2022-09-15,5.84,5.71,5.94,5.64,179653.0,星期四,0.0017,-0.0223
2022-09-14,5.87,5.83,5.9,5.78,147922.0,星期三,-0.0084,-0.0068
2022-09-13,6.03,5.92,6.04,5.91,110461.0,星期二,0.005,-0.0182
2022-09-09,5.98,6.0,6.05,5.93,93992.0,星期五,0.0,0.0033
2022-09-08,6.06,5.98,6.07,5.98,123612.0,星期四,0.0,-0.0132
2022-09-07,6.12,6.06,6.13,6.04,115874.0,星期三,-0.0016,-0.0098
2022-09-06,6.02,6.13,6.14,5.99,172247.0,星期二,0.0033,0.0183
2022-09-05,5.96,6.0,6.08,5.94,133159.0,星期一,-0.0033,0.0067
2022-09-02,5.99,5.98,6.02,5.9,146109.0,星期五,0.0017,-0.0017
2022-09-01,6.01,5.98,6.11,5.96,186562.0,星期四,0.0017,-0.005
2022-08-31,6.15,6.0,6.15,5.98,214876.0,星期三,0.0016,-0.0244
2022-08-30,6.17,6.14,6.19,6.07,147638.0,星期二,0.0,-0.0049
2022-08-29,6.04,6.17,6.19,6.01,177116.0,星期一,-0.0082,0.0215
2022-08-26,6.04,6.09,6.18,5.99,157775.0,星期五,0.0017,0.0083
2022-08-25,6.07,6.03,6.07,5.88,178869.0,星期四,0.005,-0.0066
2022-08-24,6.16,6.04,6.24,6.01,224725.0,星期三,-0.0048,-0.0195
2022-08-23,6.2,6.19,6.2,6.11,170445.0,星期二,0.0016,-0.0016
2022-08-22,6.19,6.19,6.25,6.13,267094.0,星期一,0.0032,0.0
2022-08-19,6.14,6.17,6.38,6.13,372517.0,星期五,0.0082,0.0049
2022-08-18,6.16,6.09,6.16,6.02,190619.0,星期四,-0.0016,-0.0114
2022-08-17,6.19,6.17,6.24,6.11,147821.0,星期三,0.0081,-0.0032
2022-08-16,6.14,6.14,6.19,6.09,134659.0,星期二,-0.0016,0.0
2022-08-15,6.03,6.15,6.19,5.99,260653.0,星期一,0.005,0.0199
2022-08-12,5.96,6.0,6.04,5.92,131937.0,星期五,0.0,0.0067
2022-08-11,5.85,5.96,5.96,5.85,163366.0,星期四,0.0034,0.0188
2022-08-10,5.91,5.83,5.92,5.82,132374.0,星期三,0.0,-0.0135
2022-08-09,5.92,5.91,5.95,5.88,151859.0,星期二,0.0017,-0.0017
2022-08-08,5.88,5.91,5.93,5.82,163565.0,星期一,0.0034,0.0051
2022-08-05,5.72,5.86,5.87,5.67,195069.0,星期五,0.0035,0.0245
2022-08-04,5.66,5.7,5.71,5.61,170663.0,星期四,0.0053,0.0071
2022-08-03,5.73,5.63,5.85,5.6,206658.0,星期三,0.0088,-0.0175
2022-08-02,5.85,5.68,5.85,5.61,304520.0,星期二,-0.0068,-0.0291
2022-08-01,5.91,5.89,5.94,5.86,150745.0,星期一,0.0017,-0.0034
2022-07-29,5.99,5.9,6.02,5.89,177449.0,星期五,0.0034,-0.015
2022-07-28,6.07,5.97,6.1,5.96,175054.0,星期四,0.0033,-0.0165
2022-07-27,6.06,6.05,6.13,6.03,162135.0,星期三,-0.0049,-0.0017
2022-07-26,6.05,6.09,6.15,6.01,213151.0,星期二,0.005,0.0066
2022-07-25,6.0,6.02,6.1,5.98,222937.0,星期一,-0.0017,0.0033
2022-07-22,6.11,6.01,6.18,5.94,356899.0,星期五,-0.0016,-0.0164
2022-07-21,6.06,6.12,6.19,6.0,385316.0,星期四,0.0,0.0099
2022-07-20,5.97,6.06,6.09,5.92,354681.0,星期三,0.0051,0.0151
2022-07-19,5.8,5.94,5.97,5.74,412596.0,星期二,0.0035,0.0241
2022-07-18,5.6,5.78,5.84,5.6,462303.0,星期一,0.0018,0.0321
2022-07-15,5.49,5.59,5.71,5.42,545338.0,星期五,0.0358,0.0182
2022-07-14,5.33,5.3,5.36,5.29,103869.0,星期四,-0.0019,-0.0056
2022-07-13,5.3,5.34,5.35,5.28,82059.0,星期三,0.0076,0.0075
2022-07-12,5.35,5.26,5.38,5.25,123019.0,星期二,-0.0019,-0.0168
2022-07-11,5.4,5.36,5.41,5.32,113271.0,星期一,-0.0037,-0.0074
2022-07-08,5.43,5.42,5.46,5.41,81183.0,星期五,0.0018,-0.0018
2022-07-07,5.41,5.42,5.46,5.39,91330.0,星期四,-0.0018,0.0018
2022-07-06,5.55,5.42,5.56,5.36,182665.0,星期三,-0.0036,-0.0234
2022-07-05,5.58,5.57,5.63,5.49,157694.0,星期二,-0.0018,-0.0018
2022-07-04,5.53,5.59,5.6,5.5,143598.0,星期一,0.0,0.0108
2022-07-01,5.57,5.53,5.63,5.52,118180.0,星期五,-0.0018,-0.0072
2022-06-30,5.6,5.58,5.63,5.52,138975.0,星期四,0.0108,-0.0036
2022-06-29,5.6,5.54,5.65,5.53,150158.0,星期三,0.0018,-0.0107
2022-06-28,5.57,5.59,5.64,5.55,121666.0,星期二,-0.0018,0.0036
2022-06-27,5.53,5.58,5.66,5.51,230173.0,星期一,0.011,0.009
2022-06-24,5.45,5.47,5.49,5.43,125285.0,星期五,0.0,0.0037
2022-06-23,5.39,5.45,5.45,5.32,98300.0,星期四,0.0056,0.0111
2022-06-22,5.41,5.36,5.48,5.36,117409.0,星期三,-0.0055,-0.0092
2022-06-21,5.5,5.44,5.53,5.4,117416.0,星期二,0.0018,-0.0109
2022-06-20,5.49,5.49,5.51,5.41,131352.0,星期一,0.0037,0.0
2022-06-17,5.42,5.47,5.49,5.4,134487.0,星期五,0.0,0.0092
2022-06-16,5.47,5.42,5.53,5.42,123608.0,星期四,0.0,-0.0091
2022-06-15,5.5,5.47,5.58,5.46,203776.0,星期三,0.0036,-0.0055
2022-06-14,5.35,5.48,5.49,5.29,171564.0,星期二,-0.0111,0.0243
2022-06-13,5.41,5.41,5.49,5.36,157466.0,星期一,-0.0073,0.0
2022-06-10,5.24,5.45,5.46,5.21,216926.0,星期五,-0.0076,0.0401
2022-06-09,5.31,5.28,5.36,5.24,120515.0,星期四,-0.0093,-0.0056
2022-06-08,5.36,5.36,5.4,5.24,168370.0,星期三,0.0,0.0
2022-06-07,5.38,5.36,5.39,5.32,121851.0,星期二,0.0037,-0.0037
2022-06-06,5.29,5.36,5.38,5.25,170000.0,星期一,0.0,0.0132
2022-06-02,5.3,5.29,5.32,5.18,208108.0,星期四,-0.0346,-0.0019
2022-06-01,5.43,5.49,5.51,5.43,186197.0,星期三,-0.0073,0.011
2022-05-31,5.44,5.47,5.48,5.38,132920.0,星期二,0.0037,0.0055
2022-05-30,5.41,5.42,5.45,5.36,101642.0,星期一,0.0019,0.0018
2022-05-27,5.35,5.4,5.47,5.34,190040.0,星期五,0.0056,0.0093
2022-05-26,5.31,5.32,5.34,5.22,120787.0,星期四,0.0038,0.0019
2022-05-25,5.19,5.29,5.29,5.17,123400.0,星期三,0.0,0.0193
2022-05-24,5.47,5.19,5.48,5.18,179723.0,星期二,0.0055,-0.0512
2022-05-23,5.46,5.44,5.47,5.4,135727.0,星期一,0.013,-0.0037
2022-05-20,5.31,5.39,5.46,5.28,192273.0,星期五,0.0019,0.0151
2022-05-19,5.22,5.3,5.31,5.2,142197.0,星期四,-0.0169,0.0153
2022-05-18,5.38,5.31,5.4,5.3,122436.0,星期三,0.0,-0.013
2022-05-17,5.39,5.38,5.4,5.33,137195.0,星期二,-0.0019,-0.0019
2022-05-16,5.36,5.4,5.44,5.36,141745.0,星期一,0.0,0.0075
2022-05-13,5.29,5.36,5.42,5.28,128756.0,星期五,0.0019,0.0132
2022-05-12,5.24,5.28,5.34,5.23,125600.0,星期四,-0.0038,0.0076
2022-05-11,5.29,5.26,5.39,5.25,183210.0,星期三,0.0,-0.0057
2022-05-10,5.18,5.29,5.3,5.16,173091.0,星期二,-0.0058,0.0212
2022-05-09,5.15,5.21,5.28,5.13,131844.0,星期一,-0.0019,0.0117
2022-05-06,5.17,5.16,5.27,5.13,176058.0,星期五,-0.0208,-0.0019
2022-05-05,5.01,5.28,5.34,5.01,299659.0,星期四,0.004,0.0539
2022-04-29,4.84,4.99,5.02,4.82,168042.0,星期五,0.0083,0.031
2022-04-28,4.82,4.8,4.87,4.71,172051.0,星期四,-0.0082,-0.0041
2022-04-27,4.6,4.86,4.87,4.54,289585.0,星期三,-0.0129,0.0565
2022-04-26,4.85,4.66,4.87,4.65,237440.0,星期二,0.0083,-0.0392
2022-04-25,5.13,4.81,5.16,4.78,343415.0,星期一,-0.0116,-0.0624
2022-04-22,5.25,5.19,5.26,5.11,194612.0,星期五,-0.0038,-0.0114
2022-04-21,5.46,5.27,5.49,5.22,215405.0,星期四,-0.0018,-0.0348
2022-04-20,5.55,5.47,5.64,5.45,188546.0,星期三,-0.0018,-0.0144
2022-04-19,5.46,5.56,5.61,5.4,187055.0,星期二,0.0,0.0183
2022-04-18,5.44,5.46,5.51,5.32,145840.0,星期一,-0.0018,0.0037
2022-04-15,5.57,5.45,5.61,5.45,227295.0,星期五,-0.0054,-0.0215
2022-04-14,5.63,5.6,5.69,5.55,200948.0,星期四,0.0018,-0.0053
2022-04-13,5.71,5.62,5.72,5.59,136386.0,星期三,-0.0087,-0.0158
2022-04-12,5.74,5.76,5.76,5.5,260507.0,星期二,0.0035,0.0035
2022-04-11,5.93,5.72,5.96,5.69,207930.0,星期一,-0.0067,-0.0354
2022-04-08,5.98,5.97,5.99,5.78,219426.0,星期五,0.0,-0.0017
2022-04-07,6.12,5.98,6.17,5.97,243660.0,星期四,-0.0065,-0.0229
2022-04-06,6.08,6.16,6.19,6.08,182058.0,星期三,-0.0033,0.0132
2022-04-01,6.09,6.1,6.13,6.04,203768.0,星期五,-0.0065,0.0016
2022-03-31,6.03,6.13,6.24,6.01,345998.0,星期四,-0.005,0.0166
2022-03-30,6.11,6.06,6.11,5.97,297624.0,星期三,0.0016,-0.0082
2022-03-29,5.98,6.1,6.11,5.93,282648.0,星期二,-0.0017,0.0201
2022-03-28,5.93,5.99,6.01,5.82,200406.0,星期一,-0.005,0.0101
2022-03-25,6.0,5.96,6.05,5.95,181240.0,星期五,-0.0066,-0.0067
2022-03-24,5.97,6.04,6.08,5.91,216205.0,星期四,-0.0067,0.0117
2022-03-23,5.95,6.01,6.09,5.95,216481.0,星期三,-0.005,0.0101
2022-03-22,6.03,5.98,6.06,5.95,204877.0,星期二,-0.0033,-0.0083
2022-03-21,6.0,6.05,6.14,5.94,275838.0,星期一,0.005,0.0083
2022-03-18,5.96,5.97,5.99,5.9,196720.0,星期五,0.0017,0.0017
2022-03-17,5.77,5.95,6.08,5.76,401163.0,星期四,0.0052,0.0312
2022-03-16,5.67,5.74,5.75,5.35,345096.0,星期三,0.0198,0.0123
2022-03-15,5.93,5.56,5.99,5.55,377143.0,星期二,-0.005,-0.0624
2022-03-14,6.1,5.96,6.24,5.96,347450.0,星期一,-0.0016,-0.023
2022-03-11,5.87,6.11,6.13,5.83,400806.0,星期五,-0.0134,0.0409
2022-03-10,5.77,5.95,6.18,5.74,535328.0,星期四,0.0249,0.0312
2022-03-09,5.85,5.63,5.9,5.4,462252.0,星期三,-0.0017,-0.0376
2022-03-08,6.4,5.86,6.42,5.85,747066.0,星期二,-0.0154,-0.0844
2022-03-07,6.55,6.5,6.58,6.37,474662.0,星期一,0.0171,-0.0076
2022-03-04,6.36,6.44,6.54,6.34,383469.0,星期五,-0.0031,0.0126
2022-03-03,6.34,6.38,6.42,6.31,263062.0,星期四,0.0016,0.0063
2022-03-02,6.28,6.33,6.34,6.23,161764.0,星期三,-0.0032,0.008
2022-03-01,6.32,6.3,6.35,6.25,145768.0,星期二,0.0048,-0.0032
2022-02-28,6.32,6.29,6.32,6.2,171243.0,星期一,0.0048,-0.0047
2022-02-25,6.17,6.29,6.39,6.15,396993.0,星期五,0.0098,0.0194
2022-02-24,6.33,6.11,6.33,6.06,331516.0,星期四,-0.0016,-0.0348
2022-02-23,6.21,6.34,6.35,6.19,243423.0,星期三,0.0049,0.0209
2022-02-22,6.3,6.18,6.36,6.15,247689.0,星期二,-0.0094,-0.019
2022-02-21,6.26,6.36,6.41,6.15,334952.0,星期一,0.0129,0.016
2022-02-18,6.13,6.18,6.19,6.06,192968.0,星期五,-0.0033,0.0082
2022-02-17,6.2,6.15,6.22,6.14,180298.0,星期四,0.0032,-0.0081
2022-02-16,6.23,6.18,6.25,6.18,144031.0,星期三,0.0048,-0.008
2022-02-15,6.25,6.2,6.25,6.15,144183.0,星期二,0.0,-0.008
2022-02-14,6.2,6.25,6.33,6.16,183965.0,星期一,-0.0016,0.0081
2022-02-11,6.35,6.21,6.36,6.2,234437.0,星期五,-0.0047,-0.022
2022-02-10,6.39,6.38,6.42,6.32,173582.0,星期四,0.0,-0.0016
2022-02-09,6.36,6.39,6.4,6.32,192022.0,星期三,0.0,0.0047
2022-02-08,6.25,6.36,6.36,6.23,162561.0,星期二,-0.0032,0.0176
2022-02-07,6.3,6.27,6.35,6.23,147568.0,星期一,0.0112,-0.0048
2022-01-28,6.25,6.23,6.3,6.1,190243.0,星期五,0.0146,-0.0032
2022-01-27,6.29,6.16,6.33,6.13,172372.0,星期四,0.0016,-0.0207
2022-01-26,6.35,6.28,6.36,6.23,120736.0,星期三,0.0111,-0.011
2022-01-25,6.4,6.28,6.48,6.26,197944.0,星期二,-0.0078,-0.0188
2022-01-24,6.6,6.45,6.61,6.42,226918.0,星期一,-0.0075,-0.0227
2022-01-21,6.86,6.65,6.88,6.64,282826.0,星期五,-0.0072,-0.0306
2022-01-20,7.1,6.91,7.18,6.88,397853.0,星期四,-0.0028,-0.0268
2022-01-19,6.81,7.12,7.28,6.78,434519.0,星期三,-0.0015,0.0455
2022-01-18,7.1,6.82,7.16,6.78,477832.0,星期二,-0.0028,-0.0394
2022-01-17,7.23,7.12,7.34,7.1,412468.0,星期一,-0.0014,-0.0152
2022-01-14,7.09,7.24,7.43,7.05,470852.0,星期五,-0.007,0.0212
2022-01-13,7.36,7.14,7.39,7.12,384042.0,星期四,0.0,-0.0299
2022-01-12,7.15,7.36,7.38,7.11,429905.0,星期三,-0.0083,0.0294
2022-01-11,7.11,7.21,7.27,7.09,361020.0,星期二,-0.0014,0.0141
2022-01-10,7.12,7.12,7.18,7.04,217010.0,星期一,0.0028,0.0
2022-01-07,7.13,7.1,7.31,7.09,330342.0,星期五,0.0014,-0.0042
2022-01-06,7.08,7.12,7.19,7.06,259573.0,星期四,-0.0042,0.0056
2022-01-05,7.27,7.11,7.3,7.09,372468.0,星期三,-0.0041,-0.022
2022-01-04,7.28,7.3,7.47,7.26,433751.0,星期二,0.0055,0.0027
2021-12-31,7.15,7.24,7.32,7.13,404519.0,星期五,-0.0042,0.0126
2021-12-30,7.18,7.18,7.24,7.07,333651.0,星期四,-0.0028,0.0
2021-12-29,7.15,7.2,7.28,7.1,379311.0,星期三,0.0,0.007
2021-12-28,7.14,7.15,7.22,7.06,345912.0,星期二,-0.0111,0.0014
2021-12-27,6.93,7.22,7.27,6.85,535774.0,星期一,0.0029,0.0418
2021-12-24,6.91,6.91,6.96,6.76,275305.0,星期五,0.0029,0.0
2021-12-23,6.99,6.89,7.01,6.86,234580.0,星期四,0.0,-0.0143
2021-12-22,6.82,6.99,7.01,6.77,329884.0,星期三,0.0029,0.0249
2021-12-21,6.69,6.8,6.8,6.68,180452.0,星期二,-0.0045,0.0164
2021-12-20,6.71,6.72,6.82,6.69,251629.0,星期一,-0.0089,0.0015
2021-12-17,6.94,6.77,6.94,6.75,298551.0,星期五,-0.0029,-0.0245
2021-12-16,6.9,6.96,6.98,6.77,273780.0,星期四,0.0,0.0087
2021-12-15,6.87,6.9,7.0,6.85,259452.0,星期三,0.0,0.0044
2021-12-14,6.94,6.87,7.01,6.85,267063.0,星期二,-0.0014,-0.0101
2021-12-13,7.0,6.95,7.06,6.95,291265.0,星期一,0.0,-0.0071
2021-12-10,7.14,7.0,7.15,6.99,310109.0,星期五,0.0014,-0.0196
2021-12-09,7.12,7.13,7.27,7.05,325345.0,星期四,0.0,0.0014
2021-12-08,7.1,7.12,7.17,7.03,239007.0,星期三,0.0057,0.0028
2021-12-07,7.27,7.06,7.3,6.98,408941.0,星期二,0.0097,-0.0289
2021-12-06,7.38,7.2,7.43,7.19,382863.0,星期一,-0.0027,-0.0244
2021-12-03,7.32,7.4,7.45,7.21,366239.0,星期五,-0.0041,0.0109
2021-12-02,7.38,7.35,7.59,7.34,496878.0,星期四,-0.0054,-0.0041
2021-12-01,7.39,7.42,7.48,7.32,428218.0,星期三,0.0041,0.0041
2021-11-30,7.41,7.36,7.62,7.3,620189.0,星期二,0.0054,-0.0067
2021-11-29,7.4,7.37,7.55,7.32,526401.0,星期一,-0.0173,-0.0041
2021-11-26,7.61,7.53,7.73,7.46,612105.0,星期五,0.0,-0.0105
2021-11-25,7.56,7.61,7.86,7.48,841589.0,星期四,0.0148,0.0066
2021-11-24,7.44,7.45,7.58,7.3,680932.0,星期三,-0.0146,0.0013
2021-11-23,7.53,7.55,7.58,7.36,1287621.0,星期二,0.0176,0.0027
2021-11-22,6.96,7.4,7.4,6.94,744743.0,星期一,0.0342,0.0632
2021-11-19,6.4,6.73,6.92,6.27,900054.0,星期五,0.0016,0.0516
2021-11-18,6.37,6.39,6.42,6.33,286593.0,星期四,-0.0016,0.0031
2021-11-17,6.41,6.38,6.48,6.32,436045.0,星期三,-0.0031,-0.0047
2021-11-16,6.55,6.43,6.62,6.4,514274.0,星期二,-0.0091,-0.0183
2021-11-15,7.02,6.61,7.04,6.49,816627.0,星期一,0.0,-0.0584
2021-11-12,7.04,7.02,7.16,6.95,613764.0,星期五,0.0,-0.0028
2021-11-11,6.84,7.04,7.2,6.8,844742.0,星期四,0.0015,0.0292
2021-11-10,6.65,6.83,6.91,6.53,676041.0,星期三,0.0015,0.0271
2021-11-09,6.44,6.64,6.73,6.42,662665.0,星期二,0.0063,0.0311
2021-11-08,6.44,6.4,6.53,6.34,424672.0,星期一,-0.0046,-0.0062
2021-11-05,6.43,6.47,6.64,6.36,651442.0,星期五,-0.0016,0.0062
2021-11-04,6.3,6.44,6.46,6.27,431044.0,星期四,-0.0047,0.0222
2021-11-03,6.24,6.33,6.55,6.16,524885.0,星期三,0.0,0.0144
2021-11-02,6.5,6.24,6.56,6.2,769193.0,星期二,-0.0046,-0.04
2021-11-01,6.26,6.53,6.82,6.12,1155331.0,星期一,0.0097,0.0431
2021-10-29,6.12,6.2,6.21,6.09,318704.0,星期五,0.0,0.0131
2021-10-28,6.27,6.12,6.31,6.08,345546.0,星期四,0.0032,-0.0239
2021-10-27,6.35,6.25,6.39,6.18,323987.0,星期三,-0.0031,-0.0157
2021-10-26,6.45,6.37,6.5,6.32,394508.0,星期二,-0.0015,-0.0124
2021-10-25,6.3,6.46,6.55,6.27,518161.0,星期一,-0.0172,0.0254
2021-10-22,6.83,6.41,6.85,6.38,1125738.0,星期五,-0.0144,-0.0615
2021-10-21,6.66,6.93,6.96,6.62,915952.0,星期四,0.003,0.0405
2021-10-20,6.77,6.64,6.77,6.61,445905.0,星期三,0.0,-0.0192
2021-10-19,6.75,6.77,6.83,6.66,414417.0,星期二,0.003,0.003
2021-10-18,6.65,6.73,6.81,6.59,363883.0,星期一,0.0,0.012
2021-10-15,6.75,6.65,6.84,6.61,465187.0,星期五,-0.0088,-0.0148
2021-10-14,6.67,6.81,6.92,6.62,436125.0,星期四,-0.003,0.021
2021-10-13,6.64,6.69,6.78,6.52,486320.0,星期三,-0.009,0.0075
2021-10-12,6.82,6.7,6.93,6.61,711019.0,星期二,0.0,-0.0176
2021-10-11,6.89,6.82,7.02,6.74,465203.0,星期一,-0.0086,-0.0102
2021-10-08,7.0,6.95,7.15,6.87,551910.0,星期五,0.0086,-0.0071
2021-09-30,7.0,6.94,7.07,6.81,557582.0,星期四,0.0219,-0.0086
2021-09-29,7.28,6.85,7.35,6.8,829024.0,星期三,0.0041,-0.0591
2021-09-28,7.34,7.25,7.46,7.14,1351050.0,星期二,-0.0566,-0.0123
2021-09-27,8.38,7.78,8.4,7.78,721526.0,星期一,-0.0301,-0.0716
2021-09-24,8.82,8.64,8.85,8.4,839385.0,星期五,0.0173,-0.0204
2021-09-23,8.8,8.67,8.93,8.59,841892.0,星期四,0.0092,-0.0148
2021-09-22,8.46,8.72,8.85,8.29,1032115.0,星期三,0.0132,0.0307
2021-09-17,8.6,8.35,8.72,8.24,1040617.0,星期五,0.0153,-0.0291
2021-09-16,8.62,8.47,9.03,8.44,1502337.0,星期四,-0.0315,-0.0174
2021-09-15,8.57,8.9,9.23,8.57,1413683.0,星期三,-0.025,0.0385
2021-09-14,9.8,8.79,9.8,8.79,2243318.0,星期二,0.0031,-0.1031
2021-09-13,9.2,9.77,9.77,9.0,1454791.0,星期一,0.036,0.062
2021-09-10,8.45,8.88,9.19,8.29,1642273.0,星期五,0.0048,0.0509
2021-09-09,8.29,8.41,8.58,8.19,1944680.0,星期四,0.0184,0.0145
2021-09-08,7.74,8.14,8.18,7.63,2440835.0,星期三,0.0403,0.0517
2021-09-07,6.8,7.44,7.44,6.71,1557053.0,星期二,0.0059,0.0941
2021-09-06,6.6,6.76,6.88,6.43,1100445.0,星期一,0.0312,0.0242
2021-09-03,6.72,6.4,6.74,6.32,1146283.0,星期五,0.0962,-0.0476
2021-09-02,6.19,6.13,6.2,6.07,289692.0,星期四,0.0131,-0.0097
2021-09-01,6.01,6.11,6.27,5.98,497770.0,星期三,0.0084,0.0166
2021-08-31,5.71,5.96,6.12,5.7,404032.0,星期二,-0.0087,0.0438
2021-08-30,5.85,5.76,5.91,5.74,228489.0,星期一,-0.0034,-0.0154
2021-08-27,5.93,5.87,5.95,5.82,173287.0,星期五,0.0051,-0.0101
2021-08-26,5.84,5.9,5.98,5.79,354925.0,星期四,0.0052,0.0103
2021-08-25,5.66,5.81,5.82,5.6,275923.0,星期三,0.0,0.0265
2021-08-24,5.68,5.66,5.73,5.64,157473.0,星期二,-0.0018,-0.0035
2021-08-23,5.7,5.69,5.74,5.68,158772.0,星期一,-0.0018,-0.0018
2021-08-20,5.66,5.71,5.73,5.64,169983.0,星期五,-0.0053,0.0088
2021-08-19,5.79,5.69,5.79,5.65,168282.0,星期四,0.0,-0.0173
2021-08-18,5.65,5.79,5.8,5.62,229970.0,星期三,0.0,0.0248
2021-08-17,5.75,5.65,5.83,5.64,194515.0,星期二,0.0,-0.0174
2021-08-16,5.6,5.75,5.82,5.59,265826.0,星期一,-0.0036,0.0268
2021-08-13,5.7,5.62,5.76,5.6,222596.0,星期五,-0.0018,-0.014
2021-08-12,5.57,5.71,5.8,5.54,487264.0,星期四,0.0296,0.0251
2021-08-11,5.43,5.41,5.47,5.38,132242.0,星期三,-0.0037,-0.0037
2021-08-10,5.4,5.45,5.47,5.37,148108.0,星期二,0.0,0.0093
2021-08-09,5.24,5.4,5.41,5.22,197458.0,星期一,0.0,0.0305
2021-08-06,5.28,5.24,5.31,5.18,176290.0,星期五,-0.0019,-0.0076
2021-08-05,5.36,5.29,5.42,5.26,181654.0,星期四,-0.0037,-0.0131
2021-08-04,5.46,5.38,5.47,5.33,176474.0,星期三,0.0018,-0.0147
2021-08-03,5.43,5.45,5.53,5.4,189798.0,星期二,0.0,0.0037
2021-08-02,5.33,5.43,5.47,5.28,215220.0,星期一,-0.013,0.0188
2021-07-30,5.4,5.4,5.4,5.25,203427.0,星期五,0.0019,0.0
2021-07-29,5.45,5.39,5.47,5.36,154214.0,星期四,0.0093,-0.011
2021-07-28,5.43,5.4,5.48,5.28,196019.0,星期三,0.0,-0.0055
2021-07-27,5.48,5.43,5.56,5.43,192962.0,星期二,0.0018,-0.0091
2021-07-26,5.65,5.47,5.69,5.44,292941.0,星期一,-0.0053,-0.0319
2021-07-23,5.82,5.68,5.84,5.66,272848.0,星期五,-0.0017,-0.0241
2021-07-22,5.97,5.83,5.98,5.81,249570.0,星期四,0.0034,-0.0235
2021-07-21,6.01,5.95,6.06,5.9,236445.0,星期三,-0.0033,-0.01
2021-07-20,6.01,6.03,6.12,5.96,251254.0,星期二,0.0017,0.0033
2021-07-19,5.83,6.0,6.03,5.8,295867.0,星期一,0.0,0.0292
2021-07-16,5.81,5.83,5.87,5.78,130157.0,星期五,-0.0034,0.0034
2021-07-15,5.9,5.83,5.91,5.78,222925.0,星期四,-0.0051,-0.0119
2021-07-14,5.87,5.93,6.03,5.83,340444.0,星期三,-0.0017,0.0102
2021-07-13,5.81,5.88,5.9,5.74,236626.0,星期二,0.0,0.012
2021-07-12,5.83,5.81,5.92,5.79,231853.0,星期一,0.0034,-0.0034
2021-07-09,5.7,5.81,5.83,5.69,169988.0,星期五,-0.0052,0.0193
2021-07-08,5.93,5.73,5.94,5.71,298722.0,星期四,0.0051,-0.0337
2021-07-07,5.88,5.9,5.97,5.87,205278.0,星期三,-0.0068,0.0034
2021-07-06,6.04,5.92,6.05,5.85,300821.0,星期二,0.0,-0.0199
2021-07-05,6.02,6.04,6.08,5.98,212909.0,星期一,-0.0033,0.0033
2021-07-02,6.22,6.04,6.24,6.0,386571.0,星期五,-0.0048,-0.0289
2021-07-01,6.2,6.25,6.41,6.16,419909.0,星期四,-0.0016,0.0081
2021-06-30,6.19,6.21,6.29,6.16,191114.0,星期三,-0.0032,0.0032
2021-06-29,6.24,6.21,6.33,6.16,271005.0,星期二,-0.0032,-0.0048
2021-06-28,6.17,6.26,6.35,6.17,360109.0,星期一,0.0049,0.0146
2021-06-25,5.94,6.14,6.21,5.92,414659.0,星期五,0.0068,0.0337
2021-06-24,6.09,5.9,6.12,5.89,447720.0,星期四,0.0,-0.0312
2021-06-23,6.13,6.09,6.2,6.02,322925.0,星期三,-0.0016,-0.0065
2021-06-22,6.18,6.14,6.23,6.12,250466.0,星期二,0.0049,-0.0065
2021-06-21,6.11,6.15,6.26,6.08,297955.0,星期一,-0.0033,0.0065
2021-06-18,6.1,6.13,6.15,5.95,354432.0,星期五,0.0,0.0049
2021-06-17,6.08,6.1,6.24,6.05,320423.0,星期四,0.0,0.0033
2021-06-16,6.16,6.08,6.2,6.04,247455.0,星期三,-0.0032,-0.013
2021-06-15,6.46,6.18,6.49,6.16,457277.0,星期二,-0.0062,-0.0433
2021-06-11,6.47,6.5,6.6,6.37,324204.0,星期五,0.0015,0.0046
2021-06-10,6.62,6.46,6.65,6.41,418106.0,星期四,0.0,-0.0242
2021-06-09,6.49,6.62,6.79,6.47,457080.0,星期三,0.0031,0.02
2021-06-08,6.45,6.47,6.58,6.35,491643.0,星期二,0.0016,0.0031
2021-06-07,6.65,6.44,6.65,6.31,704534.0,星期一,-0.0104,-0.0316
2021-06-04,6.94,6.72,7.08,6.64,790572.0,星期五,-0.0142,-0.0317
2021-06-03,6.97,7.04,7.09,6.85,563201.0,星期四,0.0043,0.01
2021-06-02,7.29,6.94,7.41,6.93,898073.0,星期三,-0.0055,-0.048
2021-06-01,7.36,7.33,7.55,7.1,909835.0,星期二,0.011,-0.0041
2021-05-31,7.01,7.28,7.32,7.01,801761.0,星期一,-0.0141,0.0385
2021-05-28,7.2,7.11,7.49,7.05,1024826.0,星期五,-0.0083,-0.0125
2021-05-27,7.08,7.26,7.36,7.0,947488.0,星期四,0.0,0.0254
2021-05-26,7.16,7.08,7.24,6.99,891153.0,星期三,0.0056,-0.0112
2021-05-25,6.73,7.12,7.19,6.71,1202367.0,星期二,0.003,0.0579
2021-05-24,6.64,6.71,6.8,6.52,711841.0,星期一,-0.0045,0.0105
2021-05-21,6.81,6.67,6.93,6.6,747178.0,星期五,-0.0073,-0.0206
2021-05-20,6.61,6.86,7.36,6.56,1124028.0,星期四,-0.0178,0.0378
2021-05-19,6.7,6.73,7.02,6.64,884661.0,星期三,-0.0089,0.0045
2021-05-18,6.7,6.76,6.84,6.55,697858.0,星期二,-0.0059,0.009
2021-05-17,6.53,6.74,6.92,6.48,922300.0,星期一,-0.0151,0.0322
2021-05-14,6.98,6.63,7.0,6.6,1111931.0,星期五,0.0087,-0.0501
2021-05-13,6.95,6.92,7.12,6.8,1744951.0,星期四,0.0161,-0.0043
2021-05-12,6.14,6.84,6.84,6.11,1683258.0,星期三,-0.0129,0.114
2021-05-11,6.24,6.22,6.33,5.92,976982.0,星期二,-0.0204,-0.0032
2021-05-10,6.35,6.37,6.42,6.18,994835.0,星期一,0.0047,0.0031
2021-05-07,6.9,6.32,6.99,6.32,1433745.0,星期五,0.0132,-0.0841
2021-05-06,6.58,6.81,7.12,6.42,1837652.0,星期四,0.017,0.035
2021-04-30,6.2,6.47,6.58,6.15,1088861.0,星期五,-0.0373,0.0435
2021-04-29,6.51,6.44,6.77,6.42,968840.0,星期四,-0.0151,-0.0108
2021-04-28,6.26,6.61,6.78,6.21,1183977.0,星期三,-0.0063,0.0559
2021-04-27,6.35,6.3,6.48,6.05,951281.0,星期二,-0.0201,-0.0079
2021-04-26,6.21,6.48,6.63,6.16,981990.0,星期一,-0.0016,0.0435
2021-04-23,6.39,6.22,6.4,6.16,748043.0,星期五,0.0143,-0.0266
2021-04-22,6.4,6.3,6.65,6.26,1298598.0,星期四,0.0079,-0.0156
2021-04-21,6.12,6.35,6.5,6.09,1206364.0,星期三,-0.0065,0.0376
2021-04-20,5.94,6.16,6.33,5.92,1054247.0,星期二,-0.0017,0.037
2021-04-19,6.05,5.95,6.05,5.88,683239.0,星期一,-0.0066,-0.0165
2021-04-16,6.17,6.09,6.19,6.02,712302.0,星期五,-0.0128,-0.013
2021-04-15,6.08,6.25,6.36,5.98,1134419.0,星期四,0.0016,0.028
2021-04-14,5.81,6.07,6.34,5.77,1068977.0,星期三,-0.0068,0.0448
2021-04-13,5.58,5.85,5.98,5.57,684543.0,星期二,-0.0071,0.0484
2021-04-12,5.75,5.62,5.8,5.55,392882.0,星期一,-0.0035,-0.0226
2021-04-09,5.63,5.77,5.93,5.62,520623.0,星期五,-0.0053,0.0249
2021-04-08,5.67,5.66,5.75,5.59,363827.0,星期四,-0.0105,-0.0018
2021-04-07,5.55,5.73,5.93,5.52,616609.0,星期三,-0.0036,0.0324
2021-04-06,5.48,5.57,5.62,5.42,290681.0,星期二,0.0037,0.0164
2021-04-02,5.54,5.46,5.59,5.45,322846.0,星期五,-0.0018,-0.0144
2021-04-01,5.36,5.55,5.66,5.35,475007.0,星期四,-0.0056,0.0354
2021-03-31,5.37,5.39,5.44,5.33,220846.0,星期三,-0.0019,0.0037
2021-03-30,5.36,5.38,5.44,5.23,255539.0,星期二,0.0019,0.0037
2021-03-29,5.22,5.35,5.41,5.18,274178.0,星期一,-0.0038,0.0249
2021-03-26,5.26,5.24,5.32,5.21,157175.0,星期五,0.0019,-0.0038
2021-03-25,5.25,5.25,5.3,5.23,141397.0,星期四,-0.0076,0.0
2021-03-24,5.29,5.29,5.37,5.27,164736.0,星期三,-0.0038,0.0
2021-03-23,5.42,5.31,5.45,5.27,262836.0,星期二,0.0,-0.0203
2021-03-22,5.43,5.42,5.49,5.39,210908.0,星期一,-0.0037,-0.0018
2021-03-19,5.37,5.45,5.49,5.34,330384.0,星期五,-0.0129,0.0149
2021-03-18,5.16,5.44,5.52,5.14,545121.0,星期四,0.0019,0.0543
2021-03-17,5.19,5.15,5.2,5.12,115063.0,星期三,0.0039,-0.0077
2021-03-16,5.05,5.17,5.18,5.05,174473.0,星期二,-0.002,0.0238
2021-03-15,5.03,5.06,5.1,5.02,123798.0,星期一,0.0,0.006
2021-03-12,4.99,5.03,5.05,4.94,136454.0,星期五,0.002,0.008
2021-03-11,4.98,4.98,4.99,4.92,126797.0,星期四,0.0061,0.0
2021-03-10,5.14,4.95,5.14,4.95,188544.0,星期三,0.0059,-0.037
2021-03-09,5.15,5.11,5.17,5.06,178385.0,星期二,0.0019,-0.0078
2021-03-08,5.21,5.14,5.22,5.12,165246.0,星期一,0.0039,-0.0134
2021-03-05,5.13,5.19,5.22,5.13,142151.0,星期五,-0.0077,0.0117
2021-03-04,5.21,5.17,5.23,5.14,170777.0,星期四,0.0039,-0.0077
2021-03-03,5.16,5.19,5.22,5.13,139533.0,星期三,0.0019,0.0058
2021-03-02,5.28,5.15,5.28,5.12,165336.0,星期二,0.0096,-0.0246
2021-03-01,5.11,5.23,5.25,5.08,260054.0,星期一,0.0179,0.0235
2021-02-26,5.07,5.02,5.11,5.01,168381.0,星期五,-0.0098,-0.0099
2021-02-25,5.23,5.12,5.24,5.09,202919.0,星期四,0.0019,-0.021
2021-02-24,5.26,5.22,5.31,5.16,225745.0,星期三,0.0,-0.0076
2021-02-23,5.2,5.26,5.32,5.15,248608.0,星期二,0.0,0.0115
2021-02-22,5.15,5.2,5.29,5.13,303981.0,星期一,0.0039,0.0097
2021-02-19,5.04,5.13,5.15,5.01,239148.0,星期五,0.0,0.0179
2021-02-18,4.96,5.04,5.08,4.96,242000.0,星期四,0.002,0.0161
2021-02-10,4.95,4.95,5.05,4.9,248788.0,星期三,-0.002,0.0
2021-02-09,4.82,4.96,5.0,4.82,221945.0,星期二,-0.0082,0.029
2021-02-08,5.0,4.86,5.0,4.81,205037.0,星期一,0.0101,-0.028
2021-02-05,4.84,4.95,4.99,4.78,294499.0,星期五,0.0104,0.0227
2021-02-04,4.76,4.79,4.93,4.74,202891.0,星期四,-0.0021,0.0063
2021-02-03,4.82,4.77,4.84,4.73,103034.0,星期三,0.0042,-0.0104
2021-02-02,4.83,4.8,4.89,4.78,123505.0,星期二,0.0021,-0.0062
2021-02-01,4.77,4.82,4.84,4.76,95211.0,星期一,-0.0021,0.0105
2021-01-29,4.82,4.78,4.84,4.74,142109.0,星期五,0.0,-0.0083
2021-01-28,4.9,4.82,4.94,4.78,182557.0,星期四,-0.0061,-0.0163
2021-01-27,4.99,4.93,5.05,4.91,157521.0,星期三,0.0,-0.012
2021-01-26,5.03,4.99,5.07,4.98,158299.0,星期二,0.002,-0.008
2021-01-25,5.17,5.02,5.18,5.02,218883.0,星期一,-0.0019,-0.029
2021-01-22,5.31,5.18,5.33,5.17,196413.0,星期五,0.0019,-0.0245
2021-01-21,5.33,5.3,5.36,5.28,159036.0,星期四,0.0,-0.0056
2021-01-20,5.33,5.33,5.38,5.26,144268.0,星期三,0.0019,0.0
2021-01-19,5.22,5.32,5.35,5.18,200984.0,星期二,0.0,0.0192
2021-01-18,5.2,5.22,5.26,5.16,139785.0,星期一,-0.0019,0.0038
2021-01-15,5.19,5.21,5.24,5.18,104003.0,星期五,0.0,0.0039
2021-01-14,5.17,5.19,5.24,5.17,110079.0,星期四,-0.0039,0.0039
2021-01-13,5.23,5.19,5.24,5.12,148953.0,星期三,0.0038,-0.0076
2021-01-12,5.19,5.21,5.27,5.18,117638.0,星期二,-0.0019,0.0039
2021-01-11,5.35,5.2,5.38,5.18,193881.0,星期一,-0.0037,-0.028
2021-01-08,5.2,5.37,5.4,5.15,276849.0,星期五,-0.0057,0.0327
2021-01-07,5.38,5.23,5.47,5.18,284036.0,星期四,0.0,-0.0279
2021-01-06,5.4,5.38,5.42,5.34,132221.0,星期三,-0.0037,-0.0037
2021-01-05,5.38,5.42,5.43,5.31,199270.0,星期二,-0.0037,0.0074
2021-01-04,5.54,5.4,5.57,5.37,339918.0,星期一,0.0,-0.0253
2020-12-31,5.51,5.54,5.64,5.49,220621.0,星期四,0.0,0.0054
2020-12-30,5.53,5.51,5.58,5.48,168635.0,星期三,-0.0036,-0.0036
2020-12-29,5.52,5.55,5.68,5.48,212184.0,星期二,0.0036,0.0054
2020-12-28,5.58,5.5,5.62,5.47,222722.0,星期一,0.0,-0.0143
2020-12-25,5.8,5.58,5.8,5.56,310441.0,星期五,0.0017,-0.0379
2020-12-24,5.85,5.79,5.85,5.74,216799.0,星期四,0.0069,-0.0103
2020-12-23,5.86,5.81,5.9,5.79,234741.0,星期三,0.0034,-0.0085
2020-12-22,5.98,5.84,6.08,5.83,356342.0,星期二,-0.0033,-0.0234
2020-12-21,5.92,6.0,6.17,5.88,418050.0,星期一,-0.0017,0.0135
2020-12-18,6.03,5.93,6.04,5.89,337099.0,星期五,-0.005,-0.0166
2020-12-17,6.03,6.06,6.14,5.98,324229.0,星期四,-0.0066,0.005
2020-12-16,6.02,6.07,6.12,5.98,386501.0,星期三,-0.0147,0.0083
2020-12-15,6.04,6.11,6.23,5.98,739756.0,星期二,-0.0033,0.0116
2020-12-14,5.73,6.06,6.11,5.7,778989.0,星期一,0.0053,0.0576
2020-12-11,5.67,5.7,5.72,5.56,263182.0,星期五,0.0,0.0053
2020-12-10,5.6,5.67,5.7,5.55,223435.0,星期四,0.0,0.0125
2020-12-09,5.6,5.6,5.76,5.58,307542.0,星期三,0.0,0.0
2020-12-08,5.61,5.6,5.69,5.59,164071.0,星期二,-0.0036,-0.0018
2020-12-07,5.55,5.63,5.68,5.54,218432.0,星期一,0.0,0.0144
2020-12-04,5.56,5.55,5.56,5.49,102556.0,星期五,-0.0036,-0.0018
2020-12-03,5.45,5.58,5.59,5.43,183304.0,星期四,0.0037,0.0239
2020-12-02,5.48,5.43,5.49,5.41,115479.0,星期三,0.0018,-0.0091
2020-12-01,5.39,5.47,5.49,5.37,130182.0,星期二,0.0019,0.0148
2020-11-30,5.5,5.38,5.56,5.37,207968.0,星期一,0.0018,-0.0218
2020-11-27,5.45,5.49,5.5,5.42,92938.0,星期五,0.0037,0.0073
2020-11-26,5.47,5.43,5.47,5.41,111158.0,星期四,0.0055,-0.0073
2020-11-25,5.54,5.44,5.57,5.43,177654.0,星期三,0.0036,-0.0181
2020-11-24,5.63,5.52,5.65,5.52,178805.0,星期二,-0.0035,-0.0195
2020-11-23,5.66,5.65,5.71,5.59,262624.0,星期一,-0.0018,-0.0018
2020-11-20,5.58,5.67,5.69,5.53,194699.0,星期五,-0.0053,0.0161
2020-11-19,5.66,5.61,5.67,5.5,313954.0,星期四,0.0,-0.0088
2020-11-18,5.63,5.66,5.84,5.59,531553.0,星期三,-0.014,0.0053
2020-11-17,5.5,5.71,5.75,5.45,589231.0,星期二,-0.0054,0.0382
2020-11-16,5.46,5.53,5.62,5.41,258863.0,星期一,0.0055,0.0128
2020-11-13,5.4,5.43,5.47,5.34,236748.0,星期五,-0.011,0.0056
2020-11-12,5.21,5.46,5.68,5.21,475189.0,星期四,0.0019,0.048
2020-11-11,5.18,5.2,5.23,5.15,67748.0,星期三,0.0,0.0039
2020-11-10,5.26,5.18,5.26,5.15,93382.0,星期二,0.0057,-0.0152
2020-11-09,5.16,5.23,5.27,5.16,164796.0,星期一,0.0,0.0136
2020-11-06,5.14,5.16,5.17,5.1,75389.0,星期五,0.0,0.0039
2020-11-05,5.11,5.14,5.15,5.09,87498.0,星期四,0.0059,0.0059
2020-11-04,5.13,5.08,5.16,5.05,77086.0,星期三,-0.0019,-0.0097
2020-11-03,5.13,5.14,5.15,5.08,76557.0,星期二,0.0098,0.0019
2020-11-02,5.2,5.08,5.24,5.07,130180.0,星期一,0.0,-0.0231
2020-10-30,5.24,5.2,5.28,5.17,143274.0,星期五,0.0,-0.0076
2020-10-29,5.16,5.24,5.27,5.14,129936.0,星期四,-0.0058,0.0155
2020-10-28,5.08,5.19,5.23,5.03,118662.0,星期三,0.0,0.0217
2020-10-27,5.09,5.08,5.12,5.06,53935.0,星期二,-0.002,-0.002
2020-10-26,5.06,5.1,5.12,5.06,53865.0,星期一,0.002,0.0079
2020-10-23,5.09,5.05,5.13,5.05,62099.0,星期五,0.002,-0.0079
2020-10-22,5.11,5.08,5.14,5.08,70339.0,星期四,-0.002,-0.0059
2020-10-21,5.15,5.12,5.19,5.1,52544.0,星期三,-0.0039,-0.0058
2020-10-20,5.14,5.17,5.19,5.12,40221.0,星期二,-0.0019,0.0058
2020-10-19,5.19,5.15,5.25,5.14,76845.0,星期一,0.0,-0.0077
2020-10-16,5.18,5.19,5.21,5.16,59388.0,星期五,-0.0019,0.0019
2020-10-15,5.23,5.19,5.23,5.17,62291.0,星期四,0.0038,-0.0076
2020-10-14,5.23,5.21,5.24,5.18,65050.0,星期三,0.0,-0.0038
2020-10-13,5.24,5.23,5.26,5.18,87009.0,星期二,-0.0019,-0.0019
2020-10-12,5.16,5.25,5.25,5.14,118849.0,星期一,0.0039,0.0174
2020-10-09,5.06,5.14,5.18,5.05,90567.0,星期五,0.012,0.0158
2020-09-30,5.08,5.0,5.1,4.99,71611.0,星期三,0.004,-0.0157
2020-09-29,5.06,5.06,5.11,5.03,83317.0,星期二,0.004,0.0
2020-09-28,5.14,5.04,5.15,5.01,100709.0,星期一,0.0039,-0.0195
2020-09-25,5.2,5.12,5.22,5.1,73641.0,星期五,0.0039,-0.0154
2020-09-24,5.28,5.18,5.29,5.17,107426.0,星期四,0.0019,-0.0189
2020-09-23,5.32,5.27,5.34,5.26,89453.0,星期三,0.0,-0.0094
2020-09-22,5.36,5.32,5.43,5.29,137577.0,星期二,0.0056,-0.0075
2020-09-21,5.35,5.33,5.4,5.32,90749.0,星期一,0.0019,-0.0037
2020-09-18,5.26,5.34,5.35,5.25,107616.0,星期五,0.0,0.0152
2020-09-17,5.32,5.26,5.32,5.2,131780.0,星期四,0.0,-0.0113
2020-09-16,5.35,5.32,5.38,5.3,84994.0,星期三,-0.0037,-0.0056
2020-09-15,5.34,5.37,5.38,5.28,105793.0,星期二,0.0019,0.0056
2020-09-14,5.42,5.33,5.44,5.3,229439.0,星期一,0.0037,-0.0166
2020-09-11,5.55,5.4,5.59,5.37,277957.0,星期五,-0.0018,-0.027
2020-09-10,5.62,5.56,5.71,5.53,331853.0,星期四,0.0018,-0.0107
2020-09-09,5.4,5.61,5.73,5.4,434909.0,星期三,-0.0092,0.0389
2020-09-08,5.36,5.45,5.46,5.3,131700.0,星期二,0.0037,0.0168
2020-09-07,5.43,5.34,5.49,5.33,146505.0,星期一,0.0,-0.0166
2020-09-04,5.45,5.43,5.46,5.4,130643.0,星期五,-0.0073,-0.0037
2020-09-03,5.48,5.49,5.55,5.47,117058.0,星期四,-0.0036,0.0018
2020-09-02,5.5,5.5,5.53,5.44,114000.0,星期三,0.0,0.0
2020-09-01,5.51,5.5,5.54,5.44,118558.0,星期二,-0.0018,-0.0018
2020-08-31,5.61,5.52,5.64,5.52,175127.0,星期一,0.0018,-0.016
2020-08-28,5.51,5.6,5.63,5.46,178026.0,星期五,-0.0018,0.0163
2020-08-27,5.54,5.52,5.56,5.45,123277.0,星期四,-0.0018,-0.0036
2020-08-26,5.63,5.55,5.66,5.51,154938.0,星期三,-0.0018,-0.0142
2020-08-25,5.65,5.64,5.68,5.58,142908.0,星期二,0.0,-0.0018
2020-08-24,5.58,5.65,5.68,5.53,158237.0,星期一,0.0,0.0125
2020-08-21,5.65,5.58,5.66,5.52,186120.0,星期五,0.0053,-0.0124
2020-08-20,5.59,5.62,5.72,5.55,232548.0,星期四,-0.0053,0.0054
2020-08-19,5.65,5.62,5.74,5.57,335391.0,星期三,0.0036,-0.0053
2020-08-18,5.54,5.63,5.66,5.51,272670.0,星期二,0.0091,0.0162
2020-08-17,5.39,5.49,5.56,5.39,316994.0,星期一,0.0056,0.0186
2020-08-14,5.35,5.36,5.38,5.26,126746.0,星期五,0.0019,0.0019
2020-08-13,5.33,5.34,5.38,5.31,126495.0,星期四,0.0057,0.0019
2020-08-12,5.42,5.3,5.45,5.22,235851.0,星期三,-0.0037,-0.0221
2020-08-11,5.59,5.44,5.59,5.43,156297.0,星期二,0.0054,-0.0268
2020-08-10,5.46,5.56,5.58,5.42,148511.0,星期一,-0.0036,0.0183
2020-08-07,5.55,5.48,5.56,5.41,189176.0,星期五,-0.0036,-0.0126
2020-08-06,5.66,5.57,5.69,5.52,236912.0,星期四,0.0,-0.0159
2020-08-05,5.67,5.66,5.71,5.57,247890.0,星期三,-0.0018,-0.0018
2020-08-04,5.72,5.68,5.75,5.66,246180.0,星期二,0.0035,-0.007
2020-08-03,5.58,5.7,5.71,5.58,351447.0,星期一,-0.0036,0.0215
2020-07-31,5.53,5.6,5.62,5.41,306528.0,星期五,-0.0018,0.0127
2020-07-30,5.6,5.54,5.69,5.53,281228.0,星期四,-0.0036,-0.0107
2020-07-29,5.44,5.62,5.64,5.4,363146.0,星期三,0.0074,0.0331
2020-07-28,5.53,5.4,5.56,5.38,381236.0,星期二,0.0018,-0.0235
2020-07-27,6.15,5.52,6.3,5.41,847824.0,星期一,0.0233,-0.1024
2020-07-24,6.35,6.01,6.45,5.96,499740.0,星期五,0.016,-0.0535
2020-07-23,6.0,6.25,6.4,5.97,690609.0,星期四,0.0067,0.0417
2020-07-22,6.02,5.96,6.05,5.93,242384.0,星期三,-0.0017,-0.01
2020-07-21,5.94,6.03,6.04,5.91,271054.0,星期二,0.0051,0.0152
2020-07-20,5.79,5.91,6.01,5.76,317063.0,星期一,0.014,0.0207
2020-07-17,5.72,5.71,5.8,5.61,299553.0,星期五,0.0018,-0.0017
2020-07-16,5.95,5.71,6.08,5.71,386859.0,星期四,0.0034,-0.0403
2020-07-15,6.09,5.93,6.1,5.88,400520.0,星期三,0.0066,-0.0263
2020-07-14,6.15,6.05,6.19,5.96,430169.0,星期二,0.0016,-0.0163
2020-07-13,5.9,6.14,6.18,5.89,479769.0,星期一,-0.0034,0.0407
2020-07-10,5.93,5.92,6.1,5.86,451585.0,星期五,-0.0034,-0.0017
2020-07-09,5.75,5.95,5.97,5.71,547840.0,星期四,0.0035,0.0348
2020-07-08,5.69,5.73,5.77,5.63,364703.0,星期三,0.0,0.007
2020-07-07,5.68,5.69,5.85,5.56,545139.0,星期二,0.0107,0.0018
2020-07-06,5.41,5.62,5.64,5.41,469968.0,星期一,0.0037,0.0388
2020-07-03,5.35,5.39,5.4,5.31,255509.0,星期五,0.0,0.0075
2020-07-02,5.3,5.35,5.37,5.26,254095.0,星期四,-0.0056,0.0094
2020-07-01,5.39,5.33,5.42,5.22,290398.0,星期三,0.0019,-0.0111
2020-06-30,5.4,5.38,5.43,5.33,260111.0,星期二,0.0093,-0.0037
2020-06-29,5.25,5.35,5.36,5.24,217337.0,星期一,-0.0019,0.019
2020-06-24,5.32,5.26,5.35,5.21,205276.0,星期三,0.0,-0.0113
2020-06-23,5.24,5.32,5.41,5.22,311110.0,星期二,0.0038,0.0153
2020-06-22,5.26,5.22,5.32,5.22,192433.0,星期一,-0.0019,-0.0076
2020-06-19,5.24,5.27,5.31,5.19,314900.0,星期五,-0.0296,0.0057
2020-06-18,5.44,5.4,5.44,5.34,197153.0,星期四,0.0,-0.0074
2020-06-17,5.29,5.44,5.45,5.26,277243.0,星期三,0.0019,0.0284
2020-06-16,5.26,5.28,5.33,5.21,173325.0,星期二,0.0057,0.0038
2020-06-15,5.25,5.23,5.34,5.21,178099.0,星期一,0.0057,-0.0038
2020-06-12,5.16,5.22,5.26,5.15,138595.0,星期五,-0.0171,0.0116
2020-06-11,5.45,5.25,5.45,5.23,384022.0,星期四,-0.0145,-0.0367
2020-06-10,5.49,5.53,5.6,5.38,307868.0,星期三,0.0037,0.0073
2020-06-09,5.38,5.47,5.48,5.37,246680.0,星期二,0.0019,0.0167
2020-06-08,5.32,5.37,5.47,5.3,242634.0,星期一,0.0057,0.0094
2020-06-05,5.34,5.29,5.42,5.28,244002.0,星期五,0.0,-0.0094
2020-06-04,5.29,5.34,5.42,5.21,361961.0,星期四,0.0252,0.0095
2020-06-03,5.18,5.16,5.21,5.15,87087.0,星期三,0.0019,-0.0039
2020-06-02,5.17,5.17,5.19,5.14,90907.0,星期二,0.0,0.0
2020-06-01,5.09,5.17,5.18,5.09,121330.0,星期一,0.0,0.0157
2020-05-29,5.08,5.09,5.12,5.06,62867.0,星期五,-0.0078,0.002
2020-05-28,5.09,5.12,5.17,5.05,118254.0,星期四,0.0099,0.0059
2020-05-27,5.03,5.04,5.08,5.0,86533.0,星期三,0.0,0.002
2020-05-26,4.97,5.03,5.04,4.96,80029.0,星期二,0.002,0.0121
2020-05-25,4.97,4.96,5.0,4.94,55446.0,星期一,0.002,-0.002
2020-05-22,5.06,4.96,5.08,4.95,143840.0,星期五,-0.0039,-0.0198
2020-05-21,5.11,5.08,5.14,5.06,93865.0,星期四,0.002,-0.0059
2020-05-20,5.17,5.1,5.19,5.09,104793.0,星期三,0.0019,-0.0135
2020-05-19,5.19,5.16,5.21,5.15,83828.0,星期二,0.0078,-0.0058
2020-05-18,5.14,5.15,5.18,5.11,90181.0,星期一,0.0019,0.0019
2020-05-15,5.18,5.13,5.19,5.13,93960.0,星期五,0.0039,-0.0097
2020-05-14,5.21,5.16,5.22,5.15,113707.0,星期四,-0.0038,-0.0096
2020-05-13,5.25,5.23,5.26,5.21,103604.0,星期三,0.0,-0.0038
2020-05-12,5.26,5.25,5.3,5.21,116911.0,星期二,0.0,-0.0019
2020-05-11,5.41,5.26,5.42,5.23,252362.0,星期一,0.0074,-0.0277
2020-05-08,5.39,5.37,5.42,5.35,183196.0,星期五,0.0019,-0.0037
2020-05-07,5.34,5.38,5.48,5.3,261114.0,星期四,-0.0056,0.0075
2020-05-06,5.31,5.37,5.37,5.24,226381.0,星期三,-0.0093,0.0113
2020-04-30,5.43,5.36,5.45,5.3,364955.0,星期四,-0.0091,-0.0129
2020-04-29,5.43,5.48,5.54,5.36,480942.0,星期三,0.0207,0.0092
2020-04-28,5.3,5.32,5.54,5.3,518411.0,星期二,0.0057,0.0038
2020-04-27,5.24,5.27,5.35,5.21,340127.0,星期一,0.0254,0.0057
2020-04-24,5.21,5.11,5.22,5.09,190631.0,星期五,0.0039,-0.0192
2020-04-23,5.22,5.19,5.33,5.19,265787.0,星期四,0.0,-0.0057
2020-04-22,5.29,5.22,5.29,5.13,544142.0,星期三,-0.0294,-0.0132
2020-04-21,5.38,5.45,5.71,5.35,626000.0,星期二,-0.0074,0.013
2020-04-20,5.39,5.42,5.46,5.34,276345.0,星期一,0.0,0.0056
2020-04-17,5.45,5.39,5.53,5.33,442962.0,星期五,0.0,-0.011
2020-04-16,5.2,5.45,5.55,5.16,695782.0,星期四,0.0078,0.0481
2020-04-15,5.26,5.16,5.29,5.15,242510.0,星期三,0.0019,-0.019
2020-04-14,5.31,5.25,5.34,5.15,272339.0,星期二,0.0,-0.0113
2020-04-13,5.15,5.31,5.31,5.11,454245.0,星期一,0.0078,0.0311
2020-04-10,5.05,5.11,5.25,5.02,357103.0,星期五,0.0141,0.0119
2020-04-09,4.96,4.98,5.0,4.95,112917.0,星期四,-0.004,0.004
2020-04-08,4.88,4.98,5.01,4.85,183745.0,星期三,-0.002,0.0205
2020-04-07,4.85,4.89,4.91,4.83,124313.0,星期二,0.0104,0.0082
2020-04-03,4.83,4.8,4.84,4.77,89584.0,星期五,-0.0041,-0.0062
2020-04-02,4.83,4.85,4.86,4.75,73621.0,星期四,0.0063,0.0041
2020-04-01,4.87,4.8,4.89,4.78,111634.0,星期三,0.0,-0.0144
2020-03-31,4.94,4.87,4.97,4.86,159238.0,星期二,0.0061,-0.0142
2020-03-30,4.85,4.91,4.92,4.71,195600.0,星期一,0.0021,0.0124
2020-03-27,4.94,4.84,4.94,4.83,126471.0,星期五,0.0102,-0.0202
2020-03-26,4.94,4.89,4.97,4.87,110120.0,星期四,0.0,-0.0101
2020-03-25,4.99,4.94,5.0,4.93,131920.0,星期三,0.0142,-0.01
2020-03-24,4.89,4.92,5.0,4.86,127727.0,星期二,0.0103,0.0061
2020-03-23,4.83,4.84,4.94,4.79,178911.0,星期一,-0.0321,0.0021
2020-03-20,4.82,4.99,5.06,4.73,238839.0,星期五,0.0126,0.0353
2020-03-19,4.75,4.76,4.81,4.65,134888.0,星期四,-0.0042,0.0021
2020-03-18,4.9,4.77,4.92,4.74,131036.0,星期三,0.0082,-0.0265
2020-03-17,4.87,4.86,4.97,4.71,134248.0,星期二,0.0062,-0.0021
2020-03-16,5.01,4.84,5.04,4.81,190827.0,星期一,0.0121,-0.0339
2020-03-13,4.84,4.95,5.01,4.78,214765.0,星期五,-0.0435,0.0227
2020-03-12,5.14,5.06,5.16,5.05,196830.0,星期四,-0.0077,-0.0156
2020-03-11,5.17,5.18,5.28,5.15,242969.0,星期三,-0.0096,0.0019
2020-03-10,5.2,5.22,5.3,5.05,398069.0,星期二,-0.0114,0.0038
2020-03-09,5.16,5.26,5.35,5.12,497149.0,星期一,-0.0039,0.0194
2020-03-06,5.13,5.18,5.28,5.11,338154.0,星期五,-0.0039,0.0097
2020-03-05,5.07,5.15,5.17,5.05,271859.0,星期四,0.006,0.0158
2020-03-04,5.03,5.04,5.08,4.98,147123.0,星期三,-0.0059,0.002
2020-03-03,5.12,5.06,5.14,5.05,218448.0,星期二,0.0139,-0.0117
2020-03-02,4.94,5.05,5.07,4.93,177134.0,星期一,0.0061,0.0223
2020-02-28,5.02,4.91,5.07,4.9,212342.0,星期五,-0.0176,-0.0219
2020-02-27,5.08,5.11,5.2,5.07,249896.0,星期四,0.0099,0.0059
2020-02-26,5.01,5.03,5.07,4.98,213263.0,星期三,-0.0099,0.004
2020-02-25,5.01,5.06,5.09,4.94,268486.0,星期二,-0.0196,0.01
2020-02-24,5.12,5.11,5.12,5.05,207510.0,星期一,0.0,-0.002
2020-02-21,5.09,5.12,5.15,5.08,179872.0,星期五,-0.0059,0.0059
2020-02-20,5.1,5.12,5.14,5.05,206992.0,星期四,0.0,0.0039
2020-02-19,5.26,5.1,5.26,5.07,256039.0,星期三,0.0096,-0.0304
2020-02-18,5.26,5.21,5.27,5.15,420197.0,星期二,-0.0131,-0.0095
2020-02-17,5.15,5.33,5.36,5.15,536415.0,星期一,0.0259,0.035
2020-02-14,5.07,5.02,5.1,5.0,189180.0,星期五,0.004,-0.0099
2020-02-13,5.05,5.05,5.13,5.01,205056.0,星期四,-0.0079,0.0
2020-02-12,5.06,5.09,5.12,5.02,212895.0,星期三,0.0,0.0059
2020-02-11,5.11,5.06,5.17,4.99,355252.0,星期二,-0.0211,-0.0098
2020-02-10,5.72,5.22,5.72,5.18,715190.0,星期一,0.0979,-0.0874
2020-02-07,5.36,5.21,5.42,5.08,557684.0,星期五,0.0094,-0.028
2020-02-06,5.18,5.31,5.45,5.1,644031.0,星期四,0.0157,0.0251
2020-02-05,4.98,5.1,5.1,4.8,540897.0,星期三,0.0733,0.0241
2020-02-04,4.47,4.64,4.65,4.47,265539.0,星期二,0.0159,0.038
2020-02-03,4.52,4.4,4.61,4.4,294031.0,星期一,-0.0757,-0.0265
2020-01-23,5.11,4.89,5.12,4.86,245496.0,星期四,-0.0039,-0.0431
2020-01-22,5.32,5.13,5.32,5.06,269365.0,星期三,0.0114,-0.0357
2020-01-21,5.13,5.26,5.37,5.1,374739.0,星期二,0.0039,0.0253
2020-01-20,5.04,5.11,5.12,4.97,139461.0,星期一,0.0223,0.0139
2020-01-17,5.0,4.93,5.01,4.91,78639.0,星期五,0.004,-0.014
2020-01-16,5.04,4.98,5.05,4.96,75462.0,星期四,0.0,-0.0119
2020-01-15,5.07,5.04,5.07,5.01,64096.0,星期三,0.002,-0.0059
2020-01-14,5.07,5.06,5.09,5.04,81567.0,星期二,-0.0039,-0.002
2020-01-13,5.02,5.09,5.09,4.99,123560.0,星期一,0.0,0.0139
2020-01-10,5.03,5.02,5.04,4.97,89877.0,星期五,0.006,-0.002
2020-01-09,4.99,5.0,5.04,4.98,89837.0,星期四,0.006,0.002
2020-01-08,5.09,4.96,5.1,4.94,148413.0,星期三,0.0099,-0.0255
2020-01-07,5.0,5.04,5.05,4.98,122732.0,星期二,0.006,0.008
2020-01-06,4.98,4.97,5.02,4.93,123225.0,星期一,-0.004,-0.002
2020-01-03,4.99,5.0,5.02,4.96,109695.0,星期五,0.0,0.002
2020-01-02,4.95,4.99,5.0,4.93,129226.0,星期四,0.002,0.0081
2019-12-31,4.91,4.94,4.95,4.87,94038.0,星期二,0.0061,0.0061
2019-12-30,4.81,4.88,4.9,4.79,75150.0,星期一,0.0,0.0146
2019-12-27,4.84,4.81,4.88,4.81,83762.0,星期五,-0.0021,-0.0062
2019-12-26,4.84,4.85,4.85,4.8,64546.0,星期四,0.0021,0.0021
2019-12-25,4.83,4.83,4.86,4.79,74295.0,星期三,0.0,0.0
2019-12-24,4.82,4.83,4.85,4.8,66253.0,星期二,0.0063,0.0021
2019-12-23,4.91,4.79,4.91,4.78,101171.0,星期一,0.002,-0.0244
2019-12-20,4.97,4.9,5.0,4.89,111806.0,星期五,0.0,-0.0141
2019-12-19,4.95,4.97,5.02,4.92,151922.0,星期四,-0.002,0.004
2019-12-18,4.88,4.96,5.06,4.86,240832.0,星期三,-0.002,0.0164
2019-12-17,4.81,4.89,4.9,4.77,201287.0,星期二,-0.0082,0.0166
2019-12-16,4.86,4.85,4.9,4.74,287993.0,星期一,0.0253,-0.0021
2019-12-13,4.6,4.74,4.74,4.6,161917.0,星期五,-0.0086,0.0304
2019-12-12,4.62,4.64,4.67,4.62,68239.0,星期四,-0.0022,0.0043
2019-12-11,4.67,4.63,4.7,4.61,97150.0,星期三,-0.0021,-0.0086
2019-12-10,4.74,4.68,4.75,4.65,113449.0,星期二,-0.0042,-0.0127
2019-12-09,4.79,4.76,4.87,4.75,191827.0,星期一,-0.0284,-0.0063
2019-12-06,4.72,4.93,4.96,4.69,197625.0,星期五,0.0,0.0445
2019-12-05,4.69,4.72,4.74,4.69,49370.0,星期四,0.0043,0.0064
2019-12-04,4.67,4.67,4.73,4.66,39425.0,星期三,-0.0043,0.0
2019-12-03,4.66,4.69,4.69,4.64,28694.0,星期二,-0.0021,0.0064
2019-12-02,4.65,4.67,4.7,4.63,45546.0,星期一,0.0,0.0043
2019-11-29,4.61,4.65,4.67,4.61,42051.0,星期五,-0.0043,0.0087
2019-11-28,4.61,4.63,4.64,4.59,33462.0,星期四,0.0022,0.0043
2019-11-27,4.6,4.6,4.65,4.58,35758.0,星期三,-0.0022,0.0
2019-11-26,4.62,4.61,4.65,4.59,37088.0,星期二,0.0022,-0.0022
2019-11-25,4.6,4.61,4.62,4.54,43779.0,星期一,0.011,0.0022
2019-11-22,4.59,4.55,4.66,4.54,50225.0,星期五,0.0,-0.0087
2019-11-21,4.57,4.59,4.59,4.53,25044.0,星期四,-0.0022,0.0044
2019-11-20,4.62,4.58,4.64,4.58,26646.0,星期三,-0.0022,-0.0087
2019-11-19,4.59,4.63,4.63,4.58,27783.0,星期二,0.0,0.0087
2019-11-18,4.58,4.59,4.6,4.53,30719.0,星期一,0.0066,0.0022
2019-11-15,4.58,4.55,4.62,4.55,24336.0,星期五,0.0,-0.0066
2019-11-14,4.53,4.58,4.61,4.52,34281.0,星期四,-0.0044,0.011
2019-11-13,4.58,4.55,4.6,4.52,35736.0,星期三,0.0044,-0.0066
2019-11-12,4.62,4.56,4.62,4.52,50053.0,星期二,0.0043,-0.013
2019-11-11,4.8,4.6,4.8,4.59,112806.0,星期一,-0.0041,-0.0417
2019-11-08,4.8,4.82,4.85,4.78,68134.0,星期五,0.0021,0.0042
2019-11-07,4.8,4.79,4.84,4.77,50292.0,星期四,0.0021,-0.0021
2019-11-06,4.84,4.79,4.85,4.78,45983.0,星期三,-0.0021,-0.0103
2019-11-05,4.82,4.85,4.86,4.78,55508.0,星期二,-0.0021,0.0062
2019-11-04,4.89,4.83,4.91,4.82,58892.0,星期一,0.0041,-0.0123
2019-11-01,4.84,4.87,4.88,4.75,62507.0,星期五,-0.0021,0.0062
2019-10-31,4.8,4.85,4.89,4.79,56758.0,星期四,0.0,0.0104
2019-10-30,4.81,4.8,4.84,4.77,51305.0,星期三,-0.0041,-0.0021
2019-10-29,4.94,4.83,4.94,4.83,56962.0,星期二,0.0,-0.0223
2019-10-28,4.8,4.94,4.96,4.8,91553.0,星期一,-0.0083,0.0292
2019-10-25,4.8,4.84,4.85,4.75,46039.0,星期五,-0.0041,0.0083
2019-10-24,4.76,4.82,4.82,4.75,50296.0,星期四,-0.0042,0.0126
2019-10-23,4.8,4.78,4.88,4.77,40213.0,星期三,-0.0021,-0.0042
2019-10-22,4.75,4.81,4.82,4.75,34890.0,星期二,-0.0021,0.0126
2019-10-21,4.81,4.76,4.82,4.72,42294.0,星期一,0.0,-0.0104
2019-10-18,4.88,4.81,4.92,4.77,59814.0,星期五,0.0,-0.0143
2019-10-17,4.95,4.88,4.95,4.86,44468.0,星期四,0.002,-0.0141
2019-10-16,4.96,4.94,4.98,4.92,34090.0,星期三,0.002,-0.004
2019-10-15,4.99,4.95,5.01,4.93,49481.0,星期二,-0.004,-0.008
2019-10-14,4.99,5.01,5.04,4.96,78321.0,星期一,0.002,0.004
2019-10-11,5.03,4.98,5.05,4.95,72870.0,星期五,0.008,-0.0099
2019-10-10,4.94,4.99,5.0,4.92,104388.0,星期四,0.0,0.0101
2019-10-09,4.86,4.94,4.95,4.83,68637.0,星期三,0.0,0.0165
2019-10-08,4.84,4.86,4.91,4.84,71070.0,星期二,0.0021,0.0041
2019-09-30,4.86,4.83,4.9,4.81,74606.0,星期一,0.0041,-0.0062
2019-09-27,4.71,4.84,4.88,4.71,100857.0,星期五,0.0,0.0276
2019-09-26,4.73,4.71,4.81,4.71,82252.0,星期四,0.0,-0.0042
2019-09-25,4.81,4.73,4.82,4.73,53042.0,星期三,0.0021,-0.0166
2019-09-24,4.82,4.8,4.88,4.78,64998.0,星期二,0.0,-0.0041
2019-09-23,4.84,4.82,4.88,4.76,69182.0,星期一,-0.0021,-0.0041
2019-09-20,4.87,4.85,4.88,4.83,64980.0,星期五,0.0021,-0.0041
2019-09-19,4.83,4.86,4.87,4.8,41245.0,星期四,0.0,0.0062
2019-09-18,4.84,4.83,4.84,4.78,42738.0,星期三,0.0126,-0.0021
2019-09-17,4.92,4.78,4.93,4.78,79439.0,星期二,0.0041,-0.0285
2019-09-16,4.96,4.9,4.96,4.9,63231.0,星期一,0.004,-0.0121
2019-09-12,4.97,4.94,5.0,4.89,99898.0,星期四,-0.004,-0.006
2019-09-11,4.97,4.99,4.99,4.93,79529.0,星期三,-0.002,0.004
2019-09-10,4.9,4.98,4.98,4.88,120910.0,星期二,0.0,0.0163
2019-09-09,4.91,4.9,4.92,4.85,87425.0,星期一,0.0082,-0.002
2019-09-06,4.84,4.87,4.89,4.82,62333.0,星期五,0.0,0.0062
2019-09-05,4.83,4.84,4.9,4.83,119158.0,星期四,0.0021,0.0021
2019-09-04,4.76,4.82,4.83,4.76,74177.0,星期三,-0.0063,0.0126
2019-09-03,4.88,4.79,4.89,4.77,63591.0,星期二,0.0167,-0.0184
2019-09-02,4.68,4.8,4.84,4.67,115003.0,星期一,-0.0064,0.0256
2019-08-30,4.74,4.71,4.81,4.68,100790.0,星期五,0.0042,-0.0063
2019-08-29,4.75,4.72,4.76,4.69,63179.0,星期四,0.0085,-0.0063
2019-08-28,4.79,4.71,4.82,4.68,167337.0,星期三,-0.0062,-0.0167
2019-08-27,4.9,4.82,4.92,4.81,224046.0,星期二,0.0062,-0.0163
2019-08-26,5.0,4.87,5.06,4.83,288578.0,星期一,0.0823,-0.026
2019-08-23,4.65,4.62,4.65,4.57,74428.0,星期五,0.0197,-0.0065
2019-08-22,4.57,4.56,4.58,4.51,46718.0,星期四,0.0022,-0.0022
2019-08-21,4.56,4.56,4.58,4.54,31229.0,星期三,0.0022,0.0
2019-08-20,4.59,4.55,4.64,4.5,75153.0,星期二,0.0,-0.0087
2019-08-19,4.49,4.59,4.6,4.48,65135.0,星期一,0.0067,0.0223
2019-08-16,4.41,4.46,4.53,4.41,46967.0,星期五,-0.0045,0.0113
2019-08-15,4.39,4.43,4.45,4.33,44202.0,星期四,-0.0135,0.0091
2019-08-14,4.45,4.45,4.5,4.43,29228.0,星期三,0.0068,0.0
2019-08-13,4.44,4.42,4.45,4.4,20840.0,星期二,-0.0045,-0.0045
2019-08-12,4.43,4.46,4.49,4.39,60991.0,星期一,-0.0045,0.0068
2019-08-09,4.48,4.45,4.52,4.43,27936.0,星期五,0.0,-0.0067
2019-08-08,4.48,4.48,4.53,4.47,28085.0,星期四,0.0045,0.0
2019-08-07,4.51,4.46,4.52,4.46,38515.0,星期三,0.0067,-0.0111
2019-08-06,4.66,4.48,4.67,4.46,92528.0,星期二,0.0,-0.0386
2019-08-05,4.71,4.66,4.72,4.63,43591.0,星期一,-0.0021,-0.0106
2019-08-02,4.72,4.72,4.73,4.66,49847.0,星期五,-0.0105,0.0
2019-08-01,4.8,4.77,4.84,4.76,44932.0,星期四,-0.0041,-0.0063
2019-07-31,4.79,4.82,4.85,4.78,57071.0,星期三,-0.0021,0.0063
2019-07-30,4.78,4.8,4.86,4.78,64293.0,星期二,0.0,0.0042
2019-07-29,4.79,4.78,4.84,4.77,42845.0,星期一,-0.0062,-0.0021
2019-07-26,4.77,4.82,4.82,4.76,43193.0,星期五,-0.0042,0.0105
2019-07-25,4.86,4.79,4.89,4.77,69692.0,星期四,0.0,-0.0144
2019-07-24,4.77,4.86,4.95,4.76,81324.0,星期三,0.0021,0.0189
2019-07-23,4.76,4.76,4.78,4.72,34266.0,星期二,0.0042,0.0
2019-07-22,4.81,4.74,4.81,4.7,66324.0,星期一,0.0,-0.0146
2019-07-19,4.82,4.81,4.88,4.79,51644.0,星期五,0.0084,-0.0021
2019-07-18,4.87,4.78,4.89,4.77,109630.0,星期四,-0.0081,-0.0185
2019-07-17,4.87,4.91,5.02,4.82,127190.0,星期三,-0.0081,0.0082
2019-07-16,4.8,4.91,4.97,4.8,143838.0,星期二,-0.0021,0.0229
2019-07-15,4.71,4.81,4.83,4.64,100307.0,星期一,-0.0021,0.0212
2019-07-12,4.64,4.72,4.73,4.61,69662.0,星期五,0.0065,0.0172
2019-07-11,4.65,4.61,4.68,4.6,40119.0,星期四,0.0065,-0.0086
2019-07-10,4.68,4.62,4.7,4.62,37350.0,星期三,0.0,-0.0128
2019-07-09,4.65,4.68,4.7,4.65,37820.0,星期二,-0.0043,0.0065
2019-07-08,4.82,4.67,4.83,4.66,71762.0,星期一,0.0,-0.0311
2019-07-05,4.82,4.82,4.83,4.78,50137.0,星期五,-0.0417,0.0
2019-07-04,5.0,5.03,5.05,5.0,63003.0,星期四,-0.006,0.006
2019-07-03,5.01,5.03,5.03,4.98,46497.0,星期三,0.0,0.004
2019-07-02,4.98,5.01,5.04,4.96,73115.0,星期二,-0.002,0.006
2019-07-01,4.94,4.99,5.0,4.92,98004.0,星期一,0.0165,0.0101
2019-06-28,4.94,4.86,4.94,4.82,63891.0,星期五,0.0,-0.0162
2019-06-27,4.94,4.94,4.99,4.92,60946.0,星期四,0.002,0.0
2019-06-26,4.95,4.93,4.96,4.91,40100.0,星期三,0.0,-0.004
2019-06-25,5.03,4.95,5.03,4.9,65002.0,星期二,0.004,-0.0159
2019-06-24,5.07,5.01,5.08,4.99,76279.0,星期一,-0.002,-0.0118
2019-06-21,5.0,5.08,5.11,4.99,99049.0,星期五,0.002,0.016
2019-06-20,4.95,4.99,5.04,4.92,83020.0,星期四,0.0,0.0081
2019-06-19,4.96,4.95,5.03,4.93,59133.0,星期三,0.0143,-0.002
2019-06-18,4.88,4.89,4.94,4.85,33965.0,星期二,-0.0081,0.002
2019-06-17,4.9,4.92,4.95,4.88,30966.0,星期一,0.002,0.0041
2019-06-14,4.92,4.89,4.97,4.88,35910.0,星期五,-0.0061,-0.0061
2019-06-13,4.93,4.95,4.97,4.88,34214.0,星期四,0.0041,0.0041
2019-06-12,4.97,4.91,4.97,4.89,43589.0,星期三,0.0,-0.0121
2019-06-11,4.8,4.97,4.98,4.79,69242.0,星期二,-0.0021,0.0354
2019-06-10,4.81,4.81,4.87,4.77,46362.0,星期一,0.0021,0.0
2019-06-06,4.88,4.8,4.91,4.78,48630.0,星期四,-0.002,-0.0164
2019-06-05,4.96,4.89,4.96,4.89,28611.0,星期三,0.0122,-0.0141
2019-06-04,4.93,4.9,4.98,4.89,45645.0,星期二,-0.004,-0.0061
2019-06-03,5.02,4.95,5.07,4.92,74589.0,星期一,-0.0059,-0.0139
2019-05-31,5.06,5.05,5.11,5.03,38075.0,星期五,0.0,-0.002
2019-05-30,5.09,5.06,5.09,5.0,42476.0,星期四,0.0,-0.0059
2019-05-29,5.1,5.09,5.12,5.04,47702.0,星期三,0.002,-0.002
2019-05-28,5.11,5.09,5.15,5.08,55500.0,星期二,-0.0039,-0.0039
2019-05-27,5.05,5.13,5.15,5.01,67611.0,星期一,0.004,0.0158
2019-05-24,5.02,5.03,5.09,5.0,57754.0,星期五,-0.0099,0.002
2019-05-23,5.1,5.07,5.14,5.05,50969.0,星期四,-0.0039,-0.0059
2019-05-22,5.22,5.12,5.23,5.09,59422.0,星期三,0.0038,-0.0192
2019-05-21,5.2,5.2,5.25,5.12,79157.0,星期二,-0.0019,0.0
2019-05-20,5.27,5.21,5.32,5.15,76166.0,星期一,0.0313,-0.0114
2019-05-17,5.29,5.11,5.31,5.1,83544.0,星期五,-0.0056,-0.034
2019-05-16,5.24,5.32,5.4,5.21,93424.0,星期四,0.0019,0.0153
2019-05-15,5.21,5.23,5.28,5.21,62318.0,星期三,0.0,0.0038
2019-05-14,5.13,5.21,5.27,5.12,84490.0,星期二,-0.0039,0.0156
2019-05-13,5.08,5.15,5.22,5.05,82849.0,星期一,-0.0136,0.0138
2019-05-10,5.05,5.15,5.17,5.0,99058.0,星期五,0.004,0.0198
2019-05-09,5.04,5.03,5.08,4.97,72217.0,星期四,-0.0079,-0.002
2019-05-08,4.95,5.08,5.11,4.92,84278.0,星期三,-0.0159,0.0263
2019-05-07,5.02,5.03,5.05,4.96,95903.0,星期二,0.0121,0.002
2019-05-06,5.31,4.96,5.31,4.93,189104.0,星期一,-0.013,-0.0659
2019-04-30,5.34,5.38,5.45,5.32,78969.0,星期二,0.0,0.0075
2019-04-29,5.51,5.34,5.56,5.32,123255.0,星期一,0.0,-0.0309
2019-04-26,5.52,5.51,5.6,5.49,94006.0,星期五,0.0,-0.0018
2019-04-25,5.73,5.52,5.74,5.5,132775.0,星期四,-0.0017,-0.0366
2019-04-24,5.7,5.74,5.77,5.61,91556.0,星期三,0.0035,0.007
2019-04-23,5.8,5.68,5.85,5.67,118434.0,星期二,-0.0017,-0.0207
2019-04-22,5.91,5.81,5.93,5.78,121448.0,星期一,0.0,-0.0169
2019-04-19,5.83,5.91,5.95,5.82,136788.0,星期五,-0.0017,0.0137
2019-04-18,5.86,5.84,5.91,5.83,152734.0,星期四,-0.0168,-0.0034
2019-04-17,5.88,5.96,6.01,5.86,196838.0,星期三,-0.0017,0.0136
2019-04-16,5.82,5.89,5.89,5.74,131138.0,星期二,0.0069,0.012
2019-04-15,5.93,5.78,5.98,5.77,171575.0,星期一,0.0102,-0.0253
2019-04-12,5.97,5.87,6.0,5.84,166092.0,星期五,0.0,-0.0168
2019-04-11,6.14,5.97,6.21,5.9,267803.0,星期四,-0.0097,-0.0277
2019-04-10,6.04,6.2,6.29,5.98,352866.0,星期三,-0.0017,0.0265
2019-04-09,6.13,6.05,6.13,5.98,266300.0,星期二,-0.0081,-0.0131
2019-04-08,6.21,6.18,6.36,6.06,520906.0,星期一,0.035,-0.0048
2019-04-04,6.0,6.0,6.1,5.98,260643.0,星期四,-0.0017,0.0
2019-04-03,5.96,6.01,6.03,5.92,213055.0,星期三,-0.0033,0.0084
2019-04-02,6.07,5.98,6.07,5.97,278901.0,星期二,0.0017,-0.0148
2019-04-01,5.95,6.06,6.09,5.91,414021.0,星期一,0.0085,0.0185
2019-03-29,5.63,5.9,5.9,5.52,356828.0,星期五,-0.0053,0.048
2019-03-28,5.83,5.66,5.93,5.63,316696.0,星期四,-0.0085,-0.0292
2019-03-27,5.78,5.88,5.94,5.59,457590.0,星期三,0.0105,0.0173
2019-03-26,5.72,5.72,6.13,5.67,582025.0,星期二,0.0196,0.0
2019-03-25,5.57,5.61,5.72,5.53,193631.0,星期一,-0.0071,0.0072
2019-03-22,5.67,5.61,5.68,5.52,173698.0,星期五,0.0,-0.0106
2019-03-21,5.54,5.67,5.72,5.53,194171.0,星期四,-0.0036,0.0235
2019-03-20,5.61,5.56,5.62,5.46,132376.0,星期三,0.0054,-0.0089
2019-03-19,5.62,5.58,5.64,5.52,149616.0,星期二,0.0036,-0.0071
2019-03-18,5.45,5.6,5.62,5.4,212717.0,星期一,0.0055,0.0275
2019-03-15,5.42,5.42,5.52,5.38,146577.0,星期五,0.0018,0.0
2019-03-14,5.48,5.41,5.6,5.39,151053.0,星期四,-0.009,-0.0128
2019-03-13,5.66,5.53,5.66,5.5,202102.0,星期三,0.0089,-0.023
2019-03-12,5.66,5.61,5.69,5.53,242423.0,星期二,0.0089,-0.0088
2019-03-11,5.35,5.61,5.64,5.35,197996.0,星期一,0.0019,0.0486
2019-03-08,5.59,5.34,5.65,5.34,238449.0,星期五,-0.0071,-0.0447
2019-03-07,5.64,5.63,5.74,5.58,247549.0,星期四,0.0018,-0.0018
2019-03-06,5.55,5.63,5.64,5.48,243728.0,星期三,0.0018,0.0144
2019-03-05,5.44,5.54,5.56,5.42,166341.0,星期二,-0.0018,0.0184
2019-03-04,5.34,5.45,5.52,5.31,263135.0,星期一,0.0,0.0206
2019-03-01,5.39,5.34,5.42,5.26,114823.0,星期五,0.0075,-0.0093
2019-02-28,5.3,5.35,5.42,5.3,104711.0,星期四,-0.0093,0.0094
2019-02-27,5.4,5.35,5.45,5.3,137130.0,星期三,-0.0037,-0.0093
2019-02-26,5.35,5.42,5.48,5.3,205814.0,星期二,-0.0019,0.0131
2019-02-25,5.17,5.36,5.36,5.17,194148.0,星期一,0.0,0.0368
2019-02-22,5.14,5.17,5.19,5.08,82977.0,星期五,0.0039,0.0058
2019-02-21,5.18,5.12,5.2,5.11,80563.0,星期四,0.0,-0.0116
2019-02-20,5.2,5.18,5.21,5.12,62542.0,星期三,0.0039,-0.0038
2019-02-19,5.27,5.18,5.28,5.15,95204.0,星期二,0.0057,-0.0171
2019-02-18,5.1,5.24,5.25,5.1,104711.0,星期一,0.0099,0.0275
2019-02-15,5.09,5.05,5.14,5.05,69535.0,星期五,-0.0078,-0.0079
2019-02-14,5.1,5.13,5.14,5.07,79091.0,星期四,0.0039,0.0059
2019-02-13,5.0,5.08,5.1,4.97,91146.0,星期三,0.0,0.016
2019-02-12,4.98,5.0,5.04,4.95,71916.0,星期二,0.004,0.004
2019-02-11,4.82,4.96,4.96,4.82,59373.0,星期一,0.0,0.029
2019-02-01,4.74,4.82,4.85,4.73,59825.0,星期五,0.0,0.0169
2019-01-31,4.75,4.74,4.84,4.7,43272.0,星期四,-0.0021,-0.0021
2019-01-30,4.76,4.76,4.83,4.68,53542.0,星期三,0.0042,0.0
2019-01-29,4.86,4.74,4.87,4.7,56204.0,星期二,0.0,-0.0247
2019-01-28,4.95,4.86,4.96,4.84,53777.0,星期一,0.0081,-0.0182
2019-01-25,5.0,4.91,5.0,4.91,54906.0,星期五,0.0,-0.018
2019-01-24,4.9,5.0,5.03,4.9,76281.0,星期四,0.0,0.0204
2019-01-23,4.83,4.9,4.93,4.81,40739.0,星期三,-0.0123,0.0145
2019-01-22,4.92,4.89,4.96,4.85,42898.0,星期二,0.0041,-0.0061
2019-01-21,4.92,4.9,4.95,4.88,36279.0,星期一,0.0,-0.0041
2019-01-18,4.86,4.92,4.92,4.84,38676.0,星期五,0.0021,0.0123
2019-01-17,4.93,4.85,4.94,4.84,39607.0,星期四,-0.004,-0.0162
2019-01-16,4.9,4.95,4.97,4.88,53171.0,星期三,-0.002,0.0102
2019-01-15,4.82,4.91,4.92,4.81,49979.0,星期二,0.0,0.0187
2019-01-14,4.87,4.82,4.92,4.8,45517.0,星期一,0.0,-0.0103
2019-01-11,4.87,4.87,4.88,4.8,49769.0,星期五,0.0041,0.0
2019-01-10,4.82,4.85,4.9,4.8,46976.0,星期四,0.0063,0.0062
2019-01-09,4.87,4.79,4.92,4.79,63764.0,星期三,0.0021,-0.0164
2019-01-08,4.84,4.86,4.89,4.79,43647.0,星期二,-0.0021,0.0041
2019-01-07,4.81,4.85,4.86,4.79,59807.0,星期一,0.0084,0.0083
2019-01-04,4.61,4.77,4.77,4.61,66580.0,星期五,-0.0065,0.0347
2019-01-03,4.67,4.64,4.76,4.6,58449.0,星期四,0.0021,-0.0064
2019-01-02,4.61,4.66,4.74,4.61,62837.0,星期三,0.0,0.0108
2018-12-28,4.7,4.61,4.7,4.61,42700.0,星期五,0.0,-0.0191
2018-12-27,4.81,4.7,4.83,4.69,51259.0,星期四,0.0126,-0.0229
2018-12-26,4.78,4.75,4.82,4.7,37770.0,星期三,-0.0021,-0.0063
2018-12-25,4.83,4.79,4.88,4.66,52446.0,星期二,-0.0041,-0.0083
2018-12-24,4.86,4.85,4.92,4.82,43617.0,星期一,0.0083,-0.0021
2018-12-21,4.83,4.82,4.9,4.82,37670.0,星期五,-0.0021,-0.0021
2018-12-20,4.91,4.84,4.95,4.8,46475.0,星期四,0.0041,-0.0143
2018-12-19,4.99,4.89,4.99,4.89,39972.0,星期三,0.006,-0.02
2018-12-18,5.03,4.96,5.04,4.92,51090.0,星期二,0.01,-0.0139
2018-12-17,4.93,4.98,5.0,4.93,41925.0,星期一,-0.006,0.0101
2018-12-14,5.12,4.96,5.16,4.95,77309.0,星期五,-0.0078,-0.0313
2018-12-13,5.03,5.16,5.17,5.0,63322.0,星期四,0.0,0.0258
2018-12-12,5.07,5.03,5.12,5.01,42320.0,星期三,0.0,-0.0079
2018-12-11,5.08,5.07,5.1,5.04,36320.0,星期二,0.004,-0.002
2018-12-10,5.08,5.06,5.1,5.04,44013.0,星期一,0.0,-0.0039
2018-12-07,5.15,5.08,5.2,5.06,57886.0,星期五,-0.0058,-0.0136
2018-12-06,5.22,5.18,5.23,5.13,49134.0,星期四,0.0019,-0.0077
2018-12-05,5.25,5.21,5.25,5.17,64600.0,星期三,-0.0094,-0.0076
2018-12-04,5.23,5.3,5.3,5.2,72635.0,星期二,0.0038,0.0134
2018-12-03,5.29,5.21,5.35,5.21,105667.0,星期一,0.0173,-0.0151
2018-11-30,5.04,5.2,5.2,5.03,82347.0,星期五,0.002,0.0317
2018-11-29,5.16,5.03,5.18,5.01,52932.0,星期四,0.0019,-0.0252
2018-11-28,5.09,5.15,5.17,5.05,56080.0,星期三,0.0079,0.0118
2018-11-27,5.0,5.05,5.09,5.0,59686.0,星期二,0.006,0.01
2018-11-26,5.04,4.97,5.07,4.91,57686.0,星期一,0.008,-0.0139
2018-11-23,5.19,5.0,5.2,4.98,66460.0,星期五,0.0058,-0.0366
2018-11-22,5.19,5.16,5.2,5.14,44003.0,星期四,0.0097,-0.0058
2018-11-21,5.06,5.14,5.2,5.06,51737.0,星期三,-0.0156,0.0158
2018-11-20,5.26,5.14,5.29,5.12,77651.0,星期二,0.0,-0.0228
2018-11-19,5.33,5.26,5.34,5.2,89795.0,星期一,0.0057,-0.0131
2018-11-16,5.26,5.3,5.33,5.24,65997.0,星期五,0.0038,0.0076
2018-11-15,5.18,5.24,5.27,5.18,57684.0,星期四,-0.0019,0.0116
2018-11-14,5.25,5.19,5.3,5.18,57772.0,星期三,0.0,-0.0114
2018-11-13,5.1,5.25,5.3,5.09,86317.0,星期二,-0.0097,0.0294
2018-11-12,5.0,5.15,5.16,5.0,72963.0,星期一,-0.002,0.03
2018-11-09,5.05,5.01,5.07,5.01,47517.0,星期五,-0.0039,-0.0079
2018-11-08,5.11,5.07,5.12,5.04,53441.0,星期四,0.0079,-0.0078
2018-11-07,5.11,5.07,5.12,5.04,72828.0,星期三,0.0079,-0.0078
2018-11-06,5.06,5.07,5.09,5.02,80425.0,星期二,-0.002,0.002
2018-11-05,4.98,5.07,5.14,4.97,112243.0,星期一,-0.004,0.0181
2018-11-02,4.93,5.0,5.02,4.89,112716.0,星期五,0.0082,0.0142
2018-11-01,4.73,4.89,4.95,4.73,155707.0,星期四,0.0,0.0338
2018-10-31,4.6,4.73,4.74,4.59,95721.0,星期三,0.0066,0.0283
2018-10-30,4.54,4.57,4.6,4.5,48007.0,星期二,-0.0044,0.0066
2018-10-29,4.58,4.56,4.59,4.51,35284.0,星期一,0.0022,-0.0044
2018-10-26,4.58,4.57,4.62,4.54,32947.0,星期五,0.0,-0.0022
2018-10-25,4.44,4.58,4.58,4.41,45402.0,星期四,-0.0199,0.0315
2018-10-24,4.54,4.53,4.59,4.5,37550.0,星期三,0.0,-0.0022
2018-10-23,4.59,4.54,4.61,4.52,49937.0,星期二,-0.0022,-0.0109
2018-10-22,4.42,4.6,4.64,4.42,81934.0,星期一,-0.0045,0.0407
2018-10-19,4.18,4.44,4.47,4.16,83215.0,星期五,-0.0095,0.0622
2018-10-18,4.46,4.22,4.46,4.0,82553.0,星期四,0.0045,-0.0538
2018-10-17,4.47,4.44,4.49,4.4,27468.0,星期三,0.009,-0.0067
2018-10-16,4.44,4.43,4.5,4.36,64189.0,星期二,0.0068,-0.0023
2018-10-15,4.43,4.41,4.53,4.33,87121.0,星期一,-0.0023,-0.0045
2018-10-12,4.29,4.44,4.61,4.13,143458.0,星期五,-0.0069,0.035
2018-10-11,4.72,4.32,4.72,4.31,124792.0,星期四,-0.0146,-0.0847
2018-10-10,4.75,4.79,4.8,4.74,31651.0,星期三,-0.0021,0.0084
2018-10-09,4.76,4.76,4.79,4.75,38592.0,星期二,0.0,0.0
2018-10-08,4.86,4.76,4.88,4.76,80633.0,星期一,-0.0041,-0.0206
2018-09-28,4.88,4.88,4.91,4.84,54633.0,星期五,0.0021,0.0
2018-09-27,4.91,4.87,4.92,4.85,50176.0,星期四,-0.002,-0.0081
2018-09-26,4.9,4.92,4.93,4.88,42349.0,星期三,0.002,0.0041
2018-09-25,4.89,4.89,4.92,4.87,66951.0,星期二,-0.0041,0.0
2018-09-21,4.88,4.91,4.92,4.86,58190.0,星期五,0.0021,0.0061
2018-09-20,4.91,4.87,4.91,4.85,68796.0,星期四,0.0,-0.0081
2018-09-19,4.9,4.91,4.93,4.86,104736.0,星期三,0.0,0.002
2018-09-18,4.88,4.9,4.92,4.84,30798.0,星期二,-0.002,0.0041
2018-09-17,4.9,4.89,4.91,4.85,31675.0,星期一,0.0,-0.002
2018-09-14,4.95,4.9,4.95,4.9,23512.0,星期五,0.0041,-0.0101
2018-09-13,4.88,4.93,4.93,4.87,35967.0,星期四,0.0,0.0102
2018-09-12,4.89,4.88,4.92,4.87,32972.0,星期三,0.0,-0.002
2018-09-11,4.9,4.89,4.93,4.85,46406.0,星期二,-0.002,-0.002
2018-09-10,4.92,4.91,4.94,4.86,50829.0,星期一,-0.002,-0.002
2018-09-07,4.95,4.93,4.99,4.91,35741.0,星期五,0.0,-0.004
2018-09-06,4.95,4.95,4.98,4.92,29159.0,星期四,-0.002,0.0
2018-09-05,5.0,4.96,5.02,4.96,31036.0,星期三,-0.002,-0.008
2018-09-04,4.93,5.01,5.02,4.91,60321.0,星期二,-0.004,0.0162
2018-09-03,4.92,4.95,4.95,4.87,66565.0,星期一,-0.0061,0.0061
2018-08-31,4.93,4.95,4.95,4.86,75175.0,星期五,-0.004,0.0041
2018-08-30,4.97,4.95,4.99,4.89,67266.0,星期四,-0.004,-0.004
2018-08-29,4.97,4.99,4.99,4.93,39569.0,星期三,-0.006,0.004
2018-08-28,5.03,5.0,5.04,4.93,62358.0,星期二,0.002,-0.006
2018-08-27,4.97,5.02,5.04,4.97,56474.0,星期一,-0.004,0.0101
2018-08-24,4.99,4.99,4.99,4.93,33647.0,星期五,-0.002,0.0
2018-08-23,4.99,5.0,5.01,4.95,38273.0,星期四,-0.004,0.002
2018-08-22,5.02,5.01,5.03,4.96,32705.0,星期三,-0.002,-0.002
2018-08-21,5.0,5.03,5.05,4.98,33027.0,星期二,-0.004,0.006
2018-08-20,4.99,5.02,5.05,4.95,43989.0,星期一,-0.004,0.006
2018-08-17,5.1,5.01,5.11,4.95,52694.0,星期五,0.0,-0.0176
2018-08-16,5.09,5.1,5.13,5.04,56673.0,星期四,-0.0117,0.002
2018-08-15,5.23,5.15,5.28,5.14,44772.0,星期三,0.0,-0.0153
2018-08-14,5.25,5.23,5.27,5.19,29544.0,星期二,0.0,-0.0038
2018-08-13,5.21,5.25,5.28,5.13,42900.0,星期一,-0.0057,0.0077
2018-08-10,5.26,5.24,5.28,5.21,39396.0,星期五,0.0,-0.0038
2018-08-09,5.25,5.26,5.31,5.15,77018.0,星期四,0.0,0.0019
2018-08-08,5.2,5.25,5.27,5.2,37345.0,星期三,0.0,0.0096
2018-08-07,5.16,5.2,5.21,5.11,42183.0,星期二,0.0058,0.0078
2018-08-06,5.29,5.13,5.3,5.06,53033.0,星期一,0.0057,-0.0302
2018-08-03,5.27,5.26,5.32,5.24,25987.0,星期五,-0.0019,-0.0019
2018-08-02,5.39,5.28,5.4,5.12,79630.0,星期四,-0.0019,-0.0204
2018-08-01,5.37,5.4,5.45,5.37,51829.0,星期三,-0.0056,0.0056
2018-07-31,5.34,5.4,5.44,5.32,47232.0,星期二,-0.0074,0.0112
2018-07-30,5.44,5.38,5.46,5.31,59779.0,星期一,0.0,-0.011
2018-07-27,5.4,5.44,5.48,5.39,51281.0,星期五,-0.0074,0.0074
2018-07-26,5.47,5.44,5.47,5.37,54857.0,星期四,0.0055,-0.0055
2018-07-25,5.46,5.44,5.48,5.42,44410.0,星期三,0.0018,-0.0037
2018-07-24,5.39,5.45,5.46,5.35,56467.0,星期二,0.0019,0.0111
2018-07-23,5.33,5.38,5.39,5.25,63149.0,星期一,-0.0037,0.0094
2018-07-20,5.32,5.35,5.42,5.3,101736.0,星期五,-0.0037,0.0056
2018-07-19,5.3,5.34,5.35,5.29,47296.0,星期四,0.0,0.0075
2018-07-18,5.29,5.3,5.33,5.28,43025.0,星期三,0.0,0.0019
2018-07-17,5.25,5.29,5.29,5.24,40537.0,星期二,0.0,0.0076
2018-07-16,5.26,5.25,5.27,5.19,40099.0,星期一,0.0038,-0.0019
2018-07-13,5.21,5.24,5.28,5.19,50416.0,星期五,0.0019,0.0058
2018-07-12,5.08,5.2,5.22,5.07,86805.0,星期四,0.004,0.0236
2018-07-11,5.05,5.06,5.09,5.0,69839.0,星期三,-0.0079,0.002
2018-07-10,5.05,5.09,5.1,5.03,54572.0,星期二,-0.002,0.0079
2018-07-09,4.99,5.06,5.08,4.98,68774.0,星期一,-0.002,0.014
2018-07-06,4.95,5.0,5.02,4.9,64971.0,星期五,-0.006,0.0101
2018-07-05,5.0,4.98,5.06,4.84,63601.0,星期四,-0.004,-0.004
2018-07-04,5.01,5.02,5.06,5.01,46082.0,星期三,-0.002,0.002
2018-07-03,4.99,5.02,5.08,4.99,61506.0,星期二,-0.002,0.006
2018-07-02,5.07,5.0,5.09,4.98,58091.0,星期一,-0.002,-0.0138
2018-06-29,4.99,5.08,5.2,4.95,107683.0,星期五,-0.002,0.018
2018-06-28,5.01,5.0,5.06,4.98,52162.0,星期四,-0.004,-0.002
2018-06-27,5.05,5.03,5.06,5.01,43070.0,星期三,-0.002,-0.004
2018-06-26,5.02,5.06,5.16,4.99,74004.0,星期二,-0.0059,0.008
2018-06-25,5.08,5.05,5.13,5.03,35769.0,星期一,0.002,-0.0059
2018-06-22,4.94,5.07,5.1,4.94,74439.0,星期五,-0.012,0.0263
2018-06-21,5.0,5.0,5.12,4.94,80220.0,星期四,0.002,0.0
2018-06-20,5.0,4.99,5.08,4.94,98326.0,星期三,0.0,-0.002
2018-06-19,5.51,5.0,5.51,4.96,168264.0,星期二,0.0,-0.0926
2018-06-15,5.74,5.51,5.74,5.48,69137.0,星期五,-0.0271,-0.0401
2018-06-14,5.91,5.9,5.95,5.86,44393.0,星期四,-0.0051,-0.0017
2018-06-13,5.88,5.94,5.97,5.83,70460.0,星期三,0.0,0.0102
2018-06-12,5.86,5.88,5.9,5.83,34080.0,星期二,-0.0051,0.0034
2018-06-11,5.9,5.89,5.92,5.84,50792.0,星期一,0.0,-0.0017
2018-06-08,5.99,5.9,5.99,5.85,65627.0,星期五,0.005,-0.015
2018-06-07,6.02,5.96,6.03,5.95,37835.0,星期四,0.0033,-0.01
2018-06-06,6.01,6.0,6.03,5.98,29442.0,星期三,0.0,-0.0017
2018-06-05,5.95,6.01,6.02,5.94,33009.0,星期二,0.0,0.0101
2018-06-04,5.99,5.95,6.0,5.93,43065.0,星期一,0.0034,-0.0067
2018-06-01,6.01,5.97,6.03,5.94,50887.0,星期五,-0.0033,-0.0067
2018-05-31,6.0,6.03,6.05,5.97,71100.0,星期四,0.0033,0.005
2018-05-30,6.1,5.98,6.16,5.96,92626.0,星期三,-0.0113,-0.0197
2018-05-29,6.21,6.17,6.28,6.16,52943.0,星期二,0.0,-0.0064
2018-05-28,6.23,6.21,6.27,6.17,61224.0,星期一,-0.0016,-0.0032
2018-05-25,6.33,6.24,6.34,6.23,69779.0,星期五,0.0016,-0.0142
2018-05-24,6.31,6.32,6.37,6.3,42457.0,星期四,0.0,0.0016
2018-05-23,6.34,6.31,6.41,6.3,72609.0,星期三,-0.0016,-0.0047
2018-05-22,6.29,6.35,6.36,6.27,77375.0,星期二,0.0,0.0095
2018-05-21,6.26,6.29,6.31,6.26,62117.0,星期一,0.0016,0.0048
2018-05-18,6.23,6.25,6.26,6.19,52005.0,星期五,0.0,0.0032
2018-05-17,6.21,6.23,6.25,6.18,48846.0,星期四,-0.0048,0.0032
2018-05-16,6.13,6.24,6.28,6.11,108290.0,星期三,0.0,0.0179
2018-05-15,6.15,6.13,6.16,6.1,47487.0,星期二,0.0033,-0.0033
2018-05-14,6.15,6.13,6.17,6.12,66442.0,星期一,-0.0097,-0.0033
2018-05-11,6.18,6.21,6.25,6.13,106796.0,星期五,0.0016,0.0049
2018-05-10,6.13,6.17,6.19,6.08,85622.0,星期四,0.0082,0.0065
2018-05-09,6.12,6.08,6.16,6.06,60052.0,星期三,0.0,-0.0065
2018-05-08,6.04,6.12,6.14,6.02,91502.0,星期二,-0.0017,0.0132
2018-05-07,5.98,6.05,6.05,5.95,55934.0,星期一,0.0,0.0117
2018-05-04,5.97,5.98,6.0,5.95,43700.0,星期五,0.0017,0.0017
2018-05-03,5.96,5.96,6.0,5.9,54862.0,星期四,-0.0067,0.0
2018-05-02,5.97,6.0,6.0,5.87,55444.0,星期三,0.0017,0.005
2018-04-27,5.87,5.96,5.98,5.84,52511.0,星期五,0.0017,0.0153
2018-04-26,6.03,5.86,6.04,5.84,89502.0,星期四,0.0,-0.0282
2018-04-25,5.99,6.03,6.04,5.98,37152.0,星期三,-0.005,0.0067
2018-04-24,5.96,6.02,6.03,5.92,63582.0,星期二,0.0,0.0101
2018-04-23,6.02,5.96,6.05,5.9,76830.0,星期一,0.0,-0.01
2018-04-20,6.29,6.02,6.32,6.0,134555.0,星期五,0.0,-0.0429
2018-04-19,6.32,6.29,6.35,6.28,53186.0,星期四,0.0,-0.0047
2018-04-18,6.31,6.32,6.35,6.23,62932.0,星期三,0.0048,0.0016
2018-04-17,6.38,6.28,6.4,6.28,55775.0,星期二,0.0031,-0.0157
2018-04-16,6.39,6.36,6.45,6.35,60187.0,星期一,-0.0062,-0.0047
2018-04-13,6.56,6.43,6.56,6.42,76269.0,星期五,0.0092,-0.0198
2018-04-12,6.49,6.5,6.54,6.47,76508.0,星期四,0.0046,0.0015
2018-04-11,6.46,6.46,6.49,6.44,74680.0,星期三,0.0031,0.0
2018-04-10,6.44,6.44,6.45,6.4,56532.0,星期二,0.0031,0.0
2018-04-09,6.41,6.42,6.47,6.39,59323.0,星期一,-0.0093,0.0016
2018-04-04,6.45,6.47,6.53,6.45,75214.0,星期三,0.0031,0.0031
2018-04-03,6.47,6.43,6.47,6.38,81505.0,星期二,-0.0077,-0.0062
2018-04-02,6.54,6.52,6.57,6.51,80801.0,星期一,0.0,-0.0031
2018-03-30,6.49,6.54,6.55,6.45,93868.0,星期五,0.0031,0.0077
2018-03-29,6.43,6.47,6.47,6.4,60145.0,星期四,0.0047,0.0062
2018-03-28,6.44,6.4,6.48,6.38,93769.0,星期三,-0.0092,-0.0062
2018-03-27,6.48,6.5,6.56,6.4,129407.0,星期二,0.0109,0.0031
2018-03-26,6.31,6.41,6.41,6.25,100644.0,星期一,-0.0032,0.0158
2018-03-23,6.71,6.33,6.73,6.25,213867.0,星期五,-0.0219,-0.0566
2018-03-22,6.89,6.86,6.95,6.84,109909.0,星期四,0.0,-0.0044
2018-03-21,7.06,6.89,7.07,6.88,185251.0,星期三,0.0,-0.0241
2018-03-20,6.91,7.06,7.14,6.84,244045.0,星期二,-0.0086,0.0217
2018-03-19,6.95,6.97,6.99,6.88,145981.0,星期一,-0.01,0.0029
2018-03-16,6.93,7.02,7.15,6.93,329765.0,星期五,0.0221,0.013
2018-03-15,6.82,6.78,6.89,6.77,234504.0,星期四,-0.0215,-0.0059
2018-03-14,7.3,6.97,7.3,6.91,506307.0,星期三,0.0847,-0.0452
2017-12-13,6.72,6.73,6.74,6.66,36058.0,星期三,-0.0015,0.0015
2017-12-12,6.79,6.73,6.8,6.7,41243.0,星期二,0.0,-0.0088
2017-12-11,6.77,6.79,6.82,6.73,49293.0,星期一,0.0015,0.003
2017-12-08,6.72,6.76,6.8,6.72,44323.0,星期五,-0.0059,0.006
2017-12-07,6.8,6.76,6.8,6.7,38228.0,星期四,0.0015,-0.0059
2017-12-06,6.76,6.79,6.8,6.67,54757.0,星期三,0.0,0.0044
2017-12-05,6.88,6.76,6.92,6.69,64822.0,星期二,-0.0029,-0.0174
2017-12-04,7.04,6.9,7.05,6.87,53435.0,星期一,0.0,-0.0199
2017-12-01,7.07,7.04,7.1,6.99,29267.0,星期五,0.0057,-0.0042
2017-11-30,6.98,7.03,7.09,6.97,61917.0,星期四,0.0,0.0072
2017-11-29,6.98,6.98,6.99,6.92,29929.0,星期三,-0.0014,0.0
2017-11-28,6.94,6.99,7.0,6.92,31757.0,星期二,0.0014,0.0072
2017-11-27,6.96,6.93,6.99,6.92,24919.0,星期一,0.0,-0.0043
2017-11-24,6.95,6.96,6.98,6.92,27476.0,星期五,0.0,0.0014
2017-11-23,7.01,6.95,7.02,6.91,50091.0,星期四,0.0057,-0.0086
2017-11-22,7.05,6.97,7.07,6.97,53465.0,星期三,0.0,-0.0113
2017-11-21,7.02,7.05,7.08,6.97,45236.0,星期二,0.0043,0.0043
2017-11-20,6.99,6.99,7.0,6.9,54665.0,星期一,0.0029,0.0
2017-11-17,7.18,6.97,7.22,6.94,98258.0,星期五,-0.0014,-0.0292
2017-11-16,7.21,7.19,7.25,7.16,48789.0,星期四,0.0,-0.0028
2017-11-15,7.33,7.21,7.35,7.18,74431.0,星期三,-0.0014,-0.0164
2017-11-14,7.4,7.34,7.4,7.33,51025.0,星期二,0.0014,-0.0081
2017-11-13,7.4,7.39,7.43,7.37,43684.0,星期一,0.0014,-0.0014
2017-11-10,7.41,7.39,7.42,7.36,51556.0,星期五,0.0,-0.0027
2017-11-09,7.44,7.41,7.45,7.38,50812.0,星期四,0.0,-0.004
2017-11-08,7.43,7.44,7.48,7.39,50423.0,星期三,0.0013,0.0013
2017-11-07,7.41,7.42,7.43,7.36,39363.0,星期二,-0.0013,0.0013
2017-11-06,7.39,7.42,7.43,7.34,48364.0,星期一,0.0,0.0041
2017-11-03,7.52,7.39,7.54,7.35,74725.0,星期五,0.0027,-0.0173
2017-11-02,7.62,7.5,7.62,7.49,65087.0,星期四,0.0013,-0.0157
2017-11-01,7.62,7.61,7.65,7.6,33786.0,星期三,0.0,-0.0013
2017-10-31,7.6,7.62,7.63,7.59,32716.0,星期二,0.0013,0.0026
2017-10-30,7.71,7.59,7.75,7.58,115486.0,星期一,-0.009,-0.0156
2017-10-27,7.83,7.78,7.84,7.77,49026.0,星期五,0.0,-0.0064
2017-10-26,7.83,7.83,7.86,7.8,52229.0,星期四,-0.0025,0.0
2017-10-25,7.82,7.85,7.85,7.78,53801.0,星期三,0.0013,0.0038
2017-10-24,7.84,7.81,7.86,7.8,55995.0,星期二,-0.0013,-0.0038
2017-10-23,7.78,7.85,7.86,7.77,59675.0,星期一,-0.0013,0.009
2017-10-20,7.78,7.79,7.82,7.75,63110.0,星期五,-0.0038,0.0013
2017-10-19,7.8,7.81,7.91,7.72,124535.0,星期四,-0.0051,0.0013
2017-10-18,7.72,7.84,8.12,7.7,195342.0,星期三,0.0,0.0155
2017-10-17,7.73,7.72,7.74,7.7,36436.0,星期二,0.0013,-0.0013
2017-10-16,7.82,7.72,7.83,7.71,65098.0,星期一,0.0,-0.0128
2017-10-13,7.77,7.82,7.83,7.77,38602.0,星期五,-0.0026,0.0064
2017-10-12,7.86,7.79,7.86,7.76,64373.0,星期四,0.0026,-0.0089
2017-10-11,7.89,7.84,7.91,7.83,76478.0,星期三,0.0,-0.0063
2017-10-10,7.74,7.89,7.89,7.72,150662.0,星期二,0.0013,0.0194
2017-10-09,7.75,7.73,7.78,7.72,55923.0,星期一,0.0091,-0.0026
2017-09-29,7.68,7.68,7.73,7.67,37091.0,星期五,0.0013,0.0
2017-09-28,7.74,7.67,7.75,7.67,39601.0,星期四,0.0039,-0.009
2017-09-27,7.68,7.71,7.75,7.67,40542.0,星期三,0.0013,0.0039
2017-09-26,7.66,7.67,7.68,7.64,38492.0,星期二,0.0026,0.0013
2017-09-25,7.73,7.64,7.74,7.64,72155.0,星期一,0.0,-0.0116
2017-09-22,7.77,7.73,7.78,7.71,64681.0,星期五,-0.0026,-0.0051
2017-09-21,7.81,7.79,7.82,7.75,74856.0,星期四,0.0013,-0.0026
2017-09-20,7.83,7.8,7.83,7.76,117227.0,星期三,0.0026,-0.0038
2017-09-19,7.87,7.81,7.88,7.8,84972.0,星期二,0.0,-0.0076
2017-09-18,7.88,7.87,7.9,7.85,63128.0,星期一,0.0,-0.0013
2017-09-15,7.88,7.88,7.91,7.85,50728.0,星期五,-0.0025,0.0
2017-09-14,7.91,7.9,7.92,7.84,72581.0,星期四,0.0013,-0.0013
2017-09-13,7.91,7.9,7.94,7.87,48350.0,星期三,-0.0013,-0.0013
2017-09-12,7.86,7.92,7.95,7.83,138388.0,星期二,0.0013,0.0076
2017-09-11,7.84,7.85,7.86,7.81,45881.0,星期一,0.0013,0.0013
2017-09-08,7.86,7.83,7.89,7.81,67592.0,星期五,0.0,-0.0038
2017-09-07,7.87,7.86,7.89,7.83,78018.0,星期四,0.0013,-0.0013
2017-09-06,7.84,7.86,7.88,7.77,66822.0,星期三,-0.0013,0.0026
2017-09-05,7.9,7.85,7.91,7.84,74742.0,星期二,-0.0013,-0.0063
2017-09-04,7.86,7.91,7.92,7.83,61160.0,星期一,-0.0025,0.0064
2017-09-01,7.84,7.88,7.89,7.83,54370.0,星期五,-0.0013,0.0051
2017-08-31,7.85,7.85,7.88,7.83,43772.0,星期四,0.0013,0.0
2017-08-30,7.86,7.84,7.88,7.82,58766.0,星期三,0.0,-0.0025
2017-08-29,7.91,7.86,7.92,7.84,66839.0,星期二,0.0,-0.0063
2017-08-28,7.85,7.91,7.93,7.82,97961.0,星期一,-0.0051,0.0076
2017-08-25,7.79,7.89,7.9,7.78,49370.0,星期五,0.0013,0.0128
2017-08-24,7.82,7.78,7.84,7.78,46335.0,星期四,0.0,-0.0051
2017-08-23,7.87,7.82,7.91,7.82,54391.0,星期三,-0.0013,-0.0064
2017-08-22,7.93,7.88,7.94,7.87,39835.0,星期二,-0.0013,-0.0063
2017-08-21,7.92,7.94,7.95,7.9,43005.0,星期一,0.0013,0.0025
2017-08-18,7.91,7.91,7.95,7.9,37445.0,星期五,-0.0038,0.0
2017-08-17,7.92,7.94,7.98,7.9,55421.0,星期四,0.0,0.0025
2017-08-16,7.93,7.92,7.95,7.85,47467.0,星期三,0.0051,-0.0013
2017-08-15,7.92,7.89,7.94,7.87,39965.0,星期二,0.0,-0.0038
2017-08-14,7.86,7.92,7.93,7.8,52778.0,星期一,0.0026,0.0076
2017-08-11,7.99,7.84,8.0,7.8,119882.0,星期五,-0.005,-0.0188
2017-08-10,8.14,8.03,8.16,8.01,122882.0,星期四,-0.0085,-0.0135
2017-08-09,8.06,8.21,8.27,8.0,143086.0,星期三,0.0025,0.0186
2017-08-08,8.07,8.04,8.07,8.0,56889.0,星期二,0.0012,-0.0037
2017-08-07,8.03,8.06,8.09,8.03,44203.0,星期一,0.0,0.0037
2017-08-04,8.13,8.03,8.13,8.03,64195.0,星期五,0.0012,-0.0123
2017-08-03,8.1,8.12,8.16,8.08,50817.0,星期四,-0.0025,0.0025
2017-08-02,8.21,8.12,8.24,8.1,68457.0,星期三,0.0012,-0.011
2017-08-01,8.17,8.2,8.28,8.15,156693.0,星期二,-0.0024,0.0037
2017-07-31,8.02,8.19,8.19,8.0,140779.0,星期一,-0.0037,0.0212
2017-07-28,8.08,8.05,8.13,8.02,79654.0,星期五,-0.0012,-0.0037
2017-07-27,8.0,8.09,8.12,7.95,106309.0,星期四,0.0,0.0112
2017-07-26,8.03,8.0,8.04,7.91,63045.0,星期三,-0.0025,-0.0037
2017-07-25,8.05,8.05,8.07,7.98,57282.0,星期二,0.0,0.0
2017-07-24,8.04,8.05,8.07,7.99,66809.0,星期一,0.005,0.0012
2017-07-21,8.05,8.0,8.05,7.96,77332.0,星期五,-0.0012,-0.0062
2017-07-20,7.96,8.06,8.09,7.94,103606.0,星期四,-0.0013,0.0126
2017-07-19,7.93,7.97,8.0,7.84,137864.0,星期三,0.0051,0.005
2017-07-18,7.7,7.89,7.97,7.66,118260.0,星期二,0.0065,0.0247
2017-07-17,7.92,7.65,7.92,7.64,103008.0,星期一,-0.0013,-0.0341
2017-07-14,7.95,7.93,7.98,7.91,34048.0,星期五,0.0,-0.0025
2017-07-13,7.85,7.95,7.95,7.85,49427.0,星期四,-0.0025,0.0127
2017-07-12,7.95,7.87,7.98,7.84,53343.0,星期三,-0.0013,-0.0101
2017-07-11,7.98,7.96,8.04,7.91,66748.0,星期二,-0.0013,-0.0025
2017-07-10,7.99,7.99,8.04,7.96,46655.0,星期一,-0.0037,0.0
2017-07-07,7.98,8.02,8.03,7.95,53510.0,星期五,-0.0025,0.005
2017-07-06,8.04,8.0,8.06,7.96,91959.0,星期四,0.0075,-0.005
2017-07-05,7.95,7.98,8.04,7.93,99697.0,星期三,0.0,0.0038
2017-07-04,7.87,7.95,7.99,7.84,87193.0,星期二,0.0,0.0102
2017-07-03,7.83,7.87,7.88,7.82,58576.0,星期一,0.0,0.0051
2017-06-30,7.81,7.83,7.85,7.77,47062.0,星期五,-0.0013,0.0026
2017-06-29,7.84,7.82,7.85,7.79,50269.0,星期四,0.0038,-0.0026
2017-06-28,7.88,7.81,7.88,7.8,75108.0,星期三,0.0,-0.0089
2017-06-27,7.89,7.88,7.9,7.85,44493.0,星期二,0.0013,-0.0013
2017-06-26,7.86,7.88,7.89,7.83,58253.0,星期一,0.0,0.0025
2017-06-23,7.91,7.86,7.91,7.8,48130.0,星期五,0.0,-0.0063
2017-06-22,7.99,7.91,8.01,7.91,59489.0,星期四,0.0,-0.01
2017-06-21,7.95,7.99,7.99,7.94,40639.0,星期三,0.0,0.005
2017-06-20,7.95,7.95,7.97,7.93,40620.0,星期二,0.0,0.0
2017-06-19,7.95,7.95,7.98,7.9,57168.0,星期一,0.0013,0.0
2017-06-16,7.97,7.94,7.99,7.92,42014.0,星期五,-0.0173,-0.0038
2017-06-15,8.09,8.11,8.14,8.03,61443.0,星期四,0.0012,0.0025
2017-06-14,8.1,8.08,8.13,8.07,34653.0,星期三,0.0012,-0.0025
2017-06-13,8.05,8.09,8.18,8.02,39529.0,星期二,0.0,0.005
2017-06-12,8.1,8.05,8.1,8.02,43634.0,星期一,0.0,-0.0062
2017-06-09,8.12,8.1,8.18,8.06,48992.0,星期五,0.0,-0.0025
2017-06-08,8.19,8.12,8.23,8.1,70216.0,星期四,0.0024,-0.0085
2017-06-07,8.05,8.17,8.21,8.01,148291.0,星期三,0.0,0.0149
2017-06-06,7.99,8.05,8.13,7.93,74419.0,星期二,0.0025,0.0075
2017-06-05,7.88,7.97,8.0,7.87,71366.0,星期一,0.0025,0.0114
2017-06-02,7.89,7.86,7.9,7.78,77372.0,星期五,-0.0013,-0.0038
2017-06-01,7.95,7.9,7.98,7.86,82036.0,星期四,0.0038,-0.0063
2017-05-31,7.99,7.92,8.02,7.85,74341.0,星期三,0.0063,-0.0088
2017-05-26,7.88,7.94,7.99,7.84,73521.0,星期五,0.0013,0.0076
2017-05-25,7.77,7.87,7.89,7.72,104810.0,星期四,0.0,0.0129
2017-05-24,7.71,7.77,7.78,7.64,61982.0,星期三,0.0,0.0078
2017-05-23,7.68,7.71,7.73,7.59,95345.0,星期二,0.0,0.0039
2017-05-22,7.76,7.68,7.78,7.67,60111.0,星期一,-0.0039,-0.0103
2017-05-19,7.76,7.79,7.82,7.75,46375.0,星期五,-0.0013,0.0039
2017-05-18,7.8,7.77,7.86,7.76,69735.0,星期四,-0.0064,-0.0038
2017-05-17,7.87,7.85,7.92,7.82,92721.0,星期三,0.0,-0.0025
2017-05-16,7.77,7.87,7.87,7.68,75650.0,星期二,-0.0013,0.0129
2017-05-15,7.78,7.78,7.88,7.74,59557.0,星期一,-0.0013,0.0
2017-05-12,7.8,7.79,7.87,7.7,101405.0,星期五,-0.0089,-0.0013
2017-05-11,8.06,7.87,8.13,7.65,158901.0,星期四,-0.0037,-0.0236
2017-05-10,8.26,8.09,8.31,8.09,107550.0,星期三,-0.0024,-0.0206
2017-05-09,8.26,8.28,8.31,8.12,86022.0,星期二,0.0012,0.0024
2017-05-08,8.45,8.25,8.5,8.24,135934.0,星期一,0.0096,-0.0237
2017-05-05,8.38,8.37,8.53,8.35,234198.0,星期五,-0.0012,-0.0012
2017-05-04,8.26,8.39,8.39,8.24,211442.0,星期四,-0.0012,0.0157
2017-05-03,8.09,8.27,8.27,8.05,158062.0,星期三,0.0,0.0222
2017-05-02,8.21,8.09,8.21,8.07,81849.0,星期二,0.0,-0.0146
2017-04-28,8.25,8.21,8.26,8.16,77391.0,星期五,-0.0012,-0.0048
2017-04-27,8.28,8.26,8.29,8.1,116287.0,星期四,-0.0012,-0.0024
2017-04-26,8.39,8.29,8.4,8.26,92272.0,星期三,0.006,-0.0119
2017-04-25,8.11,8.34,8.37,8.1,212505.0,星期二,0.0,0.0284
2017-04-24,8.09,8.11,8.15,8.03,144335.0,星期一,0.0037,0.0025
2017-04-21,8.08,8.06,8.12,8.04,57892.0,星期五,0.0012,-0.0025
2017-04-20,8.05,8.07,8.1,8.02,60060.0,星期四,0.0012,0.0025
2017-04-19,8.19,8.04,8.2,8.01,116019.0,星期三,0.0,-0.0183
2017-04-18,8.27,8.19,8.31,8.19,95366.0,星期二,0.0,-0.0097
2017-04-17,8.26,8.27,8.3,8.24,83624.0,星期一,-0.0024,0.0012
2017-04-14,8.35,8.28,8.35,8.27,69861.0,星期五,0.0024,-0.0084
2017-04-13,8.28,8.33,8.34,8.27,72913.0,星期四,0.0,0.006
2017-04-12,8.35,8.28,8.36,8.25,103575.0,星期三,0.0,-0.0084
2017-04-11,8.27,8.35,8.36,8.27,78789.0,星期二,-0.0024,0.0097
2017-04-10,8.39,8.29,8.4,8.28,97253.0,星期一,0.0,-0.0119
2017-04-07,8.4,8.39,8.42,8.37,96740.0,星期五,-0.0059,-0.0012
2017-04-06,8.4,8.45,8.49,8.38,87349.0,星期四,0.0,0.006
2017-04-05,8.31,8.4,8.44,8.29,90364.0,星期三,0.0012,0.0108
2017-03-31,8.3,8.3,8.33,8.28,56181.0,星期五,0.0024,0.0
2017-03-30,8.38,8.28,8.4,8.27,112246.0,星期四,0.0,-0.0119
2017-03-29,8.47,8.38,8.47,8.38,86047.0,星期三,0.0024,-0.0106
2017-03-28,8.48,8.45,8.49,8.44,67609.0,星期二,0.0,-0.0035
2017-03-27,8.52,8.48,8.54,8.47,82115.0,星期一,0.0012,-0.0047
2017-03-24,8.5,8.51,8.52,8.46,79590.0,星期五,-0.0012,0.0012
2017-03-23,8.54,8.51,8.56,8.44,89622.0,星期四,0.0012,-0.0035
2017-03-22,8.55,8.53,8.59,8.52,71004.0,星期三,-0.0023,-0.0023
2017-03-21,8.61,8.57,8.61,8.55,82073.0,星期二,0.0,-0.0046
2017-03-20,8.64,8.61,8.64,8.55,104205.0,星期一,0.0012,-0.0035
2017-03-17,8.72,8.63,8.75,8.62,102544.0,星期五,0.0023,-0.0103
2017-03-16,8.68,8.7,8.72,8.67,84598.0,星期四,0.0023,0.0023
2017-03-15,8.69,8.66,8.7,8.65,59650.0,星期三,-0.0034,-0.0035
2017-03-14,8.65,8.72,8.72,8.6,154267.0,星期二,-0.0012,0.0081
2017-03-13,8.61,8.66,8.66,8.51,105738.0,星期一,0.0,0.0058
2017-03-10,8.62,8.61,8.65,8.6,59297.0,星期五,0.0,-0.0012
2017-03-09,8.66,8.62,8.69,8.62,91150.0,星期四,-0.0035,-0.0046
2017-03-08,8.72,8.69,8.73,8.67,102063.0,星期三,-0.0034,-0.0034
2017-03-07,8.66,8.75,8.8,8.66,258742.0,星期二,0.0046,0.0104
2017-03-06,8.59,8.62,8.63,8.57,95899.0,星期一,0.0012,0.0035
2017-03-03,8.59,8.58,8.61,8.56,78721.0,星期五,-0.0023,-0.0012
2017-03-02,8.7,8.61,8.7,8.57,140276.0,星期四,0.0012,-0.0103
2017-03-01,8.53,8.69,8.69,8.51,216392.0,星期三,-0.0035,0.0188
2017-02-28,8.69,8.56,8.69,8.54,143924.0,星期二,0.02,-0.015
2017-02-27,8.56,8.52,8.57,8.44,166611.0,星期一,0.0012,-0.0047
2017-02-24,8.62,8.55,8.63,8.52,213608.0,星期五,-0.0046,-0.0081
2017-02-23,8.59,8.66,8.67,8.56,158706.0,星期四,-0.0012,0.0081
2017-02-22,8.57,8.6,8.6,8.52,137640.0,星期三,-0.0012,0.0035
2017-02-21,8.53,8.58,8.63,8.52,163725.0,星期二,0.0071,0.0059
2017-02-17,8.53,8.47,8.55,8.46,100044.0,星期五,0.0024,-0.007
2017-02-16,8.45,8.51,8.52,8.45,96213.0,星期四,-0.0012,0.0071
2017-02-15,8.52,8.46,8.55,8.46,108346.0,星期三,0.0,-0.007
2017-02-14,8.57,8.52,8.57,8.49,75286.0,星期二,0.0012,-0.0058
2017-02-13,8.5,8.56,8.57,8.47,114862.0,星期一,0.0,0.0071
2017-02-10,8.55,8.5,8.57,8.48,168949.0,星期五,-0.0023,-0.0058
2017-02-09,8.43,8.57,8.65,8.4,190821.0,星期四,0.0,0.0166
2017-02-08,8.4,8.43,8.43,8.33,134478.0,星期三,-0.0024,0.0036
2017-02-07,8.48,8.42,8.49,8.39,73720.0,星期二,0.0,-0.0071
2017-02-06,8.46,8.48,8.51,8.44,85282.0,星期一,0.0,0.0024
2017-02-03,8.45,8.46,8.49,8.39,72136.0,星期五,-0.0012,0.0012
2017-01-26,8.42,8.46,8.47,8.41,84359.0,星期四,0.0012,0.0048
2017-01-25,8.39,8.41,8.42,8.36,63186.0,星期三,-0.0012,0.0024
2017-01-24,8.43,8.4,8.43,8.36,60238.0,星期二,0.0024,-0.0036
2017-01-23,8.38,8.41,8.5,8.37,91366.0,星期一,0.0,0.0036
2017-01-20,8.3,8.38,8.39,8.25,104449.0,星期五,0.0012,0.0096
2017-01-19,8.25,8.29,8.36,8.24,99464.0,星期四,-0.0036,0.0048
2017-01-18,8.3,8.28,8.33,8.19,125057.0,星期三,-0.0036,-0.0024
2017-01-17,8.27,8.33,8.37,8.2,113861.0,星期二,0.0,0.0073
2017-01-16,8.53,8.27,8.56,8.13,235721.0,星期一,-0.0058,-0.0305
2017-01-13,8.72,8.58,8.75,8.5,189430.0,星期五,0.0011,-0.0161
2017-01-12,8.86,8.71,8.9,8.68,193925.0,星期四,-0.0023,-0.0169
2017-01-11,9.03,8.88,9.07,8.82,182130.0,星期三,-0.0022,-0.0166
2017-01-10,9.05,9.05,9.08,9.03,80438.0,星期二,0.0,0.0
2017-01-09,9.08,9.05,9.09,9.01,119198.0,星期一,-0.0011,-0.0033
2017-01-06,9.14,9.09,9.15,9.08,80081.0,星期五,0.0,-0.0055
2017-01-05,9.15,9.14,9.18,9.12,85256.0,星期四,-0.0022,-0.0011
2017-01-04,9.19,9.17,9.19,9.09,109630.0,星期三,0.0022,-0.0022
2017-01-03,9.07,9.17,9.19,9.07,76588.0,星期二,0.0,0.011
2016-12-30,9.07,9.07,9.11,9.05,48650.0,星期五,0.0,0.0
2016-12-29,9.06,9.07,9.11,9.02,52146.0,星期四,0.0011,0.0011
2016-12-28,9.07,9.05,9.1,9.03,56573.0,星期三,0.0,-0.0022
2016-12-27,9.15,9.07,9.15,9.06,80003.0,星期二,0.0022,-0.0087
2016-12-26,9.11,9.13,9.15,9.03,75086.0,星期一,-0.0022,0.0022
2016-12-23,9.25,9.13,9.3,9.1,108878.0,星期五,0.0,-0.013
2016-12-22,9.21,9.25,9.28,9.19,56048.0,星期四,-0.0022,0.0043
2016-12-21,9.2,9.23,9.25,9.19,67470.0,星期三,-0.0011,0.0033
2016-12-20,9.17,9.21,9.21,9.15,66226.0,星期二,0.0,0.0044
2016-12-19,9.17,9.17,9.21,9.15,64707.0,星期一,0.0,0.0
2016-12-16,9.19,9.17,9.21,9.14,74282.0,星期五,0.0066,-0.0022
2016-12-15,9.2,9.13,9.26,9.08,110304.0,星期四,0.0033,-0.0076
2016-12-14,9.16,9.17,9.26,9.14,82102.0,星期三,-0.0011,0.0011
2016-12-13,9.13,9.17,9.23,9.11,88854.0,星期二,0.0011,0.0044
2016-12-12,9.66,9.12,9.68,9.12,273819.0,星期一,0.0,-0.0559
2016-12-09,9.72,9.66,9.77,9.65,120594.0,星期五,-0.0021,-0.0062
2016-12-08,9.8,9.74,9.8,9.72,72700.0,星期四,0.0,-0.0061
2016-12-07,9.71,9.8,9.82,9.69,85408.0,星期三,0.001,0.0093
2016-12-06,9.75,9.7,9.77,9.69,71785.0,星期二,0.0052,-0.0051
2016-12-05,9.69,9.7,9.82,9.68,104533.0,星期一,-0.0051,0.001
2016-12-02,9.96,9.74,9.96,9.73,163363.0,星期五,0.003,-0.0221
2016-12-01,9.79,9.93,9.95,9.78,193359.0,星期四,0.001,0.0143
2016-11-30,9.83,9.78,9.85,9.74,149127.0,星期三,-0.002,-0.0051
2016-11-29,9.91,9.85,9.97,9.85,208347.0,星期二,-0.002,-0.0061
2016-11-28,10.01,9.93,10.06,9.92,166788.0,星期一,0.005,-0.008
2016-11-25,9.75,9.96,9.99,9.67,240738.0,星期五,-0.0031,0.0215
2016-11-24,9.8,9.78,9.84,9.75,118344.0,星期四,0.0,-0.002
2016-11-23,9.88,9.8,9.89,9.78,127855.0,星期三,0.001,-0.0081
2016-11-22,9.87,9.87,9.88,9.78,132303.0,星期二,0.003,0.0
2016-11-21,9.79,9.84,9.9,9.77,160646.0,星期一,-0.0061,0.0051
2016-11-18,9.93,9.85,9.96,9.84,109360.0,星期五,0.0,-0.0081
2016-11-17,9.94,9.93,9.99,9.83,159341.0,星期四,0.001,-0.001
2016-11-16,10.0,9.93,10.07,9.92,171977.0,星期三,0.003,-0.007
2016-11-15,9.92,9.97,10.04,9.88,325751.0,星期二,0.0051,0.005
2016-11-14,9.82,9.87,9.92,9.81,226426.0,星期一,0.001,0.0051
2016-11-11,9.8,9.81,9.82,9.74,150664.0,星期五,0.0031,0.001
2016-11-10,9.73,9.77,9.8,9.72,144951.0,星期四,0.0083,0.0041
2016-11-09,9.79,9.65,9.81,9.6,162368.0,星期三,0.0041,-0.0143
2016-11-08,9.7,9.75,9.79,9.65,148740.0,星期二,0.0052,0.0052
2016-11-07,9.63,9.65,9.71,9.59,98603.0,星期一,0.001,0.0021
2016-11-04,9.66,9.62,9.7,9.58,102877.0,星期五,0.001,-0.0041
2016-11-03,9.65,9.65,9.73,9.56,172418.0,星期四,-0.001,0.0
2016-11-02,9.73,9.66,9.76,9.63,140696.0,星期三,-0.0041,-0.0072
2016-11-01,9.79,9.77,9.79,9.7,109533.0,星期二,0.0062,-0.002
2016-10-31,9.71,9.73,9.76,9.65,98268.0,星期一,-0.0031,0.0021
2016-10-28,9.89,9.74,9.97,9.73,196852.0,星期五,0.001,-0.0152
2016-10-27,9.76,9.88,9.92,9.72,254111.0,星期四,-0.0051,0.0123
2016-10-26,9.87,9.81,10.11,9.81,428450.0,星期三,0.0092,-0.0061
2016-10-25,9.74,9.78,9.81,9.7,121156.0,星期二,0.001,0.0041
2016-10-24,9.68,9.73,9.78,9.6,153837.0,星期一,0.001,0.0052
2016-10-21,9.75,9.67,9.75,9.57,197014.0,星期五,-0.0041,-0.0082
2016-10-20,9.82,9.79,9.85,9.74,147100.0,星期四,0.0092,-0.0031
2016-10-19,9.8,9.73,9.84,9.7,190024.0,星期三,0.0,-0.0071
2016-10-18,9.7,9.8,9.8,9.66,152187.0,星期二,0.0,0.0103
2016-10-17,9.86,9.7,9.91,9.66,226900.0,星期一,-0.006,-0.0162
2016-10-14,9.68,9.92,9.94,9.65,239534.0,星期五,-0.0021,0.0248
2016-10-13,9.81,9.7,9.88,9.68,168431.0,星期四,-0.002,-0.0112
2016-10-12,9.78,9.83,9.96,9.77,203798.0,星期三,-0.0061,0.0051
2016-10-11,9.83,9.84,9.87,9.73,185959.0,星期二,0.001,0.001
2016-10-10,9.6,9.82,9.85,9.57,263630.0,星期一,0.0063,0.0229
2016-09-30,9.57,9.54,9.71,9.53,196179.0,星期五,0.0,-0.0031
2016-09-29,9.65,9.57,9.65,9.52,170521.0,星期四,0.0052,-0.0083
2016-09-28,9.45,9.6,9.68,9.4,254306.0,星期三,0.0043,0.0159
2016-09-27,9.26,9.41,9.42,9.25,76518.0,星期二,-0.0022,0.0162
2016-09-26,9.51,9.28,9.54,9.26,118491.0,星期一,-0.0021,-0.0242
2016-09-23,9.6,9.53,9.6,9.49,82094.0,星期五,0.0052,-0.0073
2016-09-22,9.46,9.55,9.63,9.44,170602.0,星期四,0.0064,0.0095
2016-09-21,9.35,9.4,9.44,9.33,94056.0,星期三,0.0011,0.0053
2016-09-20,9.4,9.34,9.4,9.32,72891.0,星期二,0.0021,-0.0064
2016-09-19,9.29,9.38,9.43,9.29,94428.0,星期一,0.0022,0.0097
2016-09-14,9.32,9.27,9.38,9.22,89837.0,星期三,0.0,-0.0054
2016-09-13,9.32,9.32,9.36,9.26,102836.0,星期二,0.0054,0.0
2016-09-12,9.41,9.27,9.45,9.25,190291.0,星期一,-0.0126,-0.0149
2016-09-09,9.71,9.53,9.72,9.52,173723.0,星期五,0.0,-0.0185
2016-09-08,9.69,9.71,9.71,9.6,201706.0,星期四,0.0052,0.0021
2016-09-07,9.63,9.64,9.74,9.6,224599.0,星期三,-0.0031,0.001
2016-09-06,9.47,9.66,9.67,9.37,217409.0,星期二,0.0,0.0201
2016-09-05,9.44,9.47,9.56,9.43,101210.0,星期一,-0.0032,0.0032
2016-09-02,9.51,9.47,9.58,9.4,144961.0,星期五,-0.0042,-0.0042
2016-09-01,9.6,9.55,9.74,9.55,195256.0,星期四,-0.001,-0.0052
2016-08-31,9.64,9.61,9.68,9.5,135308.0,星期三,-0.0021,-0.0031
2016-08-30,9.64,9.66,9.74,9.58,189905.0,星期二,0.0,0.0021
2016-08-29,9.62,9.64,9.69,9.48,252838.0,星期一,0.0063,0.0021
2016-08-26,9.56,9.56,9.82,9.49,301336.0,星期五,0.001,0.0
2016-08-25,9.51,9.55,9.55,9.34,170418.0,星期四,0.0,0.0042
2016-08-24,9.64,9.51,9.67,9.45,172483.0,星期三,0.001,-0.0135
2016-08-23,9.51,9.63,9.7,9.51,146285.0,星期二,-0.0031,0.0126
2016-08-22,9.84,9.54,9.88,9.54,383610.0,星期一,0.0092,-0.0305
2016-08-19,9.76,9.75,9.83,9.62,241577.0,星期五,-0.0071,-0.001
2016-08-18,9.79,9.83,10.2,9.73,390549.0,星期四,0.0,0.0041
2016-08-17,9.88,9.79,9.92,9.73,333155.0,星期三,-0.012,-0.0091
2016-08-16,9.63,10.0,10.27,9.59,642893.0,星期二,0.0084,0.0384
2016-08-15,9.1,9.55,9.57,9.08,490150.0,星期一,0.0,0.0495
2016-08-12,8.98,9.1,9.1,8.98,90298.0,星期五,0.0,0.0134
2016-08-11,9.05,8.98,9.09,8.97,81848.0,星期四,-0.0033,-0.0077
2016-08-10,9.13,9.08,9.14,9.06,68491.0,星期三,0.0022,-0.0055
2016-08-09,9.07,9.11,9.13,9.03,104138.0,星期二,-0.0011,0.0044
2016-08-08,8.99,9.08,9.08,8.94,76200.0,星期一,0.0,0.01
2016-08-05,8.99,8.99,9.04,8.96,91016.0,星期五,0.0,0.0
2016-08-04,8.99,8.99,9.02,8.93,64531.0,星期四,-0.0011,0.0
2016-08-03,8.95,9.0,9.03,8.94,79579.0,星期三,-0.0044,0.0056
2016-08-02,8.95,8.99,9.02,8.9,91069.0,星期二,0.0,0.0045
2016-08-01,8.92,8.95,8.97,8.83,103045.0,星期一,-0.0011,0.0034
2016-07-29,8.98,8.93,9.02,8.91,102043.0,星期五,0.0,-0.0056
2016-07-28,9.0,8.98,9.06,8.89,131897.0,星期四,-0.0011,-0.0022
2016-07-27,9.4,9.01,9.4,8.9,219968.0,星期三,0.0021,-0.0415
2016-07-26,9.27,9.38,9.4,9.27,89706.0,星期二,0.0011,0.0119
2016-07-25,9.25,9.26,9.33,9.21,99234.0,星期一,-0.0054,0.0011
2016-07-22,9.48,9.3,9.48,9.27,169100.0,星期五,0.0032,-0.019
2016-07-21,9.47,9.45,9.52,9.41,163731.0,星期四,0.0,-0.0021
2016-07-20,9.4,9.47,9.55,9.37,151592.0,星期三,0.0011,0.0074
2016-07-19,9.4,9.39,9.43,9.33,109735.0,星期二,0.0,-0.0011
2016-07-18,9.47,9.4,9.5,9.39,104796.0,星期一,0.0,-0.0074
2016-07-15,9.44,9.47,9.57,9.44,133472.0,星期五,-0.0021,0.0032
2016-07-14,9.49,9.46,9.49,9.41,113448.0,星期四,0.0011,-0.0032
2016-07-13,9.43,9.48,9.52,9.37,250779.0,星期三,0.0053,0.0053
2016-07-12,9.3,9.38,9.39,9.22,167392.0,星期二,0.0,0.0086
2016-07-11,9.43,9.3,9.45,9.3,160656.0,星期一,0.0032,-0.0138
2016-07-08,9.5,9.4,9.53,9.38,161615.0,星期五,-0.0021,-0.0105
2016-07-07,9.35,9.52,9.66,9.34,334895.0,星期四,0.0043,0.0182
2016-07-06,9.36,9.31,9.39,9.28,150208.0,星期三,-0.0043,-0.0053
2016-07-05,9.39,9.4,9.42,9.3,197920.0,星期二,0.0021,0.0011
2016-07-04,9.18,9.37,9.49,9.16,263946.0,星期一,-0.0086,0.0207
2016-07-01,9.12,9.26,9.43,9.11,367390.0,星期五,-0.0011,0.0154
2016-06-30,8.95,9.13,9.14,8.87,258016.0,星期四,-0.0176,0.0201
2016-06-29,9.07,9.11,9.17,9.07,172878.0,星期三,0.0022,0.0044
2016-06-28,8.96,9.05,9.06,8.94,183352.0,星期二,-0.0011,0.01
2016-06-27,8.83,8.97,8.99,8.82,113595.0,星期一,-0.0023,0.0159
2016-06-24,8.94,8.85,9.0,8.75,159389.0,星期五,-0.0033,-0.0101
2016-06-23,9.02,8.97,9.04,8.92,86049.0,星期四,0.0022,-0.0055
2016-06-22,8.9,9.0,9.01,8.88,83624.0,星期三,0.0,0.0112
2016-06-21,9.07,8.9,9.09,8.88,120404.0,星期二,0.0067,-0.0187
2016-06-20,8.96,9.01,9.05,8.9,147778.0,星期一,0.0056,0.0056
2016-06-17,8.83,8.91,9.03,8.83,149929.0,星期五,0.0,0.0091
2016-06-16,8.93,8.83,8.97,8.81,158690.0,星期四,-0.0033,-0.0112
2016-06-15,8.79,8.96,9.03,8.74,148286.0,星期三,-0.0057,0.0193
2016-06-14,8.79,8.84,8.89,8.77,74885.0,星期二,-0.0011,0.0057
2016-06-13,9.05,8.8,9.07,8.8,158213.0,星期一,-0.0066,-0.0276
2016-06-08,9.17,9.11,9.19,9.06,126430.0,星期三,0.0011,-0.0065
2016-06-07,9.26,9.16,9.28,9.13,118708.0,星期二,0.0011,-0.0108
2016-06-06,9.21,9.25,9.33,9.15,163041.0,星期一,-0.0011,0.0043
2016-06-03,9.23,9.22,9.27,9.15,161586.0,星期五,0.0065,-0.0011
2016-06-02,9.15,9.17,9.22,9.13,125474.0,星期四,-0.0011,0.0022
2016-06-01,9.26,9.16,9.28,9.13,193818.0,星期三,0.0011,-0.0108
2016-05-31,8.96,9.25,9.28,8.93,221975.0,星期二,0.0045,0.0324
2016-05-30,8.91,8.92,9.03,8.86,77499.0,星期一,-0.0022,0.0011
2016-05-27,8.9,8.93,8.96,8.83,70496.0,星期五,-0.0045,0.0034
2016-05-26,9.03,8.94,9.03,8.75,119092.0,星期四,0.0044,-0.01
2016-05-25,9.07,8.99,9.13,8.93,109142.0,星期三,0.0123,-0.0088
2016-05-24,9.06,8.96,9.08,8.91,64823.0,星期二,0.0,-0.011
2016-05-23,9.06,9.06,9.1,9.01,82314.0,星期一,0.0033,0.0
2016-05-20,8.92,9.03,9.06,8.77,81369.0,星期五,-0.0056,0.0123
2016-05-19,8.93,8.97,9.14,8.93,100352.0,星期四,-0.0022,0.0045
2016-05-18,9.1,8.95,9.2,8.85,179814.0,星期三,-0.0205,-0.0165
2016-05-17,8.98,9.29,9.63,8.88,246338.0,星期二,0.0011,0.0345
2016-05-16,8.86,8.97,8.97,8.79,79280.0,星期一,0.0034,0.0124
2016-05-13,8.9,8.83,9.05,8.8,95082.0,星期五,0.0,-0.0079
2016-05-12,8.94,8.9,8.95,8.76,105428.0,星期四,-0.0022,-0.0045
2016-05-11,8.98,8.96,9.1,8.88,99507.0,星期三,0.0045,-0.0022
2016-05-10,8.92,8.94,9.01,8.91,69681.0,星期二,0.0,0.0022
2016-05-09,9.24,8.92,9.24,8.9,169474.0,星期一,0.0,-0.0346
2016-05-06,9.52,9.24,9.57,9.22,203174.0,星期五,-0.0021,-0.0294
2016-05-05,9.37,9.54,9.55,9.37,119435.0,星期四,-0.0199,0.0181
2016-05-04,9.55,9.56,9.65,9.5,153079.0,星期三,-0.0021,0.001
2016-05-03,9.31,9.57,9.57,9.21,149951.0,星期二,-0.0032,0.0279
2016-04-29,9.35,9.34,9.43,9.31,84670.0,星期五,0.0021,-0.0011
2016-04-28,9.49,9.33,9.58,9.26,207560.0,星期四,-0.0021,-0.0169
2016-04-27,9.58,9.51,9.62,9.49,95173.0,星期三,-0.0021,-0.0073
2016-04-26,9.5,9.6,9.61,9.42,118792.0,星期二,0.0106,0.0105
2016-04-25,9.51,9.4,9.53,9.3,98990.0,星期一,-0.0021,-0.0116
2016-04-22,9.45,9.53,9.56,9.37,99674.0,星期五,-0.0021,0.0085
2016-04-21,9.58,9.47,9.65,9.45,144490.0,星期四,0.0031,-0.0115
2016-04-20,10.16,9.55,10.2,9.31,308729.0,星期三,0.002,-0.06
2016-04-19,10.21,10.14,10.28,10.06,141993.0,星期二,0.0049,-0.0069
2016-04-18,10.34,10.16,10.38,10.13,189422.0,星期一,-0.0105,-0.0174
2016-04-15,10.53,10.45,10.62,10.37,212205.0,星期五,0.0067,-0.0076
2016-04-14,10.41,10.46,10.47,10.31,192822.0,星期四,0.0039,0.0048
2016-04-13,10.34,10.37,10.54,10.34,359230.0,星期三,0.0029,0.0029
2016-04-12,10.45,10.31,10.55,10.23,221526.0,星期二,-0.001,-0.0134
2016-04-11,10.2,10.46,10.53,10.18,373182.0,星期一,0.0049,0.0255
2016-04-08,10.07,10.15,10.19,9.95,184699.0,星期五,-0.0069,0.0079
2016-04-07,10.32,10.14,10.47,10.13,281373.0,星期四,0.0019,-0.0174
2016-04-06,10.24,10.3,10.45,10.2,268083.0,星期三,-0.001,0.0059
2016-04-05,10.05,10.25,10.28,9.96,271339.0,星期二,0.0,0.0199
2016-04-01,10.1,10.05,10.19,9.85,191426.0,星期五,-0.0079,-0.005
2016-03-31,10.14,10.18,10.26,10.06,263691.0,星期四,0.0,0.0039
2016-03-30,9.86,10.14,10.18,9.86,212826.0,星期三,0.0072,0.0284
2016-03-29,9.93,9.79,10.0,9.71,149825.0,星期二,-0.002,-0.0141
2016-03-28,10.07,9.95,10.21,9.88,219637.0,星期一,0.007,-0.0119
2016-03-25,9.95,10.0,10.08,9.9,151963.0,星期五,-0.002,0.005
2016-03-24,10.23,9.97,10.24,9.96,239964.0,星期四,-0.0068,-0.0254
2016-03-23,10.19,10.3,10.3,10.1,234829.0,星期三,-0.002,0.0108
2016-03-22,10.15,10.21,10.47,10.05,353244.0,星期二,0.0,0.0059
2016-03-21,10.09,10.15,10.27,10.01,428924.0,星期一,0.01,0.0059
2016-03-18,9.52,9.99,10.08,9.52,403337.0,星期五,0.0011,0.0494
2016-03-17,9.22,9.51,9.55,9.22,223946.0,星期四,-0.0011,0.0315
2016-03-16,9.4,9.23,9.49,9.18,111738.0,星期三,0.0043,-0.0181
2016-03-15,9.4,9.36,9.47,9.3,145472.0,星期二,0.0,-0.0043
2016-03-14,9.21,9.4,9.52,9.16,225798.0,星期一,0.0154,0.0206
2016-03-11,9.05,9.07,9.14,8.98,152775.0,星期五,-0.0131,0.0022
2016-03-10,9.32,9.17,9.45,9.15,224763.0,星期四,-0.0231,-0.0161
2016-03-09,9.38,9.54,9.95,9.23,232578.0,星期三,-0.0188,0.0171
2016-03-08,9.63,9.56,9.68,9.01,201672.0,星期二,0.001,-0.0073
2016-03-07,9.56,9.62,9.76,9.53,175686.0,星期一,0.017,0.0063
2016-03-04,9.68,9.4,9.8,9.31,260973.0,星期五,-0.0122,-0.0289
2016-03-03,9.63,9.8,10.28,9.58,329261.0,星期四,0.001,0.0177
2016-03-02,9.15,9.62,9.67,9.11,246252.0,星期三,0.0033,0.0514
2016-03-01,9.0,9.12,9.19,8.85,178141.0,星期二,0.009,0.0133
2016-02-29,9.45,8.92,9.5,8.78,222696.0,星期一,-0.0032,-0.0561
2016-02-26,9.68,9.48,9.75,9.25,200232.0,星期五,0.0189,-0.0207
2016-02-25,10.45,9.5,10.52,9.5,373148.0,星期四,-0.0104,-0.0909
2016-02-24,10.48,10.56,10.66,10.28,336946.0,星期三,0.0096,0.0076
2016-02-23,10.46,10.38,10.48,10.12,239917.0,星期二,0.001,-0.0076
2016-02-22,10.32,10.45,10.49,10.21,340281.0,星期一,0.0198,0.0126
2016-02-19,10.17,10.12,10.24,10.04,180647.0,星期五,-0.001,-0.0049
2016-02-18,10.34,10.18,10.43,10.14,285945.0,星期四,0.0068,-0.0155
2016-02-17,10.23,10.27,10.29,10.02,220767.0,星期三,0.0,0.0039
2016-02-16,9.87,10.23,10.31,9.87,235613.0,星期二,0.002,0.0365
2016-02-15,9.48,9.85,9.92,9.36,161349.0,星期一,-0.0257,0.039
2016-02-05,9.85,9.73,9.94,9.72,135378.0,星期五,-0.003,-0.0122
2016-02-04,9.8,9.88,10.03,9.72,216484.0,星期四,0.0103,0.0082
2016-02-03,9.45,9.7,9.71,9.35,192632.0,星期三,-0.0136,0.0265
2016-02-02,9.23,9.58,9.65,9.2,206479.0,星期二,0.0044,0.0379
2016-02-01,9.38,9.19,9.45,9.1,150630.0,星期一,0.0064,-0.0203
2016-01-29,9.0,9.32,9.42,8.98,198350.0,星期五,0.0067,0.0356
2016-01-28,9.25,8.94,9.37,8.81,195194.0,星期四,-0.016,-0.0335
2016-01-27,9.63,9.4,9.76,8.9,352183.0,星期三,0.0031,-0.0239
2016-01-26,10.41,9.6,10.51,9.55,313277.0,星期二,-0.0151,-0.0778
2016-01-25,10.45,10.57,10.65,10.38,199771.0,星期一,0.0175,0.0115
2016-01-22,10.36,10.27,10.49,9.96,175734.0,星期五,0.0177,-0.0087
2016-01-21,10.28,10.18,10.76,10.18,255789.0,星期四,-0.0163,-0.0097
2016-01-20,10.58,10.45,10.8,10.42,236657.0,星期三,-0.0084,-0.0123
2016-01-19,10.25,10.67,10.69,10.2,261345.0,星期二,-0.001,0.041
2016-01-18,9.75,10.26,10.4,9.71,255908.0,星期一,-0.025,0.0523
2016-01-15,10.49,10.0,10.62,9.92,331095.0,星期五,-0.0104,-0.0467
2016-01-14,9.93,10.6,10.69,9.74,385058.0,星期四,-0.0359,0.0675
2016-01-13,10.67,10.3,10.85,10.3,299532.0,星期三,0.0076,-0.0347
2016-01-12,10.42,10.59,10.9,10.18,323241.0,星期二,0.0019,0.0163
2016-01-11,10.8,10.4,11.36,10.32,415157.0,星期一,-0.034,-0.037
2016-01-08,10.72,11.18,11.74,10.72,424038.0,星期五,-0.0394,0.0429
2016-01-07,12.1,11.16,12.1,11.16,82088.0,星期四,-0.0242,-0.0777
2016-01-06,12.25,12.4,12.49,12.03,325315.0,星期三,0.0008,0.0122
2016-01-05,11.85,12.24,12.77,11.74,446201.0,星期二,-0.0699,0.0329
2016-01-04,14.18,12.74,14.22,12.74,372449.0,星期一,0.0021,-0.1016
2015-12-31,14.64,14.15,14.73,14.14,323960.0,星期四,-0.0027,-0.0335
2015-12-30,14.78,14.68,14.85,14.4,281108.0,星期三,0.0158,-0.0068
2015-12-29,14.5,14.55,14.57,14.3,213340.0,星期二,0.0035,0.0034
2015-12-28,14.83,14.45,15.0,14.43,419762.0,星期一,0.0047,-0.0256
2015-12-25,14.75,14.76,14.88,14.5,279203.0,星期五,0.0041,0.0007
2015-12-24,14.71,14.69,14.93,14.48,303471.0,星期四,-0.0081,-0.0014
2015-12-23,15.07,14.83,15.29,14.78,441788.0,星期三,0.0053,-0.0159
2015-12-22,15.2,14.99,15.35,14.84,502575.0,星期二,-0.0046,-0.0138
2015-12-21,15.35,15.27,15.68,15.15,506695.0,星期一,0.0166,-0.0052
2015-12-18,15.3,15.1,15.57,15.01,623440.0,星期五,-0.0071,-0.0131
2015-12-17,15.03,15.41,15.8,14.82,1075701.0,星期四,0.0121,0.0253
2015-12-16,14.69,14.85,14.95,14.43,486136.0,星期三,0.0055,0.0109
2015-12-15,14.58,14.61,14.83,14.36,408642.0,星期二,0.0021,0.0021
2015-12-14,14.15,14.55,14.56,13.83,324338.0,星期一,-0.0167,0.0283
2015-12-11,14.71,14.39,14.98,14.29,470918.0,星期五,-0.0047,-0.0218
2015-12-10,14.25,14.78,15.1,14.23,867554.0,星期四,0.0,0.0372
2015-12-09,14.41,14.25,14.68,14.15,345713.0,星期三,0.0021,-0.0111
2015-12-08,14.17,14.38,14.84,13.62,605366.0,星期二,-0.0056,0.0148
2015-12-07,14.26,14.25,14.45,14.06,294115.0,星期一,-0.0014,-0.0007
2015-12-04,14.04,14.28,14.56,13.91,479054.0,星期五,-0.0028,0.0171
2015-12-03,13.78,14.08,14.08,13.78,240285.0,星期四,0.0051,0.0218
2015-12-02,14.2,13.71,14.2,13.3,325404.0,星期三,0.0,-0.0345
2015-12-01,13.97,14.2,14.38,13.71,517698.0,星期二,0.0425,0.0165
2015-11-30,13.5,13.4,13.67,12.5,378539.0,星期一,0.009,-0.0074
2015-11-27,14.44,13.38,14.83,13.19,589155.0,星期五,-0.0062,-0.0734
2015-11-26,15.01,14.53,15.06,14.5,562699.0,星期四,0.0013,-0.032
2015-11-25,14.6,14.99,15.1,14.57,931022.0,星期三,0.0181,0.0267
2015-11-24,14.4,14.34,14.45,13.96,341039.0,星期二,0.0007,-0.0042
2015-11-23,14.41,14.39,14.95,14.33,553538.0,星期一,0.0091,-0.0014
2015-11-20,14.16,14.28,14.6,14.1,410858.0,星期五,-0.0028,0.0085
2015-11-19,13.94,14.2,14.26,13.75,425940.0,星期四,-0.0007,0.0187
2015-11-18,14.42,13.95,14.61,13.88,422597.0,星期三,-0.0041,-0.0326
2015-11-17,14.75,14.48,15.2,14.42,787081.0,星期二,0.0096,-0.0183
2015-11-16,14.21,14.61,14.74,14.13,423620.0,星期一,-0.0287,0.0281
2015-11-13,15.01,14.63,15.14,14.48,705862.0,星期五,-0.0221,-0.0253
2015-11-12,15.71,15.35,15.98,15.01,1316860.0,星期四,0.0235,-0.0229
2015-11-11,14.45,15.35,15.35,14.41,1218135.0,星期三,-0.0143,0.0623
2015-11-10,14.72,14.66,15.05,14.38,884546.0,星期二,-0.0127,-0.0041
2015-11-09,13.81,14.91,15.42,13.81,1449217.0,星期一,-0.0164,0.0797
2015-11-06,13.93,14.04,14.33,13.92,636648.0,星期五,0.0014,0.0079
2015-11-05,14.18,13.91,14.3,13.75,794013.0,星期四,-0.0077,-0.019
2015-11-04,13.55,14.29,14.36,13.45,827303.0,星期三,0.0173,0.0546
2015-11-03,13.1,13.32,13.63,12.93,500310.0,星期二,0.0008,0.0168
2015-11-02,13.2,13.09,13.64,12.91,536993.0,星期一,-0.0358,-0.0083
2015-10-30,13.9,13.69,14.35,13.65,691072.0,星期五,-0.0064,-0.0151
2015-10-29,14.0,13.99,14.39,13.8,754152.0,星期四,0.0189,-0.0007
2015-10-28,14.5,13.74,14.77,13.67,1368548.0,星期三,-0.0454,-0.0524
2015-10-27,14.09,15.19,15.82,13.56,2078810.0,星期二,-0.0441,0.0781
2015-10-26,15.4,14.74,15.55,14.35,2898177.0,星期一,0.0606,-0.0429
2015-10-23,14.52,14.52,14.52,14.52,243024.0,星期五,0.1,0.0
2015-10-22,12.62,13.2,13.2,12.62,642513.0,星期四,0.0517,0.046
2015-10-21,11.82,12.0,12.97,11.58,1040384.0,星期三,0.0025,0.0152
2015-10-20,11.15,11.79,11.88,11.07,482317.0,星期二,-0.0018,0.0574
2015-10-19,11.46,11.17,11.54,10.96,380501.0,星期一,0.0079,-0.0253
2015-10-16,11.29,11.37,11.51,10.87,464387.0,星期五,0.0153,0.0071
2015-10-15,10.54,11.12,11.18,10.48,438550.0,星期四,-0.0047,0.055
2015-10-14,10.33,10.59,10.89,10.32,363176.0,星期三,-0.0162,0.0252
2015-10-13,10.44,10.5,10.57,10.35,265355.0,星期二,-0.0076,0.0057
2015-10-12,10.11,10.52,10.67,10.11,386853.0,星期一,0.004,0.0406
2015-10-09,10.0,10.07,10.16,9.86,213390.0,星期五,-0.005,0.007
2015-10-08,9.78,10.05,10.2,9.71,275122.0,星期四,0.0482,0.0276
2015-09-30,9.28,9.33,9.42,9.25,75646.0,星期三,0.0032,0.0054
2015-09-29,9.34,9.25,9.42,9.16,98762.0,星期二,-0.0179,-0.0096
2015-09-28,9.39,9.51,9.56,9.13,91204.0,星期一,0.0086,0.0128
2015-09-25,9.67,9.31,9.79,9.2,143639.0,星期五,-0.0112,-0.0372
2015-09-24,9.7,9.78,9.83,9.66,115411.0,星期四,0.0052,0.0082
2015-09-23,9.7,9.65,9.85,9.59,144077.0,星期三,-0.0172,-0.0052
2015-09-22,9.97,9.87,10.07,9.68,243136.0,星期二,0.0071,-0.01
2015-09-21,9.27,9.9,9.95,9.25,250170.0,星期一,-0.019,0.068
2015-09-18,9.55,9.45,9.67,9.23,208836.0,星期五,0.0247,-0.0105
2015-09-17,9.31,9.32,10.1,9.31,420792.0,星期四,0.0087,0.0011
2015-09-16,8.51,9.23,9.24,8.47,241262.0,星期三,0.0131,0.0846
2015-09-15,8.99,8.4,9.14,8.31,215309.0,星期二,-0.0207,-0.0656
2015-09-14,10.24,9.18,10.28,9.18,248812.0,星期一,0.0039,-0.1035
2015-09-11,10.22,10.2,10.35,10.01,160175.0,星期五,0.0039,-0.002
2015-09-10,10.33,10.18,10.6,10.14,229575.0,星期四,-0.0162,-0.0145
2015-09-09,10.25,10.5,10.71,10.23,386859.0,星期三,0.0138,0.0244
2015-09-08,9.77,10.11,10.16,9.37,232381.0,星期二,0.0,0.0348
2015-09-07,9.61,9.77,10.2,9.6,251312.0,星期一,-0.001,0.0166
2015-09-02,8.78,9.62,9.68,8.65,409923.0,星期三,-0.0404,0.0957
2015-09-01,10.15,9.15,10.15,9.15,356566.0,星期二,-0.002,-0.0985
2015-08-31,10.81,10.17,10.81,10.16,320094.0,星期一,-0.0073,-0.0592
2015-08-28,10.38,10.89,10.9,10.19,400051.0,星期五,0.0217,0.0491
2015-08-27,9.97,10.16,10.26,9.51,312375.0,星期四,0.0278,0.0191
2015-08-26,10.4,9.7,10.64,9.47,476447.0,星期三,0.0246,-0.0673
2015-08-25,10.15,10.15,10.61,10.15,639195.0,星期二,-0.1002,0.0
2015-08-24,12.0,11.28,12.2,11.28,476858.0,星期一,-0.0423,-0.06
2015-08-21,12.02,12.53,13.31,11.95,624668.0,星期五,-0.0196,0.0424
2015-08-20,12.7,12.26,12.7,12.21,273102.0,星期四,-0.0063,-0.0346
2015-08-19,11.99,12.78,12.8,11.6,417554.0,星期三,-0.0236,0.0659
2015-08-18,13.6,12.28,13.83,12.2,529869.0,星期二,0.0052,-0.0971
2015-08-17,13.46,13.53,13.68,13.15,345735.0,星期一,-0.0059,0.0052
2015-08-14,13.73,13.54,13.97,13.53,423128.0,星期五,0.0051,-0.0138
2015-08-13,13.46,13.66,13.68,13.15,347980.0,星期四,0.0037,0.0149
2015-08-12,13.7,13.41,13.92,13.4,416128.0,星期三,-0.0151,-0.0212
2015-08-11,14.2,13.91,14.3,13.86,635043.0,星期二,-0.0042,-0.0204
2015-08-10,13.91,14.26,14.36,13.8,727730.0,星期一,0.0065,0.0252
2015-08-07,13.5,13.82,13.94,13.42,528029.0,星期五,0.0105,0.0237
2015-08-06,13.05,13.36,13.69,12.91,292310.0,星期四,-0.0232,0.0238
2015-08-05,14.03,13.36,14.15,13.18,534884.0,星期三,0.0286,-0.0478
2015-08-04,12.95,13.64,13.73,12.83,546974.0,星期二,0.007,0.0533
2015-08-03,12.38,12.86,12.93,12.18,396980.0,星期一,-0.0064,0.0388
2015-07-31,12.24,12.46,12.63,12.24,365783.0,星期五,-0.02,0.018
2015-07-30,12.74,12.49,13.25,12.46,568038.0,星期四,-0.0047,-0.0196
2015-07-29,12.39,12.8,12.88,11.92,407968.0,星期三,0.0181,0.0331
2015-07-28,11.83,12.17,12.47,11.01,718859.0,星期二,-0.0223,0.0287
2015-07-27,12.1,12.1,13.34,12.1,703979.0,星期一,-0.0997,0.0
2015-07-24,13.98,13.44,14.3,13.28,802873.0,星期五,0.0094,-0.0386
2015-07-23,13.3,13.85,14.09,13.17,788398.0,星期四,0.0,0.0414
2015-07-22,13.35,13.3,13.55,13.0,531748.0,星期三,-0.0052,-0.0037
2015-07-21,13.0,13.42,13.59,12.89,584896.0,星期二,-0.0284,0.0323
2015-07-20,13.3,13.38,13.84,13.0,920134.0,星期一,0.0008,0.006
2015-07-17,12.36,13.29,13.46,12.36,770253.0,星期五,0.0073,0.0752
2015-07-16,11.6,12.27,12.6,10.9,714044.0,星期四,-0.0186,0.0578
2015-07-15,13.86,11.82,13.87,11.5,1204014.0,星期三,0.0991,-0.1472
2015-07-14,12.61,12.61,12.61,12.61,24481.0,星期二,0.1003,0.0
2015-07-13,11.46,11.46,11.46,11.46,23027.0,星期一,0.0998,0.0
2015-07-07,11.15,10.42,11.59,10.42,510647.0,星期二,-0.0371,-0.0655
2015-07-06,12.28,11.58,12.28,10.5,871408.0,星期一,0.1004,-0.057
2015-07-03,11.95,11.16,12.58,10.81,685430.0,星期五,-0.005,-0.0661
2015-07-02,12.68,12.01,13.13,11.51,744732.0,星期四,0.0144,-0.0528
2015-07-01,12.9,12.5,13.82,12.06,887896.0,星期三,-0.0062,-0.031
2015-06-30,11.63,12.98,13.0,10.94,867494.0,星期二,-0.0428,0.1161
2015-06-29,13.65,12.15,13.98,12.15,736120.0,星期一,0.0111,-0.1099
2015-06-26,14.3,13.5,14.46,13.5,521311.0,星期五,-0.0467,-0.0559
2015-06-25,16.1,15.0,16.14,14.75,558396.0,星期四,0.0012,-0.0683
2015-06-24,16.12,16.08,16.24,15.5,562993.0,星期三,0.032,-0.0025
2015-06-23,15.75,15.62,16.18,14.22,603778.0,星期二,0.0,-0.0083
2015-06-19,17.0,15.75,17.15,15.75,665782.0,星期五,-0.0286,-0.0735
2015-06-18,18.38,17.5,18.49,17.5,792365.0,星期四,-0.0081,-0.0479
2015-06-17,19.51,18.53,19.54,17.75,1524983.0,星期三,-0.0106,-0.0502
2015-06-16,18.32,19.72,20.04,17.92,1971122.0,星期二,-0.0043,0.0764
2015-06-15,17.79,18.4,18.84,17.41,1286043.0,星期一,0.0102,0.0343
2015-06-12,17.47,17.61,17.85,17.2,718865.0,星期五,0.0023,0.008
2015-06-11,17.6,17.43,17.68,17.1,665762.0,星期四,-0.0017,-0.0097
2015-06-10,17.5,17.63,17.95,17.2,609508.0,星期三,-0.0017,0.0074
2015-06-09,17.1,17.53,17.98,17.1,567161.0,星期二,-0.0339,0.0251
2015-06-08,18.68,17.7,18.77,17.2,1134219.0,星期一,0.0005,-0.0525
2015-06-05,18.98,18.67,19.35,18.28,975672.0,星期五,0.0106,-0.0163
2015-06-04,18.86,18.78,19.29,17.28,899054.0,星期四,0.0107,-0.0042
2015-06-03,19.2,18.66,19.39,18.28,1061760.0,星期三,0.0005,-0.0281
2015-06-02,17.72,19.19,19.29,17.5,1137579.0,星期二,0.0006,0.083
2015-06-01,17.05,17.71,17.79,17.05,812996.0,星期一,0.0179,0.0387
2015-05-29,16.71,16.75,17.17,15.49,820614.0,星期五,0.0,0.0024
2015-05-28,18.75,16.71,18.84,16.7,1509254.0,星期四,0.0102,-0.1088
2015-05-27,19.62,18.56,19.85,18.5,1494217.0,星期三,-0.5975,-0.054
2015-05-26,45.9,48.74,48.92,44.7,543160.0,星期二,0.0177,0.0619
2015-05-25,44.8,45.1,45.27,43.39,441765.0,星期一,-0.0206,0.0067
2015-05-22,46.0,45.74,47.79,44.13,420124.0,星期五,0.0272,-0.0057
2015-05-21,42.66,44.78,44.99,41.61,363743.0,星期四,0.0164,0.0497
2015-05-20,40.72,41.97,43.55,40.72,389041.0,星期三,0.0278,0.0307
2015-05-19,37.9,39.62,40.68,36.89,400742.0,星期二,0.0096,0.0454
2015-05-18,33.8,37.54,37.62,33.6,523592.0,星期一,-0.0117,0.1107
2015-05-15,34.9,34.2,34.9,33.48,258146.0,星期五,-0.0026,-0.0201
2015-05-14,35.55,34.99,35.99,34.71,253736.0,星期四,0.0008,-0.0158
2015-05-13,33.95,35.52,36.32,33.5,387345.0,星期三,-0.0073,0.0462
2015-05-12,33.85,34.2,34.82,33.59,277703.0,星期二,-0.0062,0.0103
2015-05-11,32.1,34.06,34.15,32.0,261483.0,星期一,-0.0047,0.0611
2015-05-08,31.53,32.25,32.29,30.7,199165.0,星期五,0.0184,0.0228
2015-05-07,33.25,30.96,33.58,30.95,201708.0,星期四,0.0042,-0.0689
2015-05-06,33.1,33.11,33.88,32.8,183406.0,星期三,0.0091,0.0003
2015-05-05,33.2,32.8,33.85,32.65,216105.0,星期二,-0.0009,-0.012
2015-05-04,33.57,33.23,33.85,32.41,146504.0,星期一,0.0024,-0.0101
2015-04-30,33.2,33.49,34.29,32.93,217052.0,星期四,0.0097,0.0087
2015-04-29,32.21,32.88,33.19,31.21,158197.0,星期三,0.0,0.0208
2015-04-28,34.42,32.21,34.42,31.95,290082.0,星期二,0.0,-0.0642
2015-04-27,34.57,34.42,36.36,34.21,319476.0,星期一,0.0035,-0.0043
2015-04-24,32.15,34.45,34.45,32.15,336470.0,星期五,-0.0261,0.0715
2015-04-23,33.46,33.01,33.7,32.6,240534.0,星期四,0.0018,-0.0134
2015-04-22,33.88,33.4,34.45,33.21,292817.0,星期三,0.0214,-0.0142
2015-04-21,31.45,33.17,33.64,31.45,325670.0,星期二,0.0067,0.0547
2015-04-20,33.11,31.24,33.49,31.06,421827.0,星期一,-0.0293,-0.0565
2015-04-17,35.9,34.11,36.47,33.78,434316.0,星期五,0.0036,-0.0499
2015-04-16,35.99,35.77,39.1,35.1,607749.0,星期四,-0.0772,-0.0061
2015-04-08,37.55,39.0,39.43,36.02,486084.0,星期三,0.0051,0.0386
2015-04-07,34.72,37.36,37.81,34.12,382031.0,星期二,0.0087,0.076
2015-04-03,32.22,34.42,34.65,32.22,422185.0,星期五,-0.0095,0.0683
2015-04-02,32.46,32.53,33.14,31.91,233763.0,星期四,0.0006,0.0022
2015-04-01,30.79,32.44,32.99,30.55,283879.0,星期三,0.0046,0.0536
2015-03-31,29.71,30.65,30.72,29.63,169507.0,星期二,-0.0037,0.0316
2015-03-30,30.04,29.82,30.68,29.68,144477.0,星期一,0.0017,-0.0073
2015-03-27,30.01,29.99,30.28,29.2,137023.0,星期五,0.0007,-0.0007
2015-03-26,30.79,29.99,31.47,29.51,221052.0,星期四,0.0029,-0.026
2015-03-25,29.18,30.7,31.18,29.0,290294.0,星期三,-0.0068,0.0521
2015-03-24,29.54,29.38,29.99,28.45,276847.0,星期二,-0.0087,-0.0054
2015-03-23,27.7,29.8,29.99,27.28,331878.0,星期一,0.0147,0.0758
2015-03-20,27.4,27.3,27.96,27.05,190455.0,星期五,-0.004,-0.0036
2015-03-19,28.5,27.51,29.48,27.26,374495.0,星期四,0.0603,-0.0347
2015-03-18,26.89,26.88,27.4,26.7,144651.0,星期三,-0.0007,-0.0004
2015-03-17,27.24,26.91,27.24,26.6,165597.0,星期二,-0.0033,-0.0121
2015-03-16,27.4,27.33,27.55,26.68,132249.0,星期一,0.0163,-0.0026
2015-03-13,26.56,26.96,27.16,26.1,98417.0,星期五,0.0038,0.0151
2015-03-12,25.4,26.46,26.8,25.24,177459.0,星期四,-0.0016,0.0417
2015-03-11,24.98,25.44,25.44,24.68,113843.0,星期三,-0.0142,0.0184
2015-03-10,25.0,25.34,25.8,24.85,239895.0,星期二,0.0482,0.0136
2015-03-09,23.74,23.85,24.2,23.58,71845.0,星期一,-0.0117,0.0046
2015-03-06,24.96,24.02,25.1,23.9,92194.0,星期五,-0.0016,-0.0377
2015-03-05,24.8,25.0,25.23,24.35,103279.0,星期四,0.004,0.0081
2015-03-04,23.8,24.7,25.29,23.8,169367.0,星期三,-0.0079,0.0378
2015-03-03,23.78,23.99,24.75,23.49,150903.0,星期二,-0.0013,0.0088
2015-03-02,23.75,23.81,23.9,23.07,115716.0,星期一,-0.01,0.0025
2015-02-27,24.23,23.99,24.46,23.71,82492.0,星期五,0.0021,-0.0099
2015-02-26,23.7,24.18,24.72,23.53,89464.0,星期四,-0.0029,0.0203
2015-02-25,24.0,23.77,24.48,23.65,61266.0,星期三,-0.0074,-0.0096
2015-02-17,23.8,24.18,24.35,23.38,91267.0,星期二,0.0042,0.016
2015-02-16,23.75,23.7,24.05,23.2,132045.0,星期一,0.0064,-0.0021
2015-02-13,21.91,23.6,23.6,21.9,237954.0,星期五,-0.0063,0.0771
2015-02-12,22.62,22.05,23.62,21.7,245372.0,星期四,0.0053,-0.0252
2015-02-11,22.4,22.5,22.96,22.3,89454.0,星期三,-0.0088,0.0045
2015-02-10,22.73,22.6,22.73,22.1,84563.0,星期二,0.004,-0.0057
2015-02-09,22.56,22.64,23.06,22.11,147069.0,星期一,-0.0004,0.0035
2015-02-06,22.45,22.57,23.09,22.14,145220.0,星期五,0.009,0.0053
2015-02-05,22.46,22.25,22.99,21.8,161371.0,星期四,0.0172,-0.0093
2015-02-04,22.05,22.08,23.0,21.9,250499.0,星期三,0.0105,0.0014
2015-02-03,20.5,21.82,22.19,20.44,250800.0,星期二,0.0064,0.0644
2015-02-02,20.01,20.37,20.68,19.95,118267.0,星期一,-0.0005,0.018
2015-01-30,20.39,20.02,20.39,19.57,80659.0,星期五,0.019,-0.0181
2015-01-29,20.11,20.01,20.6,19.99,88828.0,星期四,-0.0079,-0.005
2015-01-28,19.91,20.27,20.8,19.8,144873.0,星期三,0.0,0.0181
2015-01-27,19.81,19.91,20.18,19.68,67894.0,星期二,0.0005,0.005
2015-01-26,19.37,19.8,19.92,19.37,63958.0,星期一,-0.0041,0.0222
2015-01-23,19.2,19.45,19.68,19.04,97080.0,星期五,-0.0041,0.013
2015-01-22,19.3,19.28,19.36,19.09,58935.0,星期四,0.0026,-0.001
2015-01-21,19.14,19.25,19.38,19.12,93165.0,星期三,0.0016,0.0057
2015-01-20,18.76,19.11,19.15,18.61,93815.0,星期二,0.007,0.0187
2015-01-19,18.88,18.63,19.34,18.3,97306.0,星期一,0.0027,-0.0132
2015-01-16,18.75,18.83,18.93,18.51,42029.0,星期五,0.0011,0.0043
2015-01-15,18.66,18.73,19.1,18.66,43403.0,星期四,-0.0037,0.0038
2015-01-14,18.81,18.73,18.97,18.5,54342.0,星期三,-0.0048,-0.0043
2015-01-13,18.21,18.9,18.92,18.14,73313.0,星期二,0.0017,0.0379
2015-01-12,18.42,18.18,18.42,18.0,34475.0,星期一,-0.0005,-0.013
2015-01-09,18.55,18.43,18.67,18.35,42372.0,星期五,-0.0027,-0.0065
2015-01-08,18.45,18.6,18.76,18.25,82927.0,星期四,-0.0043,0.0081
2015-01-07,18.5,18.53,18.75,18.45,104824.0,星期三,0.0043,0.0016
2015-01-06,17.99,18.42,18.71,17.8,111991.0,星期二,-0.0061,0.0239
2015-01-05,17.38,18.1,18.17,17.16,105137.0,星期一,0.0,0.0414
2014-12-31,17.25,17.38,17.4,17.05,40139.0,星期三,0.0,0.0075
2014-12-30,17.28,17.25,17.43,17.01,43057.0,星期二,0.0,-0.0017
2014-12-29,17.8,17.28,17.8,17.26,51955.0,星期一,0.0006,-0.0292
2014-12-26,17.7,17.79,17.98,17.6,41063.0,星期五,0.0023,0.0051
2014-12-25,17.71,17.66,17.76,17.56,29910.0,星期四,0.0028,-0.0028
2014-12-24,17.35,17.66,17.72,17.3,42704.0,星期三,0.0041,0.0179
2014-12-23,17.21,17.28,17.59,17.12,43975.0,星期二,0.0006,0.0041
2014-12-22,17.73,17.2,17.89,16.99,80739.0,星期一,0.0017,-0.0299
2014-12-19,18.22,17.7,18.22,17.56,86620.0,星期五,0.0,-0.0285
2014-12-18,18.32,18.22,18.5,18.22,49280.0,星期四,-0.0038,-0.0055
2014-12-17,18.62,18.39,18.62,18.25,84548.0,星期三,-0.0075,-0.0124
2014-12-16,18.92,18.76,19.05,18.64,82935.0,星期二,0.0011,-0.0085
2014-12-15,17.98,18.9,19.0,17.88,181737.0,星期一,-0.0006,0.0512
2014-12-12,18.02,17.99,18.23,17.92,90976.0,星期五,0.0039,-0.0017
2014-12-11,17.81,17.95,18.18,17.74,108264.0,星期四,-0.0067,0.0079
2014-12-10,17.59,17.93,17.96,17.43,117893.0,星期三,-0.0034,0.0193
2014-12-09,18.14,17.65,18.14,17.55,121360.0,星期二,-0.0006,-0.027
2014-12-08,18.47,18.15,18.47,18.0,123399.0,星期一,-0.0027,-0.0173
2014-12-05,18.86,18.52,18.87,18.3,88372.0,星期五,0.0005,-0.018
2014-12-04,18.58,18.85,18.9,18.58,141594.0,星期四,0.0022,0.0145
2014-12-03,18.83,18.54,19.0,18.15,177286.0,星期三,0.0037,-0.0154
2014-12-02,19.0,18.76,19.22,18.69,172378.0,星期二,0.0281,-0.0126
2014-11-19,18.35,18.48,18.48,18.17,50901.0,星期三,0.0005,0.0071
2014-11-18,18.25,18.34,18.41,18.11,39380.0,星期二,-0.0098,0.0049
2014-11-17,18.8,18.43,18.8,17.96,81075.0,星期一,0.0005,-0.0197
2014-11-14,18.68,18.79,18.8,18.57,28910.0,星期五,0.0059,0.0059
2014-11-13,18.96,18.57,19.1,18.48,57750.0,星期四,-0.0021,-0.0206
2014-11-12,19.01,19.0,19.2,18.74,49494.0,星期三,-0.0011,-0.0005
2014-11-11,19.69,19.03,19.69,18.78,79059.0,星期二,0.0,-0.0335
2014-11-10,19.85,19.69,20.06,19.63,50333.0,星期一,-0.0025,-0.0081
2014-11-07,19.81,19.9,19.96,19.54,59919.0,星期五,-0.0025,0.0045
2014-11-06,20.18,19.86,20.23,19.7,44886.0,星期四,0.0005,-0.0159
2014-11-05,19.88,20.17,20.22,19.78,33804.0,星期三,-0.0035,0.0146
2014-11-04,20.41,19.95,20.54,19.81,52792.0,星期二,-0.0044,-0.0225
2014-11-03,20.43,20.5,20.65,20.32,43364.0,星期一,0.0,0.0034
2014-10-31,20.74,20.43,21.05,20.3,66165.0,星期五,-0.0005,-0.0149
2014-10-30,20.77,20.75,20.85,20.46,85416.0,星期四,-0.0034,-0.001
2014-10-29,20.84,20.84,21.0,20.49,76515.0,星期三,0.0014,0.0
2014-10-28,20.56,20.81,21.18,20.42,100919.0,星期二,0.0,0.0122
2014-10-27,20.05,20.56,20.6,19.9,84385.0,星期一,-0.0074,0.0254
2014-10-24,20.0,20.2,20.25,19.95,44175.0,星期五,-0.006,0.01
2014-10-23,19.9,20.12,20.24,19.74,46665.0,星期四,-0.0025,0.0111
2014-10-22,20.23,19.95,20.46,19.93,60195.0,星期三,0.0,-0.0138
2014-10-21,20.05,20.23,20.38,19.9,58855.0,星期二,0.0005,0.009
2014-10-20,19.7,20.04,20.1,19.69,31715.0,星期一,0.0031,0.0173
2014-10-17,19.92,19.64,20.2,19.35,77329.0,星期五,-0.004,-0.0141
2014-10-16,20.83,20.0,20.94,19.92,89277.0,星期四,0.0005,-0.0398
2014-10-15,20.5,20.82,20.85,20.16,110420.0,星期三,0.002,0.0156
2014-10-14,20.45,20.46,20.76,20.27,62764.0,星期二,0.0,0.0005
2014-10-13,20.4,20.45,20.63,20.23,74565.0,星期一,-0.0034,0.0025
2014-10-10,20.16,20.47,20.86,20.03,109785.0,星期五,-0.003,0.0154
2014-10-09,20.02,20.22,20.32,19.96,79612.0,星期四,-0.0065,0.01
2014-10-08,19.48,20.15,20.24,19.38,130572.0,星期三,0.0057,0.0344
2014-09-30,19.34,19.37,19.45,19.28,45472.0,星期二,0.0005,0.0016
2014-09-29,19.33,19.33,19.52,19.28,43520.0,星期一,0.0036,0.0
2014-09-26,19.51,19.26,19.58,19.0,76817.0,星期五,-0.001,-0.0128
2014-09-25,19.66,19.53,19.7,19.42,52055.0,星期四,0.0031,-0.0066
2014-09-24,19.51,19.6,19.62,19.42,60265.0,星期三,0.0036,0.0046
2014-09-23,19.34,19.44,19.55,19.26,32059.0,星期二,0.0031,0.0052
2014-09-22,19.5,19.28,19.63,19.15,46612.0,星期一,-0.0026,-0.0113
2014-09-19,19.65,19.55,19.68,19.3,47804.0,星期五,0.0,-0.0051
2014-09-18,19.42,19.65,19.66,19.42,37946.0,星期四,0.0,0.0118
2014-09-17,19.42,19.42,19.68,19.19,40120.0,星期三,-0.0046,0.0
2014-09-16,20.07,19.51,20.2,19.46,68323.0,星期二,0.0,-0.0279
2014-09-15,20.16,20.07,20.37,20.0,86617.0,星期一,0.0035,-0.0045
2014-09-12,19.56,20.09,20.15,19.56,106221.0,星期五,-0.0005,0.0271
2014-09-11,19.75,19.57,19.92,19.5,67809.0,星期四,0.0025,-0.0091
2014-09-10,19.65,19.7,19.96,19.55,87560.0,星期三,0.0005,0.0025
2014-09-09,19.55,19.64,19.78,19.36,77488.0,星期二,0.0046,0.0046
2014-09-05,20.08,19.46,20.08,19.42,118070.0,星期五,0.001,-0.0309
2014-09-04,20.41,20.06,20.41,19.9,67375.0,星期四,-0.002,-0.0171
2014-09-03,20.49,20.45,20.55,20.2,45877.0,星期三,0.0,-0.002
2014-09-02,19.96,20.49,20.5,19.9,75742.0,星期二,0.0005,0.0266
2014-09-01,19.88,19.95,19.99,19.71,50391.0,星期一,0.0,0.0035
2014-08-29,19.8,19.88,20.0,19.63,23576.0,星期五,0.0,0.004
2014-08-28,19.85,19.8,19.9,19.67,28527.0,星期四,0.0,-0.0025
2014-08-27,19.51,19.85,20.0,19.48,57316.0,星期三,-0.0046,0.0174
2014-08-26,19.41,19.6,19.74,19.36,45310.0,星期二,-0.0046,0.0098
2014-08-25,19.62,19.5,19.73,19.48,59037.0,星期一,-0.0066,-0.0061
2014-08-22,20.08,19.75,20.08,19.48,93679.0,星期五,0.0025,-0.0164
2014-08-21,20.16,20.03,20.3,19.63,65338.0,星期四,-0.004,-0.0064
2014-08-20,20.0,20.24,20.28,19.6,88308.0,星期三,-0.007,0.012
2014-08-19,20.6,20.14,20.69,20.0,118721.0,星期二,-0.0053,-0.0223
2014-08-18,20.8,20.71,21.06,20.28,101293.0,星期一,0.0019,-0.0043
2014-08-15,20.4,20.76,21.11,20.22,121819.0,星期五,0.0,0.0176
2014-08-14,20.78,20.4,21.21,20.22,169822.0,星期四,0.0014,-0.0183
2014-08-13,21.89,20.75,21.89,20.53,333526.0,星期三,0.1,-0.0521
2014-07-15,20.02,19.9,20.1,19.68,27908.0,星期二,0.005,-0.006
2014-07-14,19.67,19.92,20.3,19.37,42733.0,星期一,0.0087,0.0127
2014-07-11,19.65,19.5,19.97,19.46,52898.0,星期五,0.0026,-0.0076
2014-07-10,19.69,19.6,19.85,19.36,40073.0,星期四,0.0,-0.0046
2014-07-09,19.82,19.69,20.15,19.61,98960.0,星期三,-0.007,-0.0066
2014-07-08,19.8,19.96,19.99,19.41,67997.0,星期二,-0.009,0.0081
2014-07-07,18.55,19.98,20.37,18.45,136488.0,星期一,0.0016,0.0771
2014-07-04,18.3,18.52,18.52,18.06,38250.0,星期五,-0.0044,0.012
2014-07-03,18.31,18.38,18.57,18.2,47642.0,星期四,-0.0005,0.0038
2014-07-02,18.3,18.32,18.53,18.05,43172.0,星期三,-0.0049,0.0011
2014-07-01,18.59,18.39,18.7,18.3,26304.0,星期二,-0.0005,-0.0108
2014-06-30,18.17,18.6,18.85,18.07,61621.0,星期一,-0.0016,0.0237
2014-06-27,17.98,18.2,18.32,17.82,50579.0,星期五,0.0,0.0122
2014-06-26,17.79,17.98,17.98,17.75,36477.0,星期四,0.0,0.0107
2014-06-25,17.76,17.79,17.88,17.67,8527.0,星期三,-0.0022,0.0017
2014-06-24,17.58,17.8,17.91,17.56,19096.0,星期二,-0.0051,0.0125
2014-06-23,17.3,17.67,17.73,17.3,15420.0,星期一,-0.0063,0.0214
2014-06-20,17.23,17.41,17.6,17.22,12287.0,星期五,0.0017,0.0104
2014-06-19,17.56,17.2,17.8,17.1,26254.0,星期四,-0.0011,-0.0205
2014-06-18,17.91,17.58,18.15,17.5,34972.0,星期三,0.0,-0.0184
2014-06-17,17.98,17.91,18.18,17.8,18830.0,星期二,-0.0017,-0.0039
2014-06-16,18.25,18.01,18.25,17.91,25454.0,星期一,0.0083,-0.0132
2014-06-13,18.12,18.1,18.28,17.98,22182.0,星期五,0.0022,-0.0011
2014-06-12,18.35,18.08,18.43,17.93,33395.0,星期四,0.0066,-0.0147
2014-06-11,18.19,18.23,18.32,18.01,28505.0,星期三,0.0017,0.0022
2014-06-10,18.06,18.16,18.17,17.96,28251.0,星期二,0.0,0.0055
2014-06-09,18.07,18.06,18.23,17.91,31575.0,星期一,0.0006,-0.0006
2014-06-06,17.9,18.06,18.24,17.83,51787.0,星期五,0.0,0.0089
2014-06-05,17.6,17.9,18.05,17.5,50910.0,星期四,0.0057,0.017
2014-06-04,17.65,17.5,17.7,17.3,31765.0,星期三,-0.0017,-0.0085
2014-06-03,17.78,17.68,17.92,17.66,17061.0,星期二,0.0045,-0.0056
2014-05-30,17.72,17.7,17.98,17.61,22288.0,星期五,-0.0045,-0.0011
2014-05-29,17.74,17.8,18.09,17.71,54983.0,星期四,-0.0011,0.0034
2014-05-28,17.65,17.76,17.9,17.5,18092.0,星期三,-0.009,0.0062
2014-05-27,17.8,17.81,17.9,17.63,20969.0,星期二,0.0,0.0006
2014-05-26,17.34,17.8,17.81,17.26,52379.0,星期一,0.0046,0.0265
2014-05-23,16.92,17.26,17.34,16.83,31280.0,星期五,-0.0018,0.0201
2014-05-22,17.04,16.95,17.32,16.9,27476.0,星期四,0.0,-0.0053
2014-05-21,16.73,17.04,17.04,16.57,30446.0,星期三,0.0006,0.0185
2014-05-20,16.54,16.72,17.05,16.35,21379.0,星期二,0.0024,0.0109
2014-05-19,16.45,16.5,16.65,16.33,13422.0,星期一,-0.006,0.003
2014-05-16,16.57,16.55,16.59,16.31,25010.0,星期五,0.0098,-0.0012
2014-05-15,17.09,16.41,17.09,16.41,26952.0,星期四,0.0071,-0.0398
2014-05-14,16.57,16.97,17.06,16.44,43454.0,星期三,-0.0066,0.0241
2014-05-13,16.59,16.68,16.8,16.44,33629.0,星期二,0.0061,0.0054
2014-05-12,16.87,16.49,16.87,16.15,47360.0,星期一,0.0102,-0.0225
2014-05-09,16.76,16.7,16.76,16.31,26807.0,星期五,0.0072,-0.0036
2014-05-08,16.48,16.64,16.86,16.43,36176.0,星期四,-0.0024,0.0097
2014-05-07,16.87,16.52,17.0,16.5,26357.0,星期三,-0.0006,-0.0207
2014-05-06,16.66,16.88,17.06,16.66,27285.0,星期二,-0.0107,0.0132
2014-05-05,17.1,16.84,17.15,16.59,32512.0,星期一,0.0059,-0.0152
2014-04-30,16.93,17.0,17.22,16.65,25211.0,星期三,0.0083,0.0041
2014-04-29,16.32,16.79,16.98,16.32,36958.0,星期二,-0.0024,0.0288
2014-04-28,16.6,16.36,16.62,16.12,49280.0,星期一,0.0,-0.0145
2014-04-25,17.08,16.6,17.26,16.6,39403.0,星期五,0.0035,-0.0281
2014-04-24,17.54,17.02,17.54,17.02,31250.0,星期四,0.0011,-0.0296
2014-04-23,17.56,17.52,17.61,17.28,30189.0,星期三,0.0092,-0.0023
2014-04-22,17.54,17.4,17.85,17.1,39605.0,星期二,-0.0034,-0.008
2014-04-21,17.82,17.6,18.25,17.51,44736.0,星期一,-0.01,-0.0123
2014-04-18,17.4,18.0,18.16,17.33,51615.0,星期五,-0.0068,0.0345
2014-04-17,17.72,17.52,17.76,17.38,28154.0,星期四,0.008,-0.0113
2014-04-16,17.39,17.58,17.77,17.3,30633.0,星期三,-0.0017,0.0109
2014-04-15,17.95,17.42,17.95,17.36,40927.0,星期二,0.0101,-0.0295
2014-04-14,17.35,17.77,17.86,17.35,29394.0,星期一,-0.0108,0.0242
2014-04-11,17.81,17.54,17.83,17.35,53550.0,星期五,-0.0084,-0.0152
2014-04-10,18.13,17.96,18.33,17.85,46333.0,星期四,0.0,-0.0094
2014-04-09,17.87,18.13,18.14,17.73,36516.0,星期三,0.0062,0.0145
2014-04-08,17.85,17.76,18.06,17.61,41857.0,星期二,-0.005,-0.005
2014-04-04,17.56,17.94,17.97,17.3,62184.0,星期五,0.0069,0.0216
2014-04-03,17.18,17.44,17.51,17.0,38577.0,星期四,0.0,0.0151
2014-04-02,17.42,17.18,17.48,17.03,38474.0,星期三,0.0069,-0.0138
2014-04-01,17.02,17.3,17.39,17.01,43711.0,星期二,0.0053,0.0165
2014-03-31,17.33,16.93,17.55,16.88,47145.0,星期一,0.0081,-0.0231
2014-03-28,17.8,17.19,17.95,16.97,120185.0,星期五,-0.0122,-0.0343
2014-03-27,19.16,18.02,19.37,17.97,84994.0,星期四,0.009,-0.0595
2014-03-26,18.78,18.99,19.44,18.78,46326.0,星期三,-0.0053,0.0112
2014-03-25,19.0,18.88,19.05,18.6,99620.0,星期二,-0.0037,-0.0063
2014-03-24,19.2,19.07,19.93,19.03,71187.0,星期一,-0.0031,-0.0068
2014-03-21,19.67,19.26,19.68,18.78,109488.0,星期五,-0.0005,-0.0208
2014-03-20,19.0,19.68,20.25,19.0,135173.0,星期四,0.0,0.0358
2014-03-19,19.38,19.0,19.38,18.8,61223.0,星期三,0.0026,-0.0196
2014-03-18,19.55,19.33,19.59,19.05,103178.0,星期二,0.001,-0.0113
2014-03-17,19.06,19.53,19.6,19.04,80855.0,星期一,0.0005,0.0247
2014-03-14,18.5,19.05,19.16,18.42,73326.0,星期五,-0.0022,0.0297
2014-03-13,18.35,18.54,19.18,18.35,85432.0,星期四,-0.0081,0.0104
2014-03-12,19.55,18.5,19.89,18.5,137727.0,星期三,-0.0046,-0.0537
2014-03-11,18.88,19.64,19.78,18.51,190210.0,星期二,0.0016,0.0403
2014-03-10,19.31,18.85,19.88,18.8,294102.0,星期一,0.0332,-0.0238
2014-03-07,17.66,18.69,18.83,17.3,172247.0,星期五,0.0,0.0583
2014-03-06,17.56,17.66,17.94,17.38,77621.0,星期四,0.0006,0.0057
2014-03-05,17.89,17.55,17.93,17.34,96767.0,星期三,0.0,-0.019
2014-03-04,18.1,17.89,18.23,17.63,94374.0,星期二,0.0039,-0.0116
2014-03-03,17.91,18.03,18.6,17.6,148941.0,星期一,-0.0033,0.0067
2014-02-28,17.5,17.97,18.25,17.5,155820.0,星期五,-0.0006,0.0269
2014-02-27,17.58,17.51,18.96,17.31,307747.0,星期四,-0.0045,-0.004
2014-02-26,17.08,17.66,17.68,16.71,182174.0,星期三,0.0012,0.034
2014-02-25,16.95,17.06,17.6,16.79,240837.0,星期二,0.0059,0.0065
2014-02-24,16.1,16.85,16.9,16.03,98956.0,星期一,-0.0037,0.0466
2014-02-21,16.47,16.16,16.65,15.95,97862.0,星期五,-0.0006,-0.0188
2014-02-20,16.76,16.48,16.97,16.38,90691.0,星期四,0.0,-0.0167
2014-02-19,16.05,16.76,16.88,16.0,118430.0,星期三,0.0031,0.0442
2014-02-18,16.16,16.0,16.3,15.89,74588.0,星期二,-0.0025,-0.0099
2014-02-17,16.42,16.2,16.43,15.89,104947.0,星期一,0.0205,-0.0134
2014-02-14,16.01,16.09,16.26,15.67,60161.0,星期五,-0.0025,0.005
2014-02-13,16.46,16.05,16.46,15.93,64431.0,星期四,-0.0006,-0.0249
2014-02-12,16.18,16.47,16.58,16.0,50379.0,星期三,-0.0055,0.0179
2014-02-11,16.1,16.27,16.49,16.08,98270.0,星期二,-0.0031,0.0106
2014-02-10,15.14,16.15,16.27,15.05,98593.0,星期一,0.0026,0.0667
2014-02-07,14.71,15.1,15.25,14.71,37472.0,星期五,-0.0114,0.0265
2014-01-30,15.12,14.88,15.12,14.69,28022.0,星期四,0.0,-0.0159
2014-01-29,15.51,15.12,15.55,14.96,47425.0,星期三,0.0,-0.0251
2014-01-28,15.5,15.51,15.68,15.31,38140.0,星期二,-0.0013,0.0006
2014-01-27,15.55,15.52,15.9,15.4,49696.0,星期一,0.0006,-0.0019
2014-01-24,14.91,15.54,15.72,14.91,86295.0,星期五,-0.0093,0.0423
2014-01-23,15.25,15.05,15.7,15.0,93604.0,星期四,0.0374,-0.0131
2014-01-15,14.5,14.7,14.77,14.45,18938.0,星期三,0.0028,0.0138
2014-01-14,14.6,14.46,14.6,14.17,32445.0,星期二,0.0217,-0.0096
2014-01-13,14.36,14.29,14.79,14.09,25700.0,星期一,-0.0014,-0.0049
2014-01-10,14.65,14.38,14.78,13.99,36533.0,星期五,-0.0061,-0.0184
2014-01-09,15.22,14.74,15.26,14.7,29340.0,星期四,0.0,-0.0315
2014-01-08,15.23,15.22,15.39,15.03,18001.0,星期三,0.0,-0.0007
2014-01-07,15.44,15.23,15.49,14.88,17778.0,星期二,0.0092,-0.0136
2014-01-06,15.5,15.3,15.59,15.23,22454.0,星期一,-0.0026,-0.0129
2014-01-03,15.25,15.54,15.66,15.13,41578.0,星期五,0.0026,0.019
2014-01-02,15.44,15.21,15.44,15.12,15242.0,星期四,0.0178,-0.0149
2013-12-31,14.98,15.17,15.19,14.87,14036.0,星期二,-0.002,0.0127
2013-12-30,15.23,15.01,15.27,14.98,17351.0,星期一,0.0079,-0.0144
2013-12-27,14.88,15.11,15.22,14.87,11868.0,星期五,0.0007,0.0155
2013-12-26,15.09,14.87,15.21,14.86,18627.0,星期四,0.004,-0.0146
2013-12-25,14.65,15.03,15.08,14.65,15411.0,星期三,-0.0048,0.0259
2013-12-24,14.59,14.72,14.82,14.5,9752.0,星期二,0.0034,0.0089
2013-12-23,14.28,14.54,14.67,14.28,18907.0,星期一,-0.0159,0.0182
2013-12-20,14.8,14.51,14.95,14.39,25862.0,星期五,-0.0034,-0.0196
2013-12-19,15.24,14.85,15.42,14.84,26694.0,星期四,-0.0033,-0.0256
2013-12-18,15.19,15.29,15.5,15.07,28506.0,星期三,0.0013,0.0066
2013-12-17,15.0,15.17,15.2,14.78,18859.0,星期二,0.0,0.0113
2013-12-16,15.14,15.0,15.22,14.97,20318.0,星期一,0.0,-0.0092
2013-12-13,15.18,15.14,15.19,14.9,22466.0,星期五,-0.0007,-0.0026
2013-12-12,14.81,15.19,15.34,14.8,28397.0,星期四,-0.0047,0.0257
2013-12-11,14.65,14.88,14.98,14.54,28262.0,星期三,0.0,0.0157
2013-12-10,14.63,14.65,14.79,14.56,19986.0,星期二,0.0014,0.0014
2013-12-09,14.87,14.61,14.92,14.53,39416.0,星期一,-0.0007,-0.0175
2013-12-06,15.0,14.88,15.17,14.53,26324.0,星期五,-0.0013,-0.008
2013-12-05,14.89,15.02,15.25,14.8,35244.0,星期四,-0.0073,0.0087
2013-12-04,14.21,15.0,15.03,14.18,72070.0,星期三,0.0,0.0556
2013-12-03,14.21,14.21,14.38,13.79,63638.0,星期二,0.0007,0.0
2013-12-02,14.8,14.2,15.18,13.98,63229.0,星期一,-0.032,-0.0405
2013-11-29,15.46,15.29,15.49,15.26,33330.0,星期五,0.0006,-0.011
2013-11-28,15.4,15.45,15.52,15.33,44975.0,星期四,0.0,0.0032
2013-11-27,15.47,15.4,15.59,15.34,40910.0,星期三,-0.0032,-0.0045
2013-11-26,15.26,15.52,15.65,15.21,31298.0,星期二,-0.0078,0.017
2013-11-25,15.6,15.38,15.68,15.0,44629.0,星期一,0.0065,-0.0141
2013-11-22,15.4,15.5,15.87,15.25,80613.0,星期五,0.0419,0.0065
2013-11-21,15.05,14.78,15.06,14.51,38516.0,星期四,-0.0007,-0.0179
2013-11-20,15.22,15.06,15.22,14.93,39825.0,星期三,0.004,-0.0105
2013-11-19,15.14,15.16,15.27,15.1,30469.0,星期二,-0.0053,0.0013
2013-11-18,14.9,15.22,15.22,14.75,40870.0,星期一,0.0047,0.0215
2013-11-15,14.63,14.83,15.05,14.62,32631.0,星期五,-0.0101,0.0137
2013-11-14,14.67,14.78,14.92,14.48,18349.0,星期四,0.0,0.0075
2013-11-13,14.71,14.67,14.92,14.66,13185.0,星期三,-0.0114,-0.0027
2013-11-12,14.83,14.88,14.97,14.66,9450.0,星期二,-0.0047,0.0034
2013-11-11,14.8,14.9,14.9,14.23,33756.0,星期一,-0.002,0.0068
2013-11-08,15.31,14.83,15.31,14.6,28428.0,星期五,0.0007,-0.0314
2013-11-07,15.6,15.3,15.69,15.26,15843.0,星期四,-0.0102,-0.0192
2013-11-06,15.65,15.76,15.76,15.43,16395.0,星期三,-0.0076,0.007
2013-11-05,15.48,15.77,15.77,15.04,55590.0,星期二,0.0019,0.0187
2013-11-04,15.5,15.45,15.79,15.42,18009.0,星期一,-0.0064,-0.0032
2013-11-01,15.68,15.6,15.68,15.33,20833.0,星期五,0.0064,-0.0051
2013-10-31,15.29,15.58,15.7,15.21,24477.0,星期四,0.0007,0.019
2013-10-30,15.4,15.28,15.58,15.23,31093.0,星期三,-0.0065,-0.0078
2013-10-29,15.45,15.5,15.75,14.78,71396.0,星期二,-0.0215,0.0032
2013-10-28,15.89,15.79,16.21,15.4,37496.0,星期一,0.0057,-0.0063
2013-10-25,16.51,15.8,16.77,15.3,79080.0,星期五,-0.0024,-0.043
2013-10-24,17.1,16.55,17.38,16.48,48851.0,星期四,-0.0133,-0.0322
2013-10-23,16.65,17.33,17.5,16.21,104700.0,星期三,-0.0072,0.0408
2013-10-22,19.0,16.77,19.0,16.46,226710.0,星期二,0.0734,-0.1174
2013-08-08,17.13,17.7,17.93,16.95,64123.0,星期四,0.0,0.0333
2013-08-07,16.95,17.13,17.43,16.95,38245.0,星期三,-0.0088,0.0106
2013-08-06,17.16,17.1,17.5,17.01,45001.0,星期二,-0.0012,-0.0035
2013-08-05,16.69,17.18,17.35,16.56,57719.0,星期一,0.0054,0.0294
2013-08-02,16.45,16.6,16.72,16.45,30932.0,星期五,0.0018,0.0091
2013-08-01,16.15,16.42,16.45,16.06,30005.0,星期四,0.0031,0.0167
2013-07-31,15.92,16.1,16.32,15.88,24790.0,星期三,-0.0006,0.0113
2013-07-30,15.79,15.93,16.17,15.65,26119.0,星期二,-0.0006,0.0089
2013-07-29,16.38,15.8,16.58,15.75,31145.0,星期一,-0.0049,-0.0354
2013-07-26,16.25,16.46,16.73,16.21,66386.0,星期五,-0.0128,0.0129
2013-07-25,16.2,16.46,16.63,15.73,86812.0,星期四,0.0019,0.016
2013-07-24,16.19,16.17,16.51,16.15,60465.0,星期三,0.0,-0.0012
2013-07-23,15.69,16.19,16.2,15.58,72263.0,星期二,0.0,0.0319
2013-07-22,15.35,15.69,15.9,15.12,26694.0,星期一,0.0,0.0221
2013-07-19,15.8,15.35,16.2,15.3,60416.0,星期五,0.0,-0.0285
2013-07-18,15.6,15.8,15.86,15.35,45220.0,星期四,-0.0013,0.0128
2013-07-17,15.46,15.62,15.69,15.39,56839.0,星期三,-0.0096,0.0103
2013-07-16,15.4,15.61,15.92,15.22,94415.0,星期二,-0.0084,0.0136
2013-07-15,14.31,15.53,15.65,14.31,113993.0,星期一,0.0014,0.0853
2013-07-12,14.45,14.29,14.73,14.28,39011.0,星期五,0.0077,-0.0111
2013-07-11,13.92,14.34,14.46,13.92,52923.0,星期四,0.0036,0.0302
2013-07-10,13.8,13.87,14.05,13.65,28676.0,星期三,0.0073,0.0051
2013-07-09,13.45,13.7,13.84,13.45,17503.0,星期二,-0.0204,0.0186
2013-07-08,14.0,13.73,14.06,13.1,39009.0,星期一,-0.0085,-0.0193
2013-07-05,14.2,14.12,14.43,14.03,47215.0,星期五,0.0028,-0.0056
2013-07-04,13.92,14.16,14.32,13.91,41632.0,星期四,-0.0085,0.0172
2013-07-03,13.83,14.04,14.36,13.71,35701.0,星期三,-0.0065,0.0152
2013-07-02,14.14,13.92,14.24,13.77,69986.0,星期二,-0.0007,-0.0156
2013-07-01,14.08,14.15,14.46,13.83,27674.0,星期一,-0.0007,0.005
2013-06-28,13.79,14.09,14.18,13.51,29280.0,星期五,-0.0043,0.0218
2013-06-27,14.19,13.85,14.34,13.79,25051.0,星期四,0.0,-0.024
2013-06-26,13.65,14.19,14.2,13.6,41404.0,星期三,-0.0066,0.0396
2013-06-25,13.6,13.74,13.8,12.39,37071.0,星期二,0.0074,0.0103
2013-06-24,13.8,13.5,14.02,13.25,29406.0,星期一,-0.0136,-0.0217
2013-06-21,13.79,13.99,14.07,13.68,20556.0,星期五,-0.0122,0.0145
2013-06-20,14.3,13.96,14.45,13.89,26178.0,星期四,0.0,-0.0238
2013-06-19,14.38,14.3,14.49,14.03,29568.0,星期三,-0.0048,-0.0056
2013-06-18,14.25,14.45,14.56,14.25,51312.0,星期二,0.0114,0.014
2013-06-17,13.64,14.09,14.36,13.64,38361.0,星期一,0.0007,0.033
2013-06-14,13.36,13.63,13.84,13.36,19099.0,星期五,-0.0007,0.0202
2013-06-13,13.5,13.37,13.5,13.09,40687.0,星期四,-0.0281,-0.0096
2013-06-07,14.0,13.89,14.02,13.6,33448.0,星期五,0.0007,-0.0079
2013-06-06,13.92,13.99,14.17,13.87,24699.0,星期四,-0.0064,0.005
2013-06-05,13.96,14.01,14.06,13.66,34408.0,星期三,0.0065,0.0036
2013-06-04,14.46,13.87,14.5,13.48,81056.0,星期二,-0.0028,-0.0408
2013-06-03,14.83,14.5,14.94,14.48,52845.0,星期一,0.0,-0.0223
2013-05-31,14.56,14.83,15.05,14.51,78652.0,星期五,-0.0041,0.0185
2013-05-30,14.2,14.62,14.64,14.09,72674.0,星期四,-0.0021,0.0296
2013-05-29,14.2,14.23,14.36,14.15,36166.0,星期三,0.0,0.0021
2013-05-28,14.4,14.2,14.48,14.12,57140.0,星期二,0.0014,-0.0139
2013-05-27,14.26,14.38,14.41,14.18,31631.0,星期一,0.0,0.0084
2013-05-24,14.14,14.26,14.47,14.14,38438.0,星期五,0.0014,0.0085
2013-05-23,14.38,14.12,14.42,14.06,36592.0,星期四,0.0007,-0.0181
2013-05-22,14.05,14.37,14.58,14.0,78520.0,星期三,-0.0028,0.0228
2013-05-21,13.83,14.09,14.11,13.75,43070.0,星期二,-0.0014,0.0188
2013-05-20,14.0,13.85,14.04,13.68,77847.0,星期一,0.0007,-0.0107
2013-05-17,14.0,13.99,14.09,13.74,64261.0,星期五,0.0,-0.0007
2013-05-16,14.47,14.0,14.47,13.95,83077.0,星期四,0.0112,-0.0325
2013-05-15,14.26,14.31,14.48,14.11,23394.0,星期三,0.0,0.0035
2013-05-14,14.28,14.26,14.38,13.98,25084.0,星期二,0.0,-0.0014
2013-05-13,13.81,14.28,14.33,13.79,43481.0,星期一,0.0029,0.034
2013-05-10,13.67,13.77,13.81,13.66,26140.0,星期五,0.0007,0.0073
2013-05-09,13.9,13.66,14.06,13.63,34439.0,星期四,-0.0014,-0.0173
2013-05-08,13.9,13.92,14.02,13.67,22127.0,星期三,0.0,0.0014
2013-05-07,13.85,13.9,14.06,13.65,39026.0,星期二,-0.0036,0.0036
2013-05-06,13.7,13.9,13.94,13.46,49236.0,星期一,-0.0072,0.0146
2013-05-03,13.21,13.8,13.85,13.13,72652.0,星期五,0.003,0.0447
2013-05-02,14.5,13.17,14.5,13.15,119012.0,星期四,-0.0075,-0.0917
2013-04-26,14.39,14.61,14.85,14.38,20652.0,星期五,-0.0157,0.0153
2013-04-25,14.3,14.62,14.83,14.2,57172.0,星期四,-0.0014,0.0224
2013-04-24,14.6,14.32,14.6,13.87,77019.0,星期三,-0.0014,-0.0192
2013-04-23,15.73,14.62,15.73,14.55,71481.0,星期二,-0.0006,-0.0706
2013-04-22,15.66,15.74,16.0,15.65,40038.0,星期一,0.0064,0.0051
2013-04-19,15.2,15.56,15.66,15.16,29875.0,星期五,0.0,0.0237
2013-04-18,15.28,15.2,15.38,15.1,22082.0,星期四,-0.0059,-0.0052
2013-04-17,15.18,15.37,15.39,15.08,23682.0,星期三,-0.0007,0.0125
2013-04-16,15.0,15.19,15.45,14.9,26389.0,星期二,-0.0164,0.0127
2013-04-15,15.62,15.25,15.65,15.11,39040.0,星期一,0.0,-0.0237
2013-04-12,16.2,15.62,16.2,15.62,49041.0,星期五,0.0056,-0.0358
2013-04-11,16.49,16.11,16.65,16.08,69262.0,星期四,0.0,-0.023
2013-04-10,16.0,16.49,16.56,15.75,114972.0,星期三,-0.0093,0.0306
2013-04-09,16.43,16.15,16.68,16.08,111480.0,星期二,-0.0012,-0.017
2013-04-08,15.79,16.45,16.61,15.5,113667.0,星期一,-0.0125,0.0418
2013-04-03,15.33,15.99,16.0,15.1,101531.0,星期三,0.002,0.0431
2013-04-02,15.78,15.3,15.97,15.17,39684.0,星期二,0.0051,-0.0304
2013-04-01,15.99,15.7,15.99,15.55,25080.0,星期一,0.0127,-0.0181
2013-03-29,15.65,15.79,16.4,15.5,46088.0,星期五,-0.0019,0.0089
2013-03-28,15.95,15.68,15.95,15.45,44335.0,星期四,-0.0062,-0.0169
2013-03-27,15.89,16.05,16.24,15.77,59615.0,星期三,-0.0013,0.0101
2013-03-26,16.03,15.91,16.03,15.5,64988.0,星期二,0.0088,-0.0075
2013-03-25,16.09,15.89,16.09,15.64,49595.0,星期一,0.0145,-0.0124
2013-03-22,15.85,15.86,16.15,15.66,61826.0,星期五,0.0019,0.0006
2013-03-21,15.36,15.82,15.83,15.35,77803.0,星期四,-0.009,0.0299
2013-03-20,15.27,15.5,15.61,15.14,63584.0,星期三,0.0007,0.0151
2013-03-19,15.25,15.26,15.53,15.08,29540.0,星期二,-0.0026,0.0007
2013-03-18,15.71,15.29,15.98,15.12,67045.0,星期一,0.0135,-0.0267
2013-03-15,14.82,15.5,15.99,14.61,61629.0,星期五,-0.0047,0.0459
2013-03-14,14.55,14.89,14.9,14.31,43851.0,星期四,0.0,0.0234
2013-03-13,14.72,14.55,14.75,14.29,52532.0,星期三,-0.0047,-0.0115
2013-03-12,15.56,14.79,15.84,14.68,55220.0,星期二,-0.0026,-0.0495
2013-03-11,15.6,15.6,15.84,15.53,41728.0,星期一,-0.0045,0.0
2013-03-08,16.56,15.67,16.56,15.63,109450.0,星期五,-0.0012,-0.0537
2013-03-07,16.8,16.58,17.2,16.26,100348.0,星期四,0.0066,-0.0131
2013-03-06,16.01,16.69,16.69,16.0,103208.0,星期三,0.0044,0.0425
2013-03-05,15.67,15.94,16.06,15.65,57735.0,星期二,0.0,0.0172
2013-03-04,15.91,15.67,16.14,15.51,47524.0,星期一,-0.0112,-0.0151
2013-03-01,16.06,16.09,16.23,15.69,98157.0,星期五,-0.0025,0.0019
2013-02-28,16.59,16.1,16.61,15.18,104668.0,星期四,0.0006,-0.0295
2013-02-27,16.92,16.58,17.0,16.48,35736.0,星期三,-0.0018,-0.0201
2013-02-26,16.87,16.95,17.48,16.68,43856.0,星期二,-0.0053,0.0047
2013-02-25,16.6,16.96,17.06,16.55,32391.0,星期一,-0.0113,0.0217
2013-02-22,17.22,16.79,17.5,16.78,49612.0,星期五,-0.0006,-0.025
2013-02-21,17.68,17.23,17.98,17.11,74544.0,星期四,0.0,-0.0255
2013-02-20,16.81,17.68,17.68,16.8,101262.0,星期三,0.0006,0.0518
2013-02-19,16.7,16.8,16.98,16.62,56418.0,星期二,-0.003,0.006
2013-02-18,16.8,16.75,16.97,16.57,43614.0,星期一,0.0072,-0.003
2013-02-08,16.26,16.68,16.73,16.19,44354.0,星期五,0.0043,0.0258
2013-02-07,15.93,16.19,16.23,15.93,39488.0,星期四,0.0019,0.0163
2013-02-06,15.75,15.9,16.22,15.75,31069.0,星期三,0.0019,0.0095
2013-02-05,15.67,15.72,15.93,15.6,19221.0,星期二,-0.012,0.0032
2013-02-04,16.3,15.86,16.3,15.7,29251.0,星期一,0.0131,-0.027
2013-02-01,16.01,16.09,16.1,15.68,30546.0,星期五,0.0006,0.005
2013-01-31,16.46,16.0,16.46,15.88,42580.0,星期四,0.0,-0.0279
2013-01-30,16.31,16.46,16.8,16.23,40004.0,星期三,0.0,0.0092
2013-01-29,16.09,16.31,16.54,16.09,30230.0,星期二,-0.0105,0.0137
2013-01-28,15.7,16.26,16.31,15.7,33808.0,星期一,-0.0101,0.0357
2013-01-25,15.7,15.86,16.07,15.46,23535.0,星期五,-0.0013,0.0102
2013-01-24,16.01,15.72,16.29,15.23,33294.0,星期四,-0.0081,-0.0181
2013-01-23,16.18,16.14,16.28,15.9,20181.0,星期三,0.0138,-0.0025
2013-01-22,16.29,15.96,16.29,15.84,40143.0,星期二,0.0018,-0.0203
2013-01-21,16.66,16.26,16.66,16.01,32086.0,星期一,0.0,-0.024
2013-01-18,16.46,16.66,16.75,16.0,37388.0,星期五,0.0,0.0122
2013-01-17,16.81,16.46,16.94,16.44,33498.0,星期四,-0.0083,-0.0208
2013-01-16,16.79,16.95,17.21,16.61,72621.0,星期三,-0.0006,0.0095
2013-01-15,16.58,16.8,17.0,16.46,70093.0,星期二,0.0,0.0133
2013-01-14,16.21,16.58,16.65,16.16,53789.0,星期一,0.0031,0.0228
2013-01-11,16.23,16.16,16.67,16.12,44069.0,星期五,0.0043,-0.0043
2013-01-10,15.83,16.16,16.31,15.82,35214.0,星期四,-0.0075,0.0208
2013-01-09,16.1,15.95,16.13,15.71,36622.0,星期三,0.0,-0.0093
2013-01-08,15.78,16.1,16.23,15.55,41246.0,星期二,-0.0013,0.0203
2013-01-07,15.59,15.8,15.9,15.48,31477.0,星期一,-0.0006,0.0135
2013-01-04,16.1,15.6,16.29,15.46,27566.0,星期五,0.0025,-0.0311
2012-12-31,15.93,16.06,16.13,15.73,38984.0,星期一,0.0127,0.0082
2012-12-28,15.52,15.73,15.78,15.33,24019.0,星期五,0.0013,0.0135
2012-12-27,15.78,15.5,15.78,15.2,35827.0,星期四,0.0115,-0.0177
2012-12-26,15.7,15.6,15.78,15.38,32705.0,星期三,0.0136,-0.0064
2012-12-25,15.35,15.49,15.85,15.21,64448.0,星期二,-0.0032,0.0091
2012-12-24,14.5,15.4,15.4,14.4,51183.0,星期一,0.0035,0.0621
2012-12-21,14.1,14.45,14.69,14.05,30475.0,星期五,0.0,0.0248
2012-12-20,14.06,14.1,14.22,13.86,18063.0,星期四,-0.0007,0.0028
2012-12-19,14.23,14.07,14.3,13.99,15016.0,星期三,0.0,-0.0112
2012-12-18,14.34,14.23,14.55,14.22,21616.0,星期二,-0.0124,-0.0077
2012-12-17,14.26,14.52,14.56,14.1,34657.0,星期一,-0.0028,0.0182
2012-12-14,13.59,14.3,14.49,13.45,48428.0,星期五,-0.0059,0.0522
2012-12-13,14.1,13.67,14.1,13.64,19256.0,星期四,-0.0007,-0.0305
2012-12-12,14.13,14.11,14.15,13.91,13819.0,星期三,0.0021,-0.0014
2012-12-11,14.15,14.1,14.23,13.87,17764.0,星期二,-0.0049,-0.0035
2012-12-10,14.08,14.22,14.3,13.89,19929.0,星期一,0.0007,0.0099
2012-12-07,13.94,14.07,14.15,13.74,13109.0,星期五,-0.0007,0.0093
2012-12-06,13.97,13.95,14.03,13.68,11401.0,星期四,0.0043,-0.0014
2012-12-05,13.0,13.91,14.15,13.0,28730.0,星期三,0.0,0.07
2012-12-04,12.9,13.0,13.07,12.61,10736.0,星期二,-0.0015,0.0078
2012-12-03,12.55,12.92,12.99,12.55,17447.0,星期一,-0.0195,0.0295
2012-11-30,12.83,12.8,12.88,12.52,19220.0,星期五,0.0,-0.0023
2012-11-29,13.33,12.83,13.57,12.81,9162.0,星期四,-0.0111,-0.0375
2012-11-28,13.41,13.48,13.61,13.35,6488.0,星期三,-0.0247,0.0052
2012-11-27,13.88,13.75,13.88,13.25,13752.0,星期二,0.0,-0.0094
2012-11-26,14.03,13.88,14.1,13.85,11082.0,星期一,0.0,-0.0107
2012-11-23,13.71,14.03,14.08,13.6,15360.0,星期五,0.0037,0.0233
2012-11-22,13.79,13.66,13.84,13.5,17348.0,星期四,-0.0022,-0.0094
2012-11-21,13.83,13.82,13.83,13.0,40336.0,星期三,0.0044,-0.0007
2012-11-20,13.84,13.77,13.94,13.68,7439.0,星期二,0.0065,-0.0051
2012-11-19,13.6,13.75,13.87,13.56,10862.0,星期一,-0.0066,0.011
2012-11-16,14.09,13.69,14.22,13.6,15785.0,星期五,0.0,-0.0284
2012-11-15,13.91,14.09,14.3,13.74,21755.0,星期四,0.0,0.0129
2012-11-14,13.91,13.91,13.98,13.7,10123.0,星期三,0.0014,0.0
2012-11-13,14.06,13.89,14.2,13.75,17256.0,星期二,-0.0021,-0.0121
2012-11-12,14.0,14.09,14.31,13.92,11046.0,星期一,0.0036,0.0064
2012-11-09,14.09,13.95,14.23,13.8,22990.0,星期五,0.0,-0.0099
2012-11-08,14.76,14.09,14.77,14.05,29886.0,星期四,-0.0061,-0.0454
2012-11-07,15.05,14.85,15.21,14.85,21274.0,星期三,-0.0112,-0.0133
2012-11-06,15.65,15.22,15.65,14.89,25707.0,星期二,-0.0019,-0.0275
2012-11-05,15.73,15.68,15.85,15.5,10245.0,星期一,-0.0076,-0.0032
2012-11-02,15.85,15.85,15.9,15.51,15828.0,星期五,-0.0019,0.0
2012-11-01,15.49,15.88,15.99,15.35,21487.0,星期四,0.0019,0.0252
2012-10-31,15.42,15.46,15.47,15.07,16503.0,星期三,0.0,0.0026
2012-10-30,15.5,15.42,15.59,15.28,10592.0,星期二,0.0006,-0.0052
2012-10-29,15.47,15.49,15.66,14.78,23682.0,星期一,0.0052,0.0013
2012-10-26,15.94,15.39,15.95,15.2,19487.0,星期五,-0.0006,-0.0345
2012-10-25,15.9,15.95,15.99,15.72,16122.0,星期四,0.0,0.0031
2012-10-24,15.84,15.9,16.08,15.73,17365.0,星期三,-0.0044,0.0038
2012-10-23,16.37,15.91,16.4,15.9,23042.0,星期二,-0.0018,-0.0281
2012-10-22,16.41,16.4,16.5,16.0,20666.0,星期一,-0.0079,-0.0006
2012-10-19,16.61,16.54,16.74,16.45,17674.0,星期五,-0.0036,-0.0042
2012-10-18,16.57,16.67,16.84,16.51,26651.0,星期四,-0.0018,0.006
2012-10-17,16.93,16.6,16.95,16.39,25910.0,星期三,0.0083,-0.0195
2012-10-16,16.6,16.79,17.05,16.31,69441.0,星期二,0.0006,0.0114
2012-10-15,16.25,16.59,16.99,16.1,52826.0,星期一,0.0049,0.0209
2012-10-12,16.23,16.17,16.48,16.1,29345.0,星期五,-0.0025,-0.0037
2012-10-11,16.03,16.27,16.45,16.03,47807.0,星期四,-0.0261,0.015
2012-10-10,15.97,16.46,16.52,15.79,76738.0,星期三,0.0,0.0307
2012-10-09,15.6,15.97,16.09,15.5,33711.0,星期二,0.0013,0.0237
2012-10-08,15.46,15.58,15.68,15.3,19099.0,星期一,0.0006,0.0078
2012-09-28,14.91,15.45,15.46,14.91,25654.0,星期五,-0.0139,0.0362
2012-09-27,14.89,15.12,15.27,14.75,20353.0,星期四,-0.0007,0.0154
2012-09-26,15.25,14.9,15.29,14.75,12258.0,星期三,0.0033,-0.023
2012-09-25,15.0,15.2,15.55,14.95,21655.0,星期二,0.0007,0.0133
2012-09-24,14.98,14.99,15.02,14.71,12103.0,星期一,-0.0013,0.0007
2012-09-21,15.26,15.0,15.39,14.94,22448.0,星期五,-0.0013,-0.017
2012-09-20,15.61,15.28,15.8,15.05,25928.0,星期四,-0.0032,-0.0211
2012-09-19,15.6,15.66,15.95,15.46,29033.0,星期三,-0.0238,0.0038
2012-09-18,16.1,15.98,16.29,15.78,25781.0,星期二,-0.0177,-0.0075
2012-09-17,16.88,16.39,16.88,16.0,25649.0,星期一,-0.0012,-0.029
2012-09-14,16.95,16.9,17.16,16.8,29120.0,星期五,0.0,-0.0029
2012-09-13,17.3,16.95,17.38,16.9,33312.0,星期四,0.0017,-0.0202
2012-09-12,17.36,17.27,17.48,17.14,28853.0,星期三,0.0023,-0.0052
2012-09-11,16.81,17.32,17.33,16.74,52563.0,星期二,-0.0053,0.0303
2012-09-10,17.0,16.9,17.0,16.67,29859.0,星期一,0.0,-0.0059
2012-09-07,16.56,17.0,17.19,16.52,47782.0,星期五,0.0024,0.0266
2012-09-06,16.15,16.52,16.69,16.11,26870.0,星期四,-0.0012,0.0229
2012-09-05,16.26,16.17,16.26,16.0,13157.0,星期三,-0.0012,-0.0055
2012-09-04,16.53,16.28,16.69,16.08,14155.0,星期二,-0.33,-0.0151
2012-09-03,24.19,24.67,24.89,23.88,13012.0,星期一,-0.0008,0.0198
2012-08-31,24.0,24.21,24.34,23.81,8940.0,星期五,-0.0062,0.0088
2012-08-30,24.68,24.15,24.94,23.41,16665.0,星期四,-0.0032,-0.0215
2012-08-29,24.81,24.76,25.07,24.62,13402.0,星期三,-0.0008,-0.002
2012-08-28,24.3,24.83,24.97,24.05,21418.0,星期二,0.0,0.0218
2012-08-27,24.65,24.3,24.65,23.96,17464.0,星期一,-0.0016,-0.0142
2012-08-24,25.22,24.69,25.22,24.25,33316.0,星期五,-0.0071,-0.021
2012-08-23,25.77,25.4,26.18,25.1,31789.0,星期四,-0.0043,-0.0144
2012-08-22,25.99,25.88,26.09,25.61,28035.0,星期三,0.0015,-0.0042
2012-08-21,25.14,25.95,26.15,24.82,35497.0,星期二,0.0072,0.0322
2012-08-20,25.23,24.96,25.23,24.6,13355.0,星期一,-0.0004,-0.0107
2012-08-17,25.08,25.24,25.3,24.95,13096.0,星期五,-0.0048,0.0064
2012-08-16,25.15,25.2,25.33,25.01,12217.0,星期四,-0.0047,0.002
2012-08-15,25.2,25.27,25.54,25.0,20984.0,星期三,0.0044,0.0028
2012-08-14,25.38,25.09,25.48,24.35,29584.0,星期二,0.0036,-0.0114
2012-08-13,25.97,25.29,26.39,25.14,33220.0,星期一,0.0008,-0.0262
2012-08-10,26.1,25.95,26.9,25.91,49202.0,星期五,0.0,-0.0057
2012-08-09,25.21,26.1,26.25,25.19,31123.0,星期四,-0.0114,0.0353
2012-08-08,25.64,25.5,25.64,24.62,37711.0,星期三,-0.0019,-0.0055
2012-08-07,26.9,25.69,27.22,25.57,68962.0,星期二,0.0228,-0.045
2012-08-06,25.97,26.3,26.4,25.65,36525.0,星期一,0.0046,0.0127
2012-08-03,25.3,25.85,25.95,25.0,43647.0,星期五,0.006,0.0217
2012-08-02,25.36,25.15,25.38,24.85,23395.0,星期四,-0.0012,-0.0083
2012-08-01,25.3,25.39,25.68,25.03,29745.0,星期三,0.0,0.0036
2012-07-31,24.12,25.3,25.3,23.72,37630.0,星期二,0.0,0.0489
2012-07-30,23.85,24.12,24.57,23.51,13434.0,星期一,-0.0062,0.0113
2012-07-27,24.2,24.0,24.29,23.05,28171.0,星期五,-0.0066,-0.0083
2012-07-26,24.28,24.36,24.59,24.2,11976.0,星期四,-0.0078,0.0033
2012-07-25,24.6,24.47,24.8,24.3,12376.0,星期三,-0.0065,-0.0053
2012-07-24,24.3,24.76,24.98,24.03,22196.0,星期二,-0.0053,0.0189
2012-07-23,24.58,24.43,24.58,23.65,11820.0,星期一,0.0033,-0.0061
2012-07-20,24.6,24.5,24.94,24.4,20502.0,星期五,-0.0077,-0.0041
2012-07-19,24.9,24.79,25.13,24.55,24999.0,星期四,-0.002,-0.0044
2012-07-18,24.98,24.95,25.41,24.05,26140.0,星期三,0.002,-0.0012
2012-07-17,25.68,24.93,25.7,24.31,33554.0,星期二,0.0016,-0.0292
2012-07-16,25.72,25.64,26.18,25.28,35026.0,星期一,0.0027,-0.0031
2012-07-13,26.45,25.65,26.54,25.21,67667.0,星期五,0.0088,-0.0302
2012-07-12,24.8,26.22,26.79,24.45,72066.0,星期四,0.0016,0.0573
2012-07-11,23.11,24.76,25.17,23.02,47154.0,星期三,0.0004,0.0714
2012-07-10,22.69,23.1,23.29,22.26,35808.0,星期二,-0.0009,0.0181
2012-07-09,22.44,22.71,22.92,22.21,43220.0,星期一,-0.0022,0.012
2012-07-06,22.04,22.49,22.6,21.5,14834.0,星期五,0.0,0.0204
2012-07-05,22.07,22.04,22.25,21.21,17453.0,星期四,-0.0059,-0.0014
2012-07-04,22.67,22.2,22.74,21.81,18867.0,星期三,0.0058,-0.0207
2012-07-03,22.51,22.54,22.95,22.12,42343.0,星期二,-0.0027,0.0013
2012-07-02,22.9,22.57,22.9,22.41,31836.0,星期一,0.0178,-0.0144
2012-06-29,21.59,22.5,22.63,21.56,33981.0,星期五,0.0,0.0421
2012-06-28,21.5,21.59,22.1,21.43,16470.0,星期四,0.0005,0.0042
2012-06-27,21.18,21.49,21.75,21.02,6333.0,星期三,0.0,0.0146
2012-06-26,21.48,21.18,21.5,21.05,6287.0,星期二,-0.0051,-0.014
2012-06-25,21.71,21.59,21.92,20.81,10601.0,星期一,0.0,-0.0055
2012-06-21,22.02,21.71,22.33,21.7,10936.0,星期四,0.0023,-0.0141
2012-06-20,22.36,21.97,22.47,21.7,9669.0,星期三,0.0,-0.0174
2012-06-19,22.37,22.36,22.69,22.01,21495.0,星期二,0.0009,-0.0004
2012-06-18,22.01,22.35,22.58,22.01,12987.0,星期一,0.0005,0.0154
2012-06-15,22.2,22.0,22.45,21.59,16723.0,星期五,0.0032,-0.009
2012-06-14,22.77,22.13,23.55,21.76,26690.0,星期四,-0.0004,-0.0281
2012-06-13,22.71,22.78,22.89,22.42,17407.0,星期三,0.0,0.0031
2012-06-12,22.21,22.71,22.93,22.1,16089.0,星期二,-0.0054,0.0225
2012-06-11,22.3,22.33,22.97,22.3,12529.0,星期一,-0.0022,0.0013
2012-06-08,23.04,22.35,23.06,22.27,19220.0,星期五,0.0105,-0.0299
2012-06-07,23.09,22.8,24.2,22.75,30513.0,星期四,-0.0004,-0.0126
2012-06-06,21.9,23.1,23.83,21.7,35999.0,星期三,0.0074,0.0548
2012-06-05,20.5,21.74,21.75,20.5,22654.0,星期二,-0.0191,0.0605
2012-06-04,20.95,20.9,21.39,20.5,12934.0,星期一,-0.009,-0.0024
2012-06-01,21.4,21.14,21.4,20.9,8460.0,星期五,0.0014,-0.0121
2012-05-31,21.3,21.37,21.4,20.86,9418.0,星期四,-0.0023,0.0033
2012-05-30,21.15,21.35,21.49,20.39,12611.0,星期三,0.0095,0.0095
2012-05-29,20.65,20.95,21.1,20.31,13402.0,星期二,-0.0005,0.0145
2012-05-28,20.0,20.66,20.75,20.0,10049.0,星期一,-0.0234,0.033
2012-05-25,20.66,20.48,21.19,20.47,10731.0,星期五,-0.0246,-0.0087
2012-05-23,21.15,21.18,21.19,20.36,21705.0,星期三,0.0,0.0014
2012-05-22,21.25,21.15,21.8,21.08,24267.0,星期二,0.0167,-0.0047
2012-05-21,19.31,20.9,21.0,19.31,18104.0,星期一,-0.0097,0.0823
2012-05-18,19.51,19.5,19.73,19.2,5464.0,星期五,-0.0151,-0.0005
2012-05-17,19.5,19.81,19.87,18.83,10437.0,星期四,-0.0071,0.0159
2012-05-16,20.5,19.64,20.56,19.2,18624.0,星期三,0.0,-0.042
2012-05-15,20.51,20.5,21.12,20.0,11069.0,星期二,-0.515,-0.0005
2012-05-14,42.71,42.29,43.2,41.55,8636.0,星期一,0.0012,-0.0098
2012-05-11,43.52,42.66,44.2,42.4,12295.0,星期五,0.0051,-0.0198
2012-05-10,42.13,43.3,44.0,41.8,13114.0,星期四,0.0007,0.0278
2012-05-09,43.3,42.1,43.3,41.98,13617.0,星期三,0.0332,-0.0277
2012-05-08,41.0,41.91,42.17,40.82,13450.0,星期二,0.0047,0.0222
2012-05-07,39.5,40.81,41.48,39.46,18296.0,星期一,-0.0223,0.0332
2012-05-04,39.09,40.4,40.45,38.76,17106.0,星期五,0.0031,0.0335
2012-05-02,37.82,38.97,39.05,37.82,8551.0,星期三,0.0005,0.0304
2012-04-27,37.65,37.8,38.1,37.65,1622.0,星期五,-0.0108,0.004
2012-04-26,38.72,38.06,38.96,37.9,2764.0,星期四,-0.0003,-0.017
2012-04-25,38.7,38.73,39.1,38.35,4423.0,星期三,0.0068,0.0008
2012-04-24,38.36,38.44,39.16,37.8,3262.0,星期二,-0.0162,0.0021
2012-04-23,38.13,38.99,39.28,38.13,3852.0,星期一,-0.0193,0.0226
2012-04-20,38.99,38.88,39.01,38.45,3917.0,星期五,0.0008,-0.0028
2012-04-19,39.39,38.96,39.39,38.9,4850.0,星期四,-0.0023,-0.0109
2012-04-18,38.9,39.48,39.49,38.71,6245.0,星期三,0.0008,0.0149
2012-04-17,39.28,38.87,39.28,38.66,2057.0,星期二,0.0023,-0.0104
2012-04-16,39.28,39.19,39.28,38.63,4030.0,星期一,0.0054,-0.0023
2012-04-13,39.0,39.07,39.83,38.6,6813.0,星期五,-0.0005,0.0018
2012-04-12,39.2,39.02,39.38,38.5,5512.0,星期四,0.0,-0.0046
2012-04-11,39.11,39.2,39.6,38.25,4106.0,星期三,-0.0099,0.0023
2012-04-10,42.0,39.5,42.0,37.6,10702.0,星期二,0.0652,-0.0595
2012-04-06,37.18,39.43,40.75,37.14,2909.0,星期五,0.0032,0.0605
2012-04-05,35.19,37.06,37.33,35.19,3656.0,星期四,-0.0137,0.0531
2012-03-30,36.2,35.68,37.22,35.16,2305.0,星期五,-0.0036,-0.0144
2012-03-29,37.29,36.33,37.29,35.12,3750.0,星期四,0.0216,-0.0257
2012-03-28,37.88,36.5,38.2,36.21,10310.0,星期三,0.0,-0.0364
2012-03-27,38.13,37.88,38.48,37.76,3919.0,星期二,0.0,-0.0066
2012-03-26,37.1,38.13,38.2,37.1,5418.0,星期一,-0.0426,0.0278
2012-03-19,38.41,38.75,39.31,38.32,6737.0,星期一,-0.0088,0.0089
2012-03-16,37.79,38.75,38.78,37.23,8097.0,星期五,0.0003,0.0254
2012-03-15,35.96,37.78,37.79,35.96,9919.0,星期四,0.0014,0.0506
2012-03-14,36.88,35.91,37.73,35.88,11404.0,星期三,0.0077,-0.0263
2012-03-13,36.41,36.6,36.63,35.87,3915.0,星期二,0.0011,0.0052
2012-03-12,36.29,36.37,36.68,36.02,3115.0,星期一,0.0039,0.0022
2012-03-09,36.0,36.15,36.45,35.72,3343.0,星期五,0.0003,0.0042
2012-03-08,35.55,35.99,36.1,35.55,2470.0,星期四,-0.0003,0.0124
2012-03-07,35.01,35.56,36.64,35.01,3082.0,星期三,-0.0342,0.0157
2012-03-06,36.33,36.25,36.78,35.8,3212.0,星期二,-0.0109,-0.0022
2012-03-05,36.58,36.73,36.86,35.72,7089.0,星期一,0.0003,0.0041
2012-03-02,36.68,36.57,36.98,36.17,3189.0,星期五,0.0049,-0.003
2012-03-01,36.8,36.5,37.5,36.2,4064.0,星期四,-0.0054,-0.0082
2012-02-29,36.02,37.0,38.0,36.0,4898.0,星期三,-0.0022,0.0272
2012-02-28,36.58,36.1,36.83,35.8,2324.0,星期二,0.0022,-0.0131
2012-02-27,36.36,36.5,36.88,36.2,4590.0,星期一,0.0125,0.0039
2012-02-24,36.2,35.91,36.2,35.56,1974.0,星期五,0.0149,-0.008
2012-02-23,36.2,35.67,36.59,35.51,3104.0,星期四,0.014,-0.0146
2012-02-22,34.8,35.7,36.29,34.3,7756.0,星期三,0.0158,0.0259
2012-02-21,33.91,34.26,34.59,33.45,2710.0,星期二,0.0,0.0103
2012-02-20,33.2,33.91,34.73,33.2,6896.0,星期一,0.0082,0.0214
2012-02-17,33.68,32.93,33.68,32.68,1954.0,星期五,0.0111,-0.0223
2012-02-16,33.79,33.31,34.05,33.3,2348.0,星期四,0.0057,-0.0142
2012-02-15,33.92,33.6,33.96,33.27,1410.0,星期三,0.0125,-0.0094
2012-02-14,33.77,33.5,34.24,33.3,3522.0,星期二,0.0081,-0.008
2012-02-13,32.98,33.5,34.25,32.5,3902.0,星期一,0.0,0.0158
2012-02-10,32.8,32.98,33.2,32.56,2823.0,星期五,0.0031,0.0055
2012-02-09,31.69,32.7,32.98,31.4,8155.0,星期四,0.0092,0.0319
2012-02-08,30.48,31.4,31.55,30.48,6568.0,星期三,0.0026,0.0302
2012-02-07,31.61,30.4,31.61,30.4,1986.0,星期二,0.007,-0.0383
2012-02-06,31.8,31.39,31.94,31.0,3762.0,星期一,0.0225,-0.0129
2012-02-02,30.47,31.1,31.15,30.33,2975.0,星期四,0.0033,0.0207
2012-02-01,30.6,30.37,31.45,30.36,4141.0,星期三,-0.0183,-0.0075
2012-01-31,30.45,31.17,31.25,29.82,3162.0,星期二,0.0,0.0236
2012-01-30,30.06,30.45,30.72,30.06,2749.0,星期一,0.002,0.013
2012-01-20,29.29,30.0,30.29,28.5,3823.0,星期五,0.0103,0.0242
2012-01-19,29.25,28.99,29.3,28.28,3882.0,星期四,0.026,-0.0089
2012-01-18,29.99,28.51,30.3,28.51,16177.0,星期三,0.0235,-0.0493
2012-01-17,28.46,29.3,29.68,27.94,16634.0,星期二,-0.0091,0.0295
2012-01-16,30.13,28.72,30.13,28.4,6382.0,星期一,-0.0202,-0.0468
2012-01-13,32.21,30.75,32.46,29.5,13019.0,星期五,-0.0059,-0.0453
2012-01-12,32.7,32.4,32.95,32.19,4047.0,星期四,-0.0015,-0.0092
2012-01-11,32.6,32.75,32.93,32.22,8664.0,星期三,-0.0091,0.0046
2012-01-10,32.08,32.9,32.93,31.38,18947.0,星期二,-0.0006,0.0256
2012-01-09,32.56,32.1,32.56,30.8,6739.0,星期一,0.0175,-0.0141
2012-01-06,30.86,32.0,32.0,29.3,5756.0,星期五,-0.0064,0.0369
2012-01-05,33.26,31.06,33.26,31.0,6234.0,星期四,-0.0101,-0.0661
2012-01-04,34.0,33.6,34.1,32.0,7538.0,星期三,0.0,-0.0118
2011-12-30,33.29,34.0,34.31,32.71,7087.0,星期五,-0.0033,0.0213
2011-12-29,33.98,33.4,33.98,32.04,10432.0,星期四,-0.0006,-0.0171
2011-12-28,36.01,34.0,36.56,33.21,8996.0,星期三,-0.0241,-0.0558
2011-12-27,38.35,36.9,38.35,35.56,8923.0,星期二,-0.0026,-0.0378
2011-12-26,39.0,38.45,39.0,38.0,3272.0,星期一,-0.0064,-0.0141
2011-12-23,39.51,39.25,39.51,38.2,3993.0,星期五,-0.0123,-0.0066
2011-12-22,39.26,40.0,40.0,38.0,5070.0,星期四,-0.018,0.0188
2011-12-21,40.9,39.98,40.9,38.8,1902.0,星期三,0.0179,-0.0225
2011-12-20,39.96,40.18,40.32,39.43,2065.0,星期二,0.004,0.0055
2011-12-19,39.25,39.8,40.0,38.72,3070.0,星期一,-0.0188,0.014
2011-12-16,39.4,40.0,40.42,38.95,2019.0,星期五,0.0,0.0152
2011-12-15,40.31,39.4,40.32,39.26,5704.0,星期四,0.0002,-0.0226
2011-12-14,41.09,40.3,41.8,40.0,3723.0,星期三,-0.0075,-0.0192
2011-12-13,42.3,41.4,42.35,41.05,3120.0,星期二,-0.0012,-0.0213
2011-12-12,42.27,42.35,42.59,41.6,2343.0,星期一,0.0069,0.0019
2011-12-09,42.2,41.98,42.48,41.51,1020.0,星期五,-0.0042,-0.0052
2011-12-08,41.98,42.38,42.74,41.44,849.0,星期四,-0.0076,0.0095
2011-12-07,41.55,42.3,42.48,41.51,1531.0,星期三,-0.0084,0.0181
2011-12-06,41.25,41.9,41.98,41.25,714.0,星期二,-0.0179,0.0158
2011-12-05,41.75,42.0,42.62,41.1,3318.0,星期一,-0.013,0.006
2011-12-02,43.0,42.3,43.0,41.6,3980.0,星期五,-0.0049,-0.0163
2011-12-01,44.41,43.21,44.41,43.21,7615.0,星期四,0.0233,-0.027
2011-11-30,43.92,43.4,44.18,42.15,2298.0,星期三,0.0011,-0.0118
2011-11-29,43.5,43.87,44.29,43.1,4095.0,星期二,-0.0064,0.0085
2011-11-25,43.38,43.78,43.99,43.38,1772.0,星期五,-0.0094,0.0092
2011-11-24,43.18,43.79,44.0,43.16,1701.0,星期四,-0.0133,0.0141
2011-11-23,43.38,43.76,43.98,42.76,2700.0,星期三,0.0105,0.0088
2011-11-22,42.85,42.93,43.15,42.2,3014.0,星期二,-0.009,0.0019
2011-11-21,43.59,43.24,43.85,42.75,2048.0,星期一,-0.0002,-0.008
2011-11-18,42.9,43.6,44.31,42.37,5221.0,星期五,-0.0023,0.0163
2011-11-17,41.7,43.0,43.18,41.3,9086.0,星期四,0.0024,0.0312
2011-11-16,41.3,41.6,42.18,41.12,6519.0,星期三,0.0024,0.0073
2011-11-15,40.84,41.2,41.2,40.7,4845.0,星期二,0.001,0.0088
2011-11-14,40.75,40.8,41.76,40.58,12076.0,星期一,0.0025,0.0012
2011-11-11,40.5,40.65,41.39,40.42,2124.0,星期五,0.005,0.0037
2011-11-10,41.18,40.3,41.18,40.3,5991.0,星期四,-0.0005,-0.0214
2011-11-09,41.49,41.2,41.5,41.15,6345.0,星期三,0.0075,-0.007
2011-11-08,41.79,41.18,41.79,41.11,3836.0,星期二,0.007,-0.0146
2011-11-07,41.05,41.5,41.82,41.0,3780.0,星期一,0.0012,0.011
2011-11-04,40.81,41.0,41.3,40.8,4635.0,星期五,0.0017,0.0047
2011-11-03,40.51,40.74,41.25,40.4,5575.0,星期四,0.0027,0.0057
2011-11-02,40.0,40.4,40.49,39.54,2881.0,星期三,-0.0077,0.01
2011-11-01,40.19,40.31,40.9,40.05,2987.0,星期二,0.0005,0.003
2011-10-31,40.17,40.17,41.11,39.9,8080.0,星期一,0.001,0.0
2011-10-28,39.79,40.13,40.49,39.79,2231.0,星期五,0.0,0.0085
2011-10-27,39.95,39.79,39.97,39.7,932.0,星期四,0.005,-0.004
2011-10-26,39.65,39.75,39.94,39.27,1363.0,星期三,0.0,0.0025
2011-10-25,39.41,39.65,39.95,39.06,1602.0,星期二,-0.012,0.0061
2011-10-24,39.0,39.89,39.99,38.41,708.0,星期一,-0.0199,0.0228
2011-10-21,39.4,39.79,39.79,38.12,1871.0,星期五,-0.015,0.0099
2011-10-20,40.6,40.0,40.77,38.02,3269.0,星期四,-0.0098,-0.0148
2011-10-19,41.0,41.0,41.08,40.5,1079.0,星期三,-0.0019,0.0
2011-10-18,41.02,41.08,41.26,40.64,986.0,星期二,-0.0123,0.0015
2011-10-17,42.05,41.53,42.05,41.04,757.0,星期一,0.012,-0.0124
2011-10-14,40.7,41.55,41.61,40.7,1580.0,星期五,-0.0216,0.0209
2011-10-13,42.47,41.6,42.48,41.08,3558.0,星期四,0.0112,-0.0205
2011-10-12,41.41,42.0,42.19,40.52,1719.0,星期三,-0.005,0.0142
2011-10-11,42.41,41.62,42.74,41.5,2040.0,星期二,0.0122,-0.0186
2011-10-10,41.58,41.9,42.49,41.07,1101.0,星期一,0.0,0.0077
2011-09-29,42.61,41.58,42.98,41.02,1357.0,星期四,-0.0146,-0.0242
2011-09-28,43.01,43.24,43.3,42.32,1632.0,星期三,-0.0065,0.0053
2011-09-27,44.49,43.29,44.76,42.0,2014.0,星期二,-0.0067,-0.027
2011-09-26,45.09,44.79,45.17,44.33,511.0,星期一,0.0065,-0.0067
2011-09-23,45.25,44.8,45.78,44.18,2698.0,星期五,-0.0011,-0.0099
2011-09-22,45.78,45.3,45.8,45.08,1016.0,星期四,0.0039,-0.0105
2011-09-21,45.05,45.6,46.51,44.8,1595.0,星期三,0.0,0.0122
2011-09-20,45.7,45.05,45.85,44.91,769.0,星期二,0.0,-0.0142
2011-09-19,45.86,45.7,46.0,45.57,566.0,星期一,0.0013,-0.0035
2011-09-16,46.29,45.8,46.65,45.59,1215.0,星期五,0.0085,-0.0106
2011-09-15,45.85,45.9,47.0,45.39,1884.0,星期四,0.0026,0.0011
2011-09-14,45.25,45.73,45.78,44.93,1069.0,星期三,-0.0007,0.0106
2011-09-13,44.82,45.28,45.43,44.49,1173.0,星期二,-0.0147,0.0103
2011-09-09,44.99,45.49,45.59,44.8,2046.0,星期五,0.0038,0.0111
2011-09-08,45.67,44.82,45.89,44.73,833.0,星期四,0.0088,-0.0186
2011-09-07,44.58,45.27,45.35,44.03,1424.0,星期三,-0.0016,0.0155
2011-09-06,44.79,44.65,44.79,43.56,2240.0,星期二,-0.0047,-0.0031
2011-09-05,44.8,45.0,45.4,44.0,2686.0,星期一,-0.015,0.0045
2011-09-02,45.21,45.48,45.98,44.85,1941.0,星期五,-0.012,0.006
2011-09-01,45.9,45.76,46.2,45.49,1297.0,星期四,0.0028,-0.0031
2011-08-31,45.8,45.77,46.14,45.11,3351.0,星期三,0.0,-0.0007
2011-08-30,45.77,45.8,46.25,45.77,3194.0,星期二,-0.0015,0.0007
2011-08-29,46.1,45.84,46.43,45.71,1580.0,星期一,-0.0011,-0.0056
2011-08-26,45.9,46.15,46.3,45.63,1968.0,星期五,-0.0037,0.0054
2011-08-25,45.7,46.07,46.18,45.39,5390.0,星期四,-0.0044,0.0081
2011-08-24,45.99,45.9,46.2,45.6,2116.0,星期三,0.0011,-0.002
2011-08-23,45.28,45.94,46.27,45.13,2163.0,星期二,-0.0114,0.0146
2011-08-22,46.8,45.8,46.83,45.01,4717.0,星期一,0.0065,-0.0214
2011-08-19,47.0,46.5,47.0,46.0,2541.0,星期五,-0.0047,-0.0106
2011-08-18,47.5,47.22,47.92,46.97,4236.0,星期四,-0.0096,-0.0059
2011-08-17,48.02,47.96,48.24,47.51,1904.0,星期三,0.0002,-0.0012
2011-08-16,48.22,48.01,48.68,47.61,1461.0,星期二,-0.0035,-0.0044
2011-08-15,48.59,48.39,48.88,47.4,6117.0,星期一,0.0006,-0.0041
2011-08-12,49.24,48.56,49.92,48.0,4912.0,星期五,-0.0002,-0.0138
2011-08-11,47.1,49.25,49.85,46.55,13766.0,星期四,-0.0175,0.0456
2011-08-10,47.33,47.94,48.5,47.09,7332.0,星期三,0.0011,0.0129
2011-08-09,46.51,47.28,47.5,45.0,3136.0,星期二,-0.0221,0.0166
2011-08-08,48.3,47.56,48.3,45.03,8237.0,星期一,-0.0041,-0.0153
2011-08-05,48.0,48.5,48.5,47.0,3223.0,星期五,-0.0103,0.0104
2011-08-04,48.5,48.5,48.99,47.99,3853.0,星期四,0.0,0.0
2011-08-03,47.61,48.5,48.56,47.21,4718.0,星期三,-0.0184,0.0187
2011-08-02,47.0,48.5,48.5,46.18,2546.0,星期二,-0.0122,0.0319
2011-08-01,47.2,47.58,47.95,46.65,3216.0,星期一,-0.0063,0.0081
2011-07-29,48.51,47.5,48.99,47.0,3617.0,星期五,-0.01,-0.0208
2011-07-28,48.9,49.0,49.45,47.92,2784.0,星期四,-0.0002,0.002
2011-07-27,48.0,48.91,49.57,47.67,3148.0,星期三,-0.0079,0.019
2011-07-26,47.59,48.38,48.45,47.59,1796.0,星期二,-0.0165,0.0166
2011-07-25,48.8,48.39,49.26,47.59,1884.0,星期一,-0.0141,-0.0084
2011-07-22,49.04,49.5,49.8,48.2,3866.0,星期五,-0.0091,0.0094
2011-07-21,48.73,49.49,49.6,48.73,1635.0,星期四,-0.0175,0.0156
2011-07-20,49.3,49.6,49.7,48.38,3607.0,星期三,-0.0016,0.0061
2011-07-19,48.79,49.38,49.49,48.11,2407.0,星期二,-0.0043,0.0121
2011-07-18,48.5,49.0,50.11,48.0,8152.0,星期一,-0.0043,0.0103
2011-07-15,47.61,48.71,49.3,47.6,6366.0,星期五,-0.0021,0.0231
2011-07-14,47.77,47.71,48.1,47.08,10521.0,星期四,-0.0048,-0.0013
2011-07-13,46.05,48.0,48.02,45.8,12646.0,星期三,0.0,0.0423
2011-07-12,45.47,46.05,46.29,45.23,5840.0,星期二,-0.0011,0.0128
2011-07-11,44.9,45.52,45.64,44.4,3094.0,星期一,-0.0104,0.0138
2011-07-08,45.31,45.37,45.6,44.95,2898.0,星期五,-0.0144,0.0013
2011-07-07,45.73,45.97,45.99,44.63,10086.0,星期四,-0.008,0.0052
2011-07-06,46.8,46.1,47.15,45.8,22275.0,星期三,0.0377,-0.015
2011-06-30,43.86,45.1,45.7,43.86,4264.0,星期四,-0.0177,0.0283
2011-06-28,43.13,44.65,44.93,43.12,5487.0,星期二,-0.0035,0.0352
2011-06-27,42.5,43.28,43.68,42.5,2853.0,星期一,0.0002,0.0184
2011-06-24,41.7,42.49,42.5,41.69,6214.0,星期五,0.0007,0.0189
2011-06-23,40.61,41.67,41.91,40.61,2787.0,星期四,-0.0236,0.0261
2011-06-22,41.6,41.59,42.0,41.06,624.0,星期三,-0.01,-0.0002
2011-06-21,41.8,42.02,42.1,41.12,2614.0,星期二,-0.0118,0.0053
2011-06-20,42.55,42.3,42.55,40.36,1511.0,星期一,0.0095,-0.0059
2011-06-17,42.0,42.15,42.5,42.0,421.0,星期五,-0.0038,0.0036
2011-06-16,42.11,42.16,42.68,42.11,757.0,星期四,-0.0131,0.0012
2011-06-15,42.5,42.67,43.0,42.08,1652.0,星期三,-0.0049,0.004
2011-06-14,42.47,42.71,43.28,42.3,2472.0,星期二,-0.0019,0.0057
2011-06-13,42.0,42.55,42.55,40.35,1733.0,星期一,0.0101,0.0131
2011-06-10,41.0,41.58,41.87,40.79,1327.0,星期五,-0.0144,0.0141
2011-06-09,42.35,41.6,42.35,40.51,965.0,星期四,-0.0035,-0.0177
2011-06-08,42.15,42.5,42.5,41.4,1436.0,星期三,-0.0007,0.0083
2011-06-07,42.02,42.18,42.33,41.3,2868.0,星期二,0.0089,0.0038
2011-06-03,41.01,41.65,43.65,41.0,4996.0,星期五,-0.0106,0.0156
2011-06-02,42.4,41.45,42.4,40.32,1057.0,星期四,0.005,-0.0224
2011-06-01,41.98,42.19,42.46,41.9,3601.0,星期三,-0.0005,0.005
2011-05-31,42.2,42.0,42.57,41.5,1847.0,星期二,0.0067,-0.0047
2011-05-30,43.0,41.92,43.0,41.7,3272.0,星期一,0.0005,-0.0251
2011-05-27,43.61,42.98,43.61,41.53,3833.0,星期五,-0.0133,-0.0144
2011-05-25,43.6,44.2,44.34,43.59,4039.0,星期三,0.0002,0.0138
2011-05-24,42.6,43.59,43.91,41.75,2777.0,星期二,-0.0049,0.0232
2011-05-23,43.8,42.81,44.2,42.79,2331.0,星期一,0.0011,-0.0226
2011-05-20,44.0,43.75,44.59,43.4,2006.0,星期五,0.0066,-0.0057
2011-05-19,43.2,43.71,44.68,42.7,5873.0,星期四,-0.0009,0.0118
2011-05-18,42.65,43.24,43.45,42.01,1526.0,星期三,0.0,0.0138
2011-05-17,41.9,42.65,42.9,41.9,3509.0,星期二,0.0062,0.0179
2011-05-16,40.88,41.64,41.79,40.88,3081.0,星期一,-0.0152,0.0186
2011-05-13,41.74,41.51,42.01,41.4,3753.0,星期五,0.0036,-0.0055
2011-05-12,41.3,41.59,42.08,41.06,2788.0,星期四,-0.0094,0.007
2011-05-11,42.4,41.69,42.4,41.47,4234.0,星期三,0.0,-0.0167
2011-05-10,43.48,42.4,43.48,42.36,2065.0,星期二,0.0018,-0.0248
2011-05-09,43.19,43.4,43.67,42.93,1761.0,星期一,0.0019,0.0049
2011-05-06,43.78,43.11,43.78,42.78,2056.0,星期五,-0.0027,-0.0153
2011-05-05,43.8,43.9,44.19,43.0,2731.0,星期四,-0.0018,0.0023
2011-05-04,44.06,43.88,45.0,43.4,4813.0,星期三,0.0,-0.0041
2011-05-03,43.92,44.06,44.3,43.12,1286.0,星期二,-0.0007,0.0032
2011-04-29,44.69,43.95,45.56,43.0,3246.0,星期五,0.0065,-0.0166
2011-04-28,44.2,44.4,45.2,43.45,7775.0,星期四,0.0114,0.0045
2011-04-27,43.55,43.7,44.3,43.55,2059.0,星期三,0.0051,0.0034
2011-04-26,43.39,43.33,44.5,43.01,1723.0,星期二,-0.0121,-0.0014
2011-04-25,44.04,43.92,44.79,43.6,3977.0,星期一,0.0087,-0.0027
2011-04-22,44.69,43.66,45.5,43.0,3885.0,星期五,0.0,-0.023
2011-04-21,44.87,44.69,45.87,44.5,4786.0,星期四,0.0,-0.004
2011-04-20,44.8,44.87,46.3,44.21,4187.0,星期三,0.0,0.0016
2011-04-19,44.3,44.8,44.9,43.3,4667.0,星期二,-0.0142,0.0113
2011-04-18,42.5,44.94,46.35,42.5,11174.0,星期一,0.0076,0.0574
2011-04-15,40.1,42.18,42.2,39.85,7504.0,星期五,0.0015,0.0519
2011-04-13,39.59,40.04,40.08,39.5,3635.0,星期三,0.0,0.0114
2011-04-12,39.79,39.59,40.18,39.45,2612.0,星期二,-0.005,-0.005
2011-04-11,40.45,39.99,40.45,39.41,4601.0,星期一,0.0,-0.0114
2011-04-08,40.36,40.45,40.6,39.78,3754.0,星期五,0.0017,0.0022
2011-04-07,40.32,40.29,40.66,39.73,4073.0,星期四,0.0005,-0.0007
2011-04-06,42.1,40.3,42.1,40.11,4726.0,星期三,0.0159,-0.0428
2011-04-01,41.81,41.44,42.41,41.01,1495.0,星期五,-0.0024,-0.0088
2011-03-31,41.88,41.91,42.88,41.8,2376.0,星期四,0.0026,0.0007
2011-03-30,41.4,41.77,42.92,41.0,2799.0,星期三,0.0,0.0089
2011-03-29,43.01,41.4,43.03,41.16,3440.0,星期二,-0.0007,-0.0374
2011-03-28,43.8,43.04,43.8,43.01,2976.0,星期一,0.0005,-0.0174
2011-03-25,43.34,43.78,43.78,43.3,2523.0,星期五,-0.0091,0.0102
2011-03-24,43.49,43.74,43.98,43.13,1585.0,星期四,0.0002,0.0057
2011-03-23,42.53,43.48,43.59,42.03,4759.0,星期三,0.0031,0.0223
2011-03-22,42.42,42.4,42.67,41.42,1863.0,星期二,0.0,-0.0005
2011-03-21,42.6,42.42,43.0,41.79,6464.0,星期一,0.0005,-0.0042
2011-03-18,42.4,42.58,42.97,42.4,2503.0,星期五,0.0059,0.0042
2011-03-17,43.3,42.15,43.3,42.0,3858.0,星期四,-0.0035,-0.0266
2011-03-16,44.14,43.45,44.2,43.1,4868.0,星期三,0.0032,-0.0156
2011-03-15,44.6,44.0,45.15,43.02,3316.0,星期二,0.0002,-0.0135
2011-03-14,44.28,44.59,44.78,44.06,5504.0,星期一,0.0039,0.007
2011-03-11,44.61,44.11,44.8,44.0,4853.0,星期五,0.0002,-0.0112
2011-03-10,44.4,44.6,44.99,44.2,5822.0,星期四,0.0027,0.0045
2011-03-09,44.2,44.28,44.37,44.01,3647.0,星期三,-0.0045,0.0018
2011-03-08,44.35,44.4,44.5,43.98,7688.0,星期二,-0.0034,0.0011
2011-03-07,44.59,44.5,44.95,44.0,3198.0,星期一,0.0002,-0.002
2011-03-04,45.08,44.58,45.08,44.0,2373.0,星期五,-0.0024,-0.0111
2011-03-03,44.28,45.19,45.5,43.97,7749.0,星期四,0.0002,0.0206
2011-03-02,44.0,44.27,44.5,44.0,1778.0,星期三,-0.0038,0.0061
2011-03-01,44.78,44.17,44.78,43.78,1876.0,星期二,0.0067,-0.0136
2011-02-28,44.23,44.48,44.78,44.23,1913.0,星期一,0.0005,0.0057
2011-02-25,45.34,44.21,45.34,44.0,1513.0,星期五,0.0053,-0.0249
2011-02-24,45.86,45.1,45.88,44.61,4535.0,星期四,0.0002,-0.0166
2011-02-23,43.95,45.85,46.11,43.95,7803.0,星期三,-0.0163,0.0432
2011-02-22,43.26,44.68,45.5,43.06,8117.0,星期二,0.0023,0.0328
2011-02-21,42.91,43.16,43.31,42.33,2100.0,星期一,0.0002,0.0058
2011-02-18,43.9,42.9,43.9,42.9,2717.0,星期五,0.0,-0.0228
2011-02-17,43.7,43.9,44.14,43.65,2941.0,星期四,0.0,0.0046
2011-02-16,44.09,43.7,44.43,43.58,4700.0,星期三,-0.0032,-0.0088
2011-02-15,45.68,44.23,45.7,43.71,3016.0,星期二,0.0093,-0.0317
2011-02-14,43.2,45.26,45.6,43.2,4680.0,星期一,0.0012,0.0477
2011-02-11,42.65,43.15,43.7,42.65,3121.0,星期五,0.0,0.0117
2011-02-10,41.4,42.65,42.9,41.15,3466.0,星期四,0.0,0.0302
2011-02-09,40.6,41.4,42.1,40.59,4697.0,星期三,-0.0002,0.0197
2011-02-01,41.0,40.61,41.0,40.35,1800.0,星期二,0.0,-0.0095
2011-01-31,40.39,41.0,41.2,40.0,2189.0,星期一,0.0,0.0151
2011-01-28,40.22,40.39,40.43,39.43,2629.0,星期五,-0.0015,0.0042
2011-01-27,39.6,40.28,40.3,39.19,2592.0,星期四,-0.0098,0.0172
2011-01-26,40.39,39.99,40.5,38.7,6078.0,星期三,-0.0002,-0.0099
2011-01-25,44.63,40.4,44.63,40.4,7876.0,星期二,-0.0058,-0.0948
2011-01-21,46.54,44.89,47.0,44.5,3403.0,星期五,-0.0013,-0.0355
2011-01-20,47.83,46.6,48.3,46.49,1077.0,星期四,0.0,-0.0257
2011-01-19,47.12,47.83,47.87,47.12,621.0,星期三,-0.0059,0.0151
2011-01-18,47.0,47.4,47.88,46.76,583.0,星期二,0.0011,0.0085
2011-01-17,47.1,46.95,47.85,46.56,778.0,星期一,-0.0004,-0.0032
2011-01-14,47.67,47.12,47.9,47.0,1148.0,星期五,-0.004,-0.0115
2011-01-13,47.59,47.86,48.3,47.59,1158.0,星期四,-0.0044,0.0057
2011-01-12,47.96,47.8,47.96,46.4,1068.0,星期三,0.0099,-0.0033
2011-01-11,47.6,47.49,48.5,46.0,3524.0,星期二,-0.0019,-0.0023
2011-01-10,48.79,47.69,48.93,46.99,5328.0,星期一,-0.0141,-0.0225
2011-01-07,48.88,49.49,49.49,48.31,6203.0,星期五,0.0083,0.0125
2011-01-06,49.06,48.48,50.27,48.0,4856.0,星期四,-0.0204,-0.0118
2011-01-05,51.0,50.08,51.0,50.02,2174.0,星期三,0.001,-0.018
2011-01-04,52.8,50.95,52.8,50.66,6673.0,星期二,0.0011,-0.035
2010-12-31,51.15,52.74,52.74,51.15,8840.0,星期五,-0.001,0.0311
2010-12-30,50.35,51.2,51.65,50.05,3638.0,星期四,-0.0042,0.0169
2010-12-29,47.47,50.56,51.0,46.84,5653.0,星期三,-0.0006,0.0651
2010-12-28,47.6,47.5,48.65,46.0,3445.0,星期二,-0.0186,-0.0021
2010-12-27,50.8,48.5,51.4,48.01,1969.0,星期一,-0.0039,-0.0453
2010-12-24,51.42,51.0,52.08,50.0,3737.0,星期五,-0.0014,-0.0082
2010-12-23,52.7,51.49,52.7,51.38,2509.0,星期四,0.0023,-0.023
2010-12-22,52.7,52.58,53.45,52.11,2294.0,星期三,0.0,-0.0023
2010-12-21,52.49,52.7,52.95,52.01,3468.0,星期二,0.0036,0.004
2010-12-20,52.95,52.3,53.1,52.01,4566.0,星期一,0.007,-0.0123
2010-12-17,52.6,52.58,52.8,52.0,3260.0,星期五,0.0,-0.0004
2010-12-16,52.38,52.6,52.83,52.08,2851.0,星期四,-0.0006,0.0042
2010-12-15,52.37,52.41,52.58,51.8,4194.0,星期三,-0.0002,0.0008
2010-12-14,53.44,52.38,53.44,51.61,5897.0,星期二,0.0004,-0.0198
2010-12-13,51.43,53.42,53.59,51.33,8636.0,星期一,0.0,0.0387
2010-12-10,51.0,51.43,51.48,50.5,3953.0,星期五,-0.0018,0.0084
2010-12-09,50.51,51.09,51.47,50.5,1669.0,星期四,-0.0096,0.0115
2010-12-08,51.15,51.0,51.47,50.72,2900.0,星期三,0.0029,-0.0029
2010-12-07,51.16,51.0,51.37,50.11,4157.0,星期二,0.0049,-0.0031
2010-12-06,51.0,50.91,51.5,50.4,2563.0,星期一,0.0,-0.0018
2010-12-03,52.63,51.0,52.63,50.71,4521.0,星期五,0.0008,-0.031
2010-12-02,52.78,52.59,53.3,52.59,3019.0,星期四,-0.0017,-0.0036
2010-12-01,52.1,52.87,53.2,51.32,3369.0,星期三,-0.0063,0.0148
2010-11-30,53.0,52.43,53.78,51.0,7536.0,星期二,-0.0163,-0.0108
2010-11-29,55.0,53.88,55.1,53.71,7413.0,星期一,0.0036,-0.0204
2010-11-26,54.55,54.8,55.4,53.7,9385.0,星期五,0.0044,0.0046
2010-11-25,53.74,54.31,54.69,53.02,7015.0,星期四,0.0002,0.0106
2010-11-24,51.58,53.73,53.95,51.45,10927.0,星期三,-0.0046,0.0417
2010-11-23,51.66,51.82,52.29,50.99,7764.0,星期二,-0.0027,0.0031
2010-11-22,50.55,51.8,54.0,50.55,9214.0,星期一,0.002,0.0247
2010-11-19,50.4,50.45,50.56,49.38,6205.0,星期五,0.012,0.001
2010-11-18,51.13,49.8,51.88,49.39,6393.0,星期四,0.0025,-0.026
2010-11-17,52.58,51.0,53.94,50.58,4137.0,星期三,0.0,-0.03
2010-11-16,54.49,52.58,55.6,52.3,4947.0,星期二,0.0007,-0.0351
2010-11-15,54.01,54.45,54.98,53.61,5290.0,星期一,-0.0265,0.0081
2010-11-12,56.68,55.48,56.68,51.81,15619.0,星期五,-0.0061,-0.0212
2010-11-11,58.85,57.03,58.85,56.9,16129.0,星期四,-0.0005,-0.0309
2010-11-10,57.8,58.88,59.3,57.45,14542.0,星期三,0.0,0.0187
2010-11-09,57.45,57.8,58.09,56.8,11396.0,星期二,0.0,0.0061
2010-11-08,58.29,57.45,58.29,56.87,4752.0,星期一,0.0,-0.0144
2010-11-05,58.87,58.29,58.99,57.8,6957.0,星期五,-0.0046,-0.0099
2010-11-04,58.0,59.14,59.4,56.77,8629.0,星期四,0.0038,0.0197
2010-11-03,58.03,57.78,59.03,57.38,4379.0,星期三,-0.0114,-0.0043
2010-11-02,60.29,58.7,60.87,58.58,2780.0,星期二,0.0,-0.0264
2010-11-01,58.9,60.29,60.47,58.53,3454.0,星期一,0.0067,0.0236
2010-10-29,57.6,58.51,59.84,57.6,6790.0,星期五,0.0,0.0158
2010-10-28,59.0,57.6,59.89,57.0,3451.0,星期四,0.0085,-0.0237
2010-10-27,58.3,58.5,60.5,58.3,5411.0,星期三,0.0052,0.0034
2010-10-26,57.42,58.0,58.78,56.8,7574.0,星期二,-0.001,0.0101
2010-10-25,57.2,57.48,58.58,57.0,5189.0,星期一,0.0,0.0049
2010-10-22,55.9,57.2,57.2,55.32,4491.0,星期五,0.0018,0.0233
2010-10-21,55.94,55.8,56.98,54.6,5362.0,星期四,0.0262,-0.0025
2010-10-20,54.73,54.51,56.3,54.06,4721.0,星期三,-0.0011,-0.004
2010-10-19,54.0,54.79,55.85,53.44,3725.0,星期二,0.011,0.0146
2010-10-18,54.78,53.41,54.78,52.0,7348.0,星期一,0.0007,-0.025
2010-10-15,56.57,54.74,56.57,53.1,8843.0,星期五,0.0018,-0.0323
2010-10-14,61.2,56.47,61.2,55.48,9596.0,星期四,-0.0013,-0.0773
2010-10-13,59.36,61.28,62.99,56.55,8711.0,星期三,0.0061,0.0323
2010-10-12,60.1,59.0,60.77,57.12,6645.0,星期二,-0.005,-0.0183
2010-10-11,61.09,60.4,62.01,60.0,4092.0,星期一,0.0018,-0.0113
2010-09-30,58.95,60.98,60.99,58.53,2128.0,星期四,-0.0008,0.0344
2010-09-29,60.0,59.0,60.46,58.3,1371.0,星期三,0.0,-0.0167
2010-09-28,58.62,60.0,60.3,58.62,5028.0,星期二,-0.0048,0.0235
2010-09-27,56.89,58.9,58.93,56.89,969.0,星期一,-0.0077,0.0353
2010-09-21,57.89,57.33,58.2,56.54,2692.0,星期二,0.0085,-0.0097
2010-09-20,58.4,57.4,58.4,56.32,3699.0,星期一,-0.0012,-0.0171
2010-09-17,57.11,58.47,59.0,57.11,2781.0,星期五,-0.0221,0.0238
2010-09-16,58.67,58.4,59.3,58.0,3445.0,星期四,0.0009,-0.0046
2010-09-15,57.8,58.62,59.7,56.86,8608.0,星期三,0.0007,0.0142
2010-09-14,56.83,57.76,58.5,56.6,7486.0,星期二,0.0,0.0164
2010-09-13,54.95,56.83,57.1,54.9,11319.0,星期一,0.0018,0.0342
2010-09-10,52.98,54.85,54.88,52.98,9241.0,星期五,0.0,0.0353
2010-09-09,53.5,52.98,53.84,52.4,5424.0,星期四,0.0034,-0.0097
2010-09-08,52.95,53.32,53.91,52.8,1975.0,星期三,0.0008,0.007
2010-09-07,53.23,52.91,53.3,52.55,4945.0,星期二,0.0,-0.006
2010-09-06,54.73,53.23,54.73,52.88,7693.0,星期一,-0.0024,-0.0274
2010-09-03,54.74,54.86,55.86,52.88,9087.0,星期五,-0.0074,0.0022
2010-09-02,55.3,55.15,55.47,54.5,4430.0,星期四,0.0091,-0.0027
2010-09-01,54.81,54.8,55.43,54.2,3695.0,星期三,0.0002,-0.0002
2010-08-31,54.48,54.8,55.09,54.1,2821.0,星期二,0.0031,0.0059
2010-08-30,53.6,54.31,54.43,53.06,3893.0,星期一,0.0045,0.0132
2010-08-27,53.48,53.36,53.99,52.8,4106.0,星期五,0.0022,-0.0022
2010-08-26,53.5,53.36,53.5,52.69,2106.0,星期四,0.0,-0.0026
2010-08-25,52.6,53.5,54.2,52.6,2326.0,星期三,-0.0192,0.0171
2010-08-24,53.75,53.63,54.39,53.0,1987.0,星期二,0.0,-0.0022
2010-08-23,53.85,53.75,54.44,53.36,2215.0,星期一,-0.003,-0.0019
2010-08-20,55.5,54.01,55.5,52.8,4499.0,星期五,-0.0034,-0.0268
2010-08-19,55.1,55.69,55.88,53.8,5696.0,星期四,-0.0022,0.0107
2010-08-18,54.56,55.22,57.48,54.56,15849.0,星期三,0.0246,0.0121
2010-08-17,53.58,53.25,54.0,52.86,5950.0,星期二,-0.0098,-0.0062
2010-08-16,53.73,54.11,54.5,53.5,4145.0,星期一,0.0022,0.0071
2010-08-13,52.02,53.61,53.79,51.11,3709.0,星期五,0.0,0.0306
2010-08-12,53.21,52.02,54.0,51.83,3928.0,星期四,-0.0019,-0.0224
2010-08-11,52.5,53.31,53.99,52.5,1840.0,星期三,-0.0156,0.0154
2010-08-10,55.6,53.33,55.6,53.33,3675.0,星期二,0.0087,-0.0408
2010-08-09,54.0,55.12,56.18,53.8,5732.0,星期一,-0.0119,0.0207
2010-08-06,54.5,54.65,56.2,53.1,5387.0,星期五,-0.0066,0.0028
2010-08-05,51.29,54.86,55.9,51.29,9458.0,星期四,0.0002,0.0696
2010-08-04,49.0,51.28,51.47,48.88,5203.0,星期三,-0.0117,0.0465
2010-08-03,49.5,49.58,50.3,49.5,4756.0,星期二,-0.0004,0.0016
2010-08-02,49.06,49.52,49.7,48.88,4839.0,星期一,-0.0077,0.0094
2010-07-30,49.84,49.44,49.84,49.26,2984.0,星期五,0.0,-0.008
2010-07-29,50.8,49.84,50.88,49.25,6917.0,星期四,0.0101,-0.0189
2010-07-28,49.87,50.29,50.3,49.21,4693.0,星期三,0.0,0.0084
2010-07-27,48.94,49.87,49.98,48.66,3900.0,星期二,0.0,0.019
2010-07-26,48.4,48.94,48.99,48.19,3657.0,星期一,0.0,0.0112
2010-07-23,49.68,48.4,49.68,48.3,3088.0,星期五,0.012,-0.0258
2010-07-22,48.4,49.09,49.77,48.4,1749.0,星期四,-0.0167,0.0143
2010-07-21,48.52,49.22,49.89,48.52,1417.0,星期三,-0.0076,0.0144
2010-07-20,48.98,48.89,49.36,48.18,2332.0,星期二,0.0139,-0.0018
2010-07-19,47.05,48.31,48.8,47.05,1258.0,星期一,-0.0239,0.0268
2010-07-16,47.1,48.2,48.95,47.1,2557.0,星期五,-0.0228,0.0234
2010-07-15,50.29,48.2,50.37,48.0,2266.0,星期四,-0.0046,-0.0416
2010-07-14,48.24,50.52,50.8,48.0,4417.0,星期三,0.0048,0.0473
2010-07-13,49.0,48.01,49.5,47.7,1540.0,星期二,-0.0101,-0.0202
2010-07-12,50.64,49.5,50.89,49.4,3566.0,星期一,0.0,-0.0225
2010-07-09,50.5,50.64,51.19,49.31,2269.0,星期五,-0.0055,0.0028
2010-07-08,46.92,50.78,50.96,46.92,5917.0,星期四,0.0,0.0823
2010-07-07,47.0,46.92,47.0,46.35,681.0,星期三,0.003,-0.0017
2010-07-06,46.49,46.86,47.27,46.37,936.0,星期二,0.0,0.008
2010-07-05,47.18,46.49,49.55,45.8,2693.0,星期一,0.0077,-0.0146
2010-07-02,49.49,46.82,49.58,45.5,4742.0,星期五,0.0187,-0.054
2010-07-01,49.0,48.58,49.41,48.14,874.0,星期四,-0.0083,-0.0086
2010-06-30,48.53,49.41,49.8,48.28,2324.0,星期三,-0.0196,0.0181
2010-06-29,49.46,49.5,50.2,46.0,5620.0,星期二,0.0094,0.0008
2010-06-28,50.85,49.0,50.89,48.5,2478.0,星期一,0.0134,-0.0364
2010-06-25,51.55,50.18,51.55,50.0,499.0,星期五,0.001,-0.0266
2010-06-24,50.75,51.5,51.5,50.0,2971.0,星期四,0.0097,0.0148
2010-06-23,49.67,50.26,50.69,49.57,2622.0,星期三,-0.0137,0.0119
2010-06-22,50.4,50.36,50.8,50.0,1158.0,星期二,0.002,-0.0008
2010-06-21,50.01,50.3,50.99,49.9,1873.0,星期一,0.0,0.0058
2010-06-18,50.84,50.01,50.84,48.0,2977.0,星期五,-0.0012,-0.0163
2010-06-17,53.5,50.9,53.5,50.52,1499.0,星期四,0.0066,-0.0486
2010-06-11,53.29,53.15,54.36,53.05,1710.0,星期五,-0.0006,-0.0026
2010-06-10,51.65,53.32,54.31,51.0,1888.0,星期四,-0.0086,0.0323
2010-06-09,51.16,52.1,52.99,51.16,2816.0,星期三,0.0027,0.0184
2010-06-08,50.65,51.02,51.02,49.96,1535.0,星期二,0.0074,0.0073
2010-06-07,49.63,50.28,51.48,49.09,2052.0,星期一,-0.0131,0.0131
2010-06-04,51.5,50.29,51.5,50.13,2136.0,星期五,0.0112,-0.0235
2010-06-03,51.35,50.93,51.74,50.68,2380.0,星期四,0.0004,-0.0082
2010-06-02,51.58,51.33,52.9,50.0,1901.0,星期三,-0.0104,-0.0048
2010-06-01,54.31,52.12,54.31,51.82,1506.0,星期二,0.0,-0.0403
2010-05-31,53.51,54.31,55.44,53.29,2336.0,星期一,0.0004,0.015
2010-05-28,53.15,53.49,56.99,53.0,2593.0,星期五,-0.0039,0.0064
2010-05-27,53.47,53.36,53.5,52.38,1401.0,星期四,0.007,-0.0021
2010-05-26,52.98,53.1,53.49,52.61,1284.0,星期三,-0.0019,0.0023
2010-05-25,53.85,53.08,54.19,52.18,2159.0,星期二,0.0013,-0.0143
2010-05-24,52.91,53.78,53.8,51.51,2328.0,星期一,0.0177,0.0164
2010-05-21,51.8,51.99,52.0,50.5,1314.0,星期五,-0.0058,0.0037
2010-05-20,51.98,52.1,52.4,50.36,2033.0,星期四,-0.009,0.0023
2010-05-19,50.88,52.45,54.0,50.88,2740.0,星期三,0.0,0.0309
2010-05-18,50.07,50.88,50.91,48.0,1662.0,星期二,0.0091,0.0162
2010-05-17,51.99,49.62,51.99,49.5,2393.0,星期一,-0.005,-0.0456
2010-05-14,52.86,52.25,54.0,51.8,1852.0,星期五,-0.0002,-0.0115
2010-05-13,48.44,52.87,53.0,48.0,5358.0,星期四,-0.0014,0.0915
2010-05-12,49.99,48.51,51.0,47.36,3820.0,星期三,-0.0121,-0.0296
2010-05-11,51.95,50.6,52.33,50.58,1640.0,星期二,0.0,-0.026
2010-05-10,53.3,51.95,53.98,51.36,1556.0,星期一,0.0,-0.0253
2010-05-07,52.3,53.3,54.0,51.1,1058.0,星期五,-0.0219,0.0191
2010-05-06,55.48,53.47,55.6,53.05,1097.0,星期四,0.0058,-0.0362
2010-05-05,54.76,55.16,55.2,53.65,1378.0,星期三,0.0096,0.0073
2010-05-04,52.95,54.24,54.44,52.0,1125.0,星期二,-0.0066,0.0244
2010-04-30,52.1,53.3,54.0,50.0,5463.0,星期五,-0.0207,0.023
2010-04-29,56.49,53.2,57.31,53.01,4031.0,星期四,0.0034,-0.0582
2010-04-28,53.0,56.3,57.79,53.0,4237.0,星期三,-0.0399,0.0623
2010-04-27,57.25,55.2,57.8,53.0,7917.0,星期二,-0.0005,-0.0358
2010-04-26,57.6,57.28,58.58,57.17,2023.0,星期一,-0.0048,-0.0056
2010-04-23,60.4,57.88,60.4,57.43,3139.0,星期五,0.007,-0.0417
2010-04-22,59.0,59.98,60.28,57.12,9122.0,星期四,-0.0066,0.0166
2010-04-21,56.96,59.39,59.8,56.5,6148.0,星期三,0.0002,0.0427
2010-04-20,52.59,56.95,56.99,52.15,7538.0,星期二,0.0,0.0829
2010-04-19,53.37,52.59,54.5,52.52,2998.0,星期一,-0.0157,-0.0146
2010-04-16,53.0,54.22,55.04,53.0,2542.0,星期五,-0.0185,0.023
2010-04-15,55.51,54.0,56.28,53.51,4560.0,星期四,0.0002,-0.0272
2010-04-14,55.1,55.5,55.5,53.45,3021.0,星期三,0.0092,0.0073
2010-04-13,53.38,54.6,56.8,53.38,10671.0,星期二,-0.0037,0.0229
2010-04-12,51.97,53.58,53.95,50.72,10921.0,星期一,0.0127,0.031
2010-04-09,47.83,51.32,51.49,47.83,10391.0,星期五,-0.0103,0.073
2010-04-08,47.77,48.33,48.66,47.77,2413.0,星期四,-0.0112,0.0117
2010-04-07,47.41,48.31,48.4,46.87,2022.0,星期三,-0.0061,0.019
2010-04-06,48.0,47.7,48.9,46.86,2558.0,星期二,-0.0093,-0.0062
2010-04-02,49.01,48.45,50.4,47.69,7722.0,星期五,-0.0085,-0.0114
2010-04-01,47.93,49.43,49.79,47.54,8070.0,星期四,0.0002,0.0313
2010-03-31,47.0,47.92,48.0,46.5,7244.0,星期三,-0.0015,0.0196
2010-03-30,47.35,47.07,47.35,46.68,3868.0,星期二,0.0074,-0.0059
2010-03-29,46.01,47.0,47.11,46.01,2724.0,星期一,-0.0124,0.0215
2010-03-25,46.7,46.59,46.75,46.21,2746.0,星期四,-0.0043,-0.0024
2010-03-24,46.7,46.9,47.28,46.29,3856.0,星期三,0.0024,0.0043
2010-03-23,45.49,46.59,46.98,45.21,8260.0,星期二,0.0062,0.0242
2010-03-22,45.07,45.21,45.5,45.0,1039.0,星期一,-0.0007,0.0031
2010-03-19,44.91,45.1,45.65,44.5,3472.0,星期五,0.0002,0.0042
2010-03-18,45.87,44.9,45.87,44.9,1874.0,星期四,0.0086,-0.0211
2010-03-17,45.02,45.48,45.97,44.92,4213.0,星期三,-0.004,0.0102
2010-03-16,44.97,45.2,45.6,44.9,3378.0,星期二,-0.0046,0.0051
2010-03-15,44.16,45.18,45.28,44.11,10885.0,星期一,-0.0247,0.0231
2010-03-12,45.81,45.28,45.92,44.79,4485.0,星期五,0.0,-0.0116
2010-03-11,45.78,45.81,46.92,45.36,6567.0,星期四,0.0033,0.0007
2010-03-10,45.0,45.63,45.79,45.0,5224.0,星期三,0.0,0.014
2010-03-09,44.1,45.0,45.47,44.1,2273.0,星期二,-0.0154,0.0204
2010-03-08,43.51,44.79,45.29,43.51,8523.0,星期一,-0.0439,0.0294
2010-03-05,45.12,45.51,45.76,44.67,4023.0,星期五,0.0,0.0086
2010-03-04,46.7,45.12,46.7,45.0,5987.0,星期四,0.0,-0.0338
2010-03-03,46.1,46.7,46.7,44.81,9969.0,星期三,-0.0075,0.013
2010-03-02,47.25,46.45,47.48,46.25,4053.0,星期二,0.0015,-0.0169
2010-03-01,46.8,47.18,47.4,46.5,10177.0,星期一,-0.004,0.0081
2010-02-26,46.81,46.99,47.2,46.68,3004.0,星期五,-0.0034,0.0038
2010-02-25,46.6,46.97,47.44,46.45,4060.0,星期四,0.0002,0.0079
2010-02-24,45.5,46.59,46.99,45.5,2400.0,星期三,-0.0087,0.024
2010-02-23,45.83,45.9,46.62,45.76,4394.0,星期二,-0.0172,0.0015
2010-02-22,47.54,46.63,47.54,46.6,1975.0,星期一,-0.0011,-0.0191
2010-02-12,46.8,47.59,47.7,46.8,2572.0,星期五,0.0,0.0169
2010-02-11,49.0,46.8,49.0,46.8,1282.0,星期四,0.0448,-0.0449
2010-02-10,47.35,46.9,47.35,46.66,2649.0,星期三,0.0036,-0.0095
2010-02-09,46.17,47.18,47.19,45.6,3571.0,星期二,0.0,0.0219
2010-02-08,45.22,46.17,46.37,45.2,2242.0,星期一,-0.0086,0.021
2010-02-05,45.01,45.61,46.25,45.01,4502.0,星期五,-0.0183,0.0133
2010-02-04,45.3,45.85,46.3,43.9,4545.0,星期四,0.0155,0.0121
2010-02-03,45.56,44.61,45.86,43.1,7381.0,星期三,0.014,-0.0209
2010-02-02,45.98,44.93,47.15,44.91,6814.0,星期二,0.0173,-0.0228
2010-02-01,46.03,45.2,46.03,44.53,5086.0,星期一,0.0,-0.018
2010-01-29,44.16,46.03,46.8,44.16,3271.0,星期五,-0.0121,0.0423
2010-01-28,43.6,44.7,45.0,43.6,4427.0,星期四,-0.0158,0.0252
2010-01-27,45.0,44.3,45.1,43.1,5445.0,星期三,-0.0024,-0.0156
2010-01-26,45.03,45.11,45.98,45.0,3676.0,星期二,-0.0168,0.0018
2010-01-25,46.2,45.8,46.98,45.0,7846.0,星期一,-0.017,-0.0087
2010-01-21,47.01,47.0,47.67,46.06,5160.0,星期四,-0.0141,-0.0002
2010-01-20,47.2,47.68,47.7,46.8,6503.0,星期三,-0.0032,0.0102
2010-01-19,48.34,47.35,48.34,46.89,11396.0,星期二,-0.0033,-0.0205
2010-01-18,49.0,48.5,49.13,47.41,6873.0,星期一,0.0041,-0.0102
2010-01-15,44.68,48.8,49.13,44.66,29021.0,星期五,0.0004,0.0922
2010-01-14,43.35,44.66,44.8,43.35,7654.0,星期四,-0.008,0.0302
2010-01-13,42.71,43.7,43.94,42.71,4613.0,星期三,-0.0315,0.0232
2010-01-12,44.58,44.1,44.58,43.51,9473.0,星期二,0.0113,-0.0108
2010-01-11,41.81,44.08,44.45,41.81,13975.0,星期一,-0.0118,0.0543
2010-01-08,43.0,42.31,43.23,42.01,3497.0,星期五,0.0026,-0.016
2010-01-07,42.12,42.89,44.1,42.12,6595.0,星期四,-0.0207,0.0183
2010-01-06,43.55,43.01,43.58,43.0,7655.0,星期三,-0.0016,-0.0124
2010-01-05,43.97,43.62,43.97,43.53,5906.0,星期二,0.0039,-0.008
2010-01-04,44.5,43.8,44.5,43.6,7892.0,星期一,0.005,-0.0157
2009-12-31,42.54,44.28,44.69,42.53,14340.0,星期四,-0.0194,0.0409
2009-12-30,40.4,43.38,43.84,40.4,24569.0,星期三,-0.0052,0.0738
2009-12-29,40.88,40.61,41.49,40.5,12106.0,星期二,0.002,-0.0066
2009-12-28,41.0,40.8,41.0,40.4,7325.0,星期一,0.0042,-0.0049
2009-12-25,40.99,40.83,41.5,40.45,5588.0,星期五,0.0015,-0.0039
2009-12-24,40.7,40.93,41.48,39.8,6443.0,星期四,0.0025,0.0057
2009-12-23,38.4,40.6,40.65,38.22,9791.0,星期三,0.0,0.0573
2009-12-22,37.8,38.4,39.45,37.7,13618.0,星期二,0.0011,0.0159
2009-12-21,37.02,37.76,37.95,36.5,12001.0,星期一,0.0,0.02
2009-12-18,38.9,37.02,39.45,36.9,7688.0,星期五,-0.0102,-0.0483
2009-12-17,40.9,39.3,40.95,39.22,7762.0,星期四,-0.0012,-0.0391
2009-12-16,40.2,40.95,41.48,40.2,10791.0,星期三,-0.0164,0.0187
2009-12-15,39.5,40.87,40.87,39.5,8706.0,星期二,-0.007,0.0347
2009-12-14,39.5,39.78,41.0,39.37,8990.0,星期一,-0.0068,0.0071
2009-12-11,39.89,39.77,40.2,39.12,11196.0,星期五,0.0073,-0.003
2009-12-10,38.5,39.6,40.2,38.4,5069.0,星期四,-0.0123,0.0286
2009-12-09,39.28,38.98,39.86,38.67,5331.0,星期三,-0.0165,-0.0076
2009-12-08,39.5,39.94,40.5,38.6,8546.0,星期二,0.0,0.0111
2009-12-07,39.81,39.5,40.1,39.0,6834.0,星期一,-0.0023,-0.0078
2009-12-04,41.01,39.9,41.5,39.5,13464.0,星期五,-0.0036,-0.0271
2009-12-03,41.2,41.16,41.68,40.8,9894.0,星期四,-0.0024,-0.001
2009-12-02,40.85,41.3,42.0,40.21,11626.0,星期三,-0.0012,0.011
2009-12-01,40.66,40.9,41.49,40.0,13473.0,星期二,-0.0022,0.0059
2009-11-30,38.68,40.75,41.5,38.66,17263.0,星期一,-0.0158,0.0535
2009-11-27,40.9,39.3,42.88,38.5,22198.0,星期五,-0.0034,-0.0391
2009-11-26,37.2,41.04,41.04,36.81,29064.0,星期四,-0.0029,0.1032
2009-11-25,36.0,37.31,37.49,35.5,10256.0,星期三,0.0,0.0364
2009-11-24,37.59,36.0,38.1,36.0,11323.0,星期二,-0.0013,-0.0423
2009-11-23,37.0,37.64,37.66,36.83,7504.0,星期一,-0.007,0.0173
2009-11-20,36.88,37.26,37.3,36.56,15827.0,星期五,0.0,0.0103
2009-11-19,37.3,36.88,37.48,36.72,12546.0,星期四,-0.0003,-0.0113
2009-11-18,37.2,37.31,37.88,36.61,7644.0,星期三,-0.0045,0.003
2009-11-17,36.88,37.37,37.52,36.5,7243.0,星期二,-0.0121,0.0133
2009-11-16,36.68,37.33,37.95,36.5,13332.0,星期一,-0.0003,0.0177
2009-11-13,36.37,36.69,36.8,36.01,6697.0,星期五,0.0003,0.0088
2009-11-12,35.61,36.36,36.99,35.61,8650.0,星期四,-0.0136,0.0211
2009-11-11,35.81,36.1,36.39,35.2,8841.0,星期三,-0.0102,0.0081
2009-11-10,36.6,36.18,36.95,36.1,6560.0,星期二,0.0,-0.0115
2009-11-09,35.71,36.6,36.7,35.71,7252.0,星期一,-0.0187,0.0249
2009-11-06,36.77,36.39,37.0,35.44,10643.0,星期五,0.0,-0.0103
2009-11-05,36.8,36.77,37.2,36.18,11979.0,星期四,0.0008,-0.0008
2009-11-04,36.01,36.77,37.5,35.62,14721.0,星期三,-0.0022,0.0211
2009-11-03,35.9,36.09,36.35,35.0,13530.0,星期二,-0.0072,0.0053
2009-11-02,34.25,36.16,36.48,33.6,20081.0,星期一,-0.0242,0.0558
2009-10-30,34.19,35.1,36.0,34.02,15294.0,星期五,-0.0058,0.0266
2009-10-29,33.89,34.39,34.44,32.33,11431.0,星期四,0.0068,0.0148
2009-10-28,33.16,33.66,34.24,33.11,13371.0,星期三,-0.016,0.0151
2009-10-27,34.6,33.7,35.22,33.67,19713.0,星期二,0.0,-0.026
2009-10-26,33.7,34.6,35.0,33.7,18345.0,星期一,0.0,0.0267
2009-10-23,34.48,33.7,35.0,33.6,14863.0,星期五,0.0023,-0.0226
2009-10-22,34.79,34.4,34.79,33.81,11902.0,星期四,-0.0003,-0.0112
2009-10-21,33.0,34.8,35.94,33.0,31386.0,星期三,0.0,0.0545
2009-10-20,34.5,33.0,34.98,32.51,34295.0,星期二,0.048,-0.0435
2009-10-19,30.8,32.92,32.92,30.71,12566.0,星期一,0.0291,0.0688
2009-10-16,29.31,29.93,30.38,29.02,24523.0,星期五,0.0051,0.0212
2009-10-15,28.9,29.16,29.2,28.61,18413.0,星期四,0.0028,0.009
2009-10-14,29.83,28.82,30.66,28.6,38631.0,星期三,-0.0043,-0.0339
2009-10-13,29.21,29.96,29.98,29.11,19623.0,星期二,-0.0188,0.0257
2009-10-12,30.85,29.77,30.98,29.0,40774.0,星期一,0.0161,-0.035
2009-10-09,30.36,30.36,30.36,28.05,78491.0,星期五,0.1,0.0
2009-09-07,26.21,27.6,28.35,26.21,73413.0,星期一,0.0151,0.053
2009-09-04,23.48,25.82,25.82,23.48,54744.0,星期五,0.0004,0.0997
2009-09-03,22.88,23.47,23.58,22.88,16180.0,星期四,0.0057,0.0258
2009-09-02,22.98,22.75,23.58,22.53,15765.0,星期三,0.0,-0.01
2009-09-01,23.89,22.98,24.3,22.47,20663.0,星期二,0.0,-0.0381
2009-08-31,24.5,23.89,24.5,23.0,36289.0,星期一,-0.0053,-0.0249
2009-08-28,24.65,24.63,25.1,24.01,44633.0,星期五,0.0037,-0.0008
2009-08-27,23.8,24.56,24.85,23.49,31676.0,星期四,0.0042,0.0319
2009-08-26,23.46,23.7,24.25,23.08,25090.0,星期三,0.0004,0.0102
2009-08-25,23.14,23.45,23.76,22.78,37096.0,星期二,0.0004,0.0134
2009-08-24,21.59,23.13,23.2,21.4,29313.0,星期一,-0.0005,0.0713
2009-08-21,21.1,21.6,21.75,20.84,18963.0,星期五,0.0033,0.0237
2009-08-20,20.42,21.03,21.1,20.22,16287.0,星期四,0.0029,0.0299
2009-08-19,21.26,20.36,21.68,20.03,18268.0,星期三,0.0271,-0.0423
2009-08-17,22.56,20.7,22.95,20.7,28347.0,星期一,-0.0191,-0.0824
2009-08-14,23.7,23.0,23.88,23.0,22548.0,星期五,0.0025,-0.0295
2009-08-13,22.51,23.64,23.86,22.51,27498.0,星期四,-0.0114,0.0502
2009-08-12,23.71,22.77,24.18,22.6,25465.0,星期三,-0.0013,-0.0396
2009-08-11,23.28,23.74,23.89,23.02,31381.0,星期二,0.0166,0.0198
2009-08-10,22.65,22.9,23.15,22.5,19386.0,星期一,0.0112,0.011
2009-08-07,23.2,22.4,23.58,22.2,24069.0,星期五,-0.006,-0.0345
2009-08-06,23.4,23.34,23.95,22.86,25132.0,星期四,-0.0072,-0.0026
2009-08-05,22.97,23.57,23.82,22.82,35599.0,星期三,0.0009,0.0261
2009-08-04,22.6,22.95,23.22,22.35,32310.0,星期二,0.0044,0.0155
2009-08-03,22.35,22.5,22.6,21.8,34628.0,星期一,-0.004,0.0067
2009-07-31,22.09,22.44,22.66,21.9,33013.0,星期五,0.0005,0.0158
2009-07-30,22.91,22.08,23.17,21.35,50479.0,星期四,-0.0112,-0.0362
2009-07-29,24.95,23.17,24.95,22.33,35141.0,星期三,0.0142,-0.0713
2009-07-28,24.22,24.6,24.88,23.8,32156.0,星期二,-0.0154,0.0157
2009-07-27,24.29,24.6,25.25,24.25,32175.0,星期一,0.0129,0.0128
2009-07-24,24.13,23.98,24.85,23.3,41767.0,星期五,0.0054,-0.0062
2009-07-23,23.12,24.0,24.9,23.11,40200.0,星期四,-0.0039,0.0381
2009-07-22,21.72,23.21,23.5,21.72,53158.0,星期三,0.0014,0.0686
2009-07-21,22.7,21.69,22.7,21.68,48848.0,星期二,-0.0066,-0.0445
2009-07-20,22.8,22.85,23.18,21.9,63368.0,星期一,0.0765,0.0022
2009-07-17,20.7,21.18,21.33,20.58,31931.0,星期五,0.0,0.0232
2009-07-16,21.35,20.7,21.38,20.6,30455.0,星期四,0.0033,-0.0304
2009-07-15,21.47,21.28,21.6,21.2,22127.0,星期三,0.0005,-0.0088
2009-07-14,21.22,21.46,21.63,21.22,17674.0,星期二,0.0019,0.0113
2009-07-13,21.18,21.18,21.74,21.04,23608.0,星期一,-0.0056,0.0
2009-07-10,21.8,21.3,22.26,21.1,36404.0,星期五,-0.0077,-0.0229
2009-07-09,20.51,21.97,22.04,20.51,42146.0,星期四,0.0069,0.0712
2009-07-08,20.31,20.37,20.88,20.22,25600.0,星期三,0.0005,0.003
2009-07-07,19.68,20.3,20.5,19.5,38485.0,星期二,0.0031,0.0315
2009-07-06,19.2,19.62,19.97,19.2,21122.0,星期一,0.0,0.0219
2009-07-03,19.15,19.2,19.28,19.0,9956.0,星期五,-0.0067,0.0026
2009-07-02,19.48,19.28,19.48,18.8,12693.0,星期四,0.0098,-0.0103
2009-07-01,19.11,19.29,19.38,19.11,8290.0,星期三,-0.0083,0.0094
2009-06-30,19.54,19.27,19.59,19.2,10169.0,星期二,0.0026,-0.0138
2009-06-29,19.7,19.49,19.94,19.46,16350.0,星期一,0.001,-0.0107
2009-06-26,19.3,19.68,19.82,19.26,18788.0,星期五,0.0057,0.0197
2009-06-25,19.4,19.19,19.4,19.1,8413.0,星期四,0.0131,-0.0108
2009-06-24,18.9,19.15,19.46,18.86,9280.0,星期三,-0.0026,0.0132
2009-06-23,19.0,18.95,19.18,18.76,11104.0,星期二,-0.0047,-0.0026
2009-06-22,20.0,19.09,20.0,19.0,18485.0,星期一,0.0111,-0.0455
2009-06-19,19.55,19.78,20.5,19.52,37190.0,星期五,0.0109,0.0118
2009-06-18,18.65,19.34,19.42,18.65,22948.0,星期四,-0.0064,0.037
2009-06-17,18.55,18.77,18.85,18.47,9624.0,星期三,-0.0011,0.0119
2009-06-16,18.6,18.57,18.6,18.4,11196.0,星期二,-0.008,-0.0016
2009-06-15,18.85,18.75,19.1,18.44,9244.0,星期一,-0.0042,-0.0053
2009-06-12,19.08,18.93,19.47,18.9,19798.0,星期五,0.0005,-0.0079
2009-06-11,18.71,19.07,19.19,18.7,17975.0,星期四,-0.0011,0.0192
2009-06-10,18.69,18.73,18.76,18.4,10069.0,星期三,0.0103,0.0021
2009-06-09,18.8,18.5,18.82,18.3,10499.0,星期二,-0.0016,-0.016
2009-06-08,18.86,18.83,19.11,18.72,10302.0,星期一,0.0037,-0.0016
2009-06-05,18.39,18.79,19.0,18.39,14503.0,星期五,0.0005,0.0218
2009-06-04,18.95,18.38,19.26,18.25,27774.0,星期四,-0.0042,-0.0301
2009-06-03,19.49,19.03,19.49,18.99,17572.0,星期三,-0.0026,-0.0236
2009-06-02,19.4,19.54,19.68,19.25,8797.0,星期二,0.0026,0.0072
2009-06-01,19.18,19.35,19.49,18.8,8994.0,星期一,0.0105,0.0089
2009-05-27,19.02,18.98,19.19,18.8,7352.0,星期三,-0.0005,-0.0021
2009-05-26,18.92,19.03,19.2,18.9,10451.0,星期二,-0.0058,0.0058
2009-05-25,19.29,19.03,19.29,18.4,15908.0,星期一,-0.0153,-0.0135
2009-05-22,20.29,19.59,20.29,19.55,11693.0,星期五,-0.0078,-0.0345
2009-05-21,20.36,20.45,20.81,20.1,12204.0,星期四,-0.0024,0.0044
2009-05-20,21.0,20.41,21.0,20.3,17099.0,星期三,0.0024,-0.0281
2009-05-19,21.18,20.95,21.68,20.75,21185.0,星期二,-0.0005,-0.0109
2009-05-18,21.2,21.19,22.15,20.76,33113.0,星期一,-0.0293,-0.0005
2009-05-15,20.1,21.84,21.9,20.1,56635.0,星期五,0.008,0.0866
2009-05-14,19.76,19.94,20.02,19.58,13961.0,星期四,0.0015,0.0091
2009-05-13,19.68,19.73,19.8,19.36,14018.0,星期三,0.0082,0.0025
2009-05-12,19.37,19.52,19.56,19.18,10312.0,星期二,-0.001,0.0077
2009-05-11,20.0,19.39,20.15,19.3,18383.0,星期一,0.0096,-0.0305
2009-05-08,20.0,19.81,20.4,19.7,16333.0,星期五,-0.001,-0.0095
2009-05-06,20.37,20.02,20.37,19.84,25175.0,星期三,-0.001,-0.0172
2009-05-05,20.55,20.39,20.92,20.1,21571.0,星期二,-0.0005,-0.0078
2009-05-04,20.3,20.56,20.99,20.18,34825.0,星期一,0.0035,0.0128
2009-04-30,19.67,20.23,20.5,19.56,33748.0,星期四,0.0005,0.0285
2009-04-29,20.2,19.66,20.35,19.36,26837.0,星期三,0.0,-0.0267
2009-04-28,18.86,20.2,20.2,18.86,33882.0,星期二,0.0032,0.071
2009-04-27,19.15,18.8,19.58,18.8,16599.0,星期一,0.0,-0.0183
2009-04-24,19.15,19.15,19.72,18.9,17668.0,星期五,0.0132,0.0
2009-04-23,19.0,18.9,19.1,18.6,8781.0,星期四,-0.0052,-0.0053
2009-04-22,19.53,19.1,20.3,18.9,26881.0,星期三,0.0005,-0.022
2009-04-21,19.39,19.52,19.55,19.19,10970.0,星期二,-0.0005,0.0067
2009-04-20,19.1,19.4,19.4,19.0,12445.0,星期一,-0.0052,0.0157
2009-04-17,19.81,19.2,19.98,19.18,16133.0,星期五,0.0005,-0.0308
2009-04-16,19.95,19.8,20.19,19.52,26768.0,星期四,-0.0148,-0.0075
2009-04-15,19.28,20.25,20.4,18.85,30455.0,星期三,0.0016,0.0503
2009-04-14,19.7,19.25,19.7,18.8,23369.0,星期二,0.0025,-0.0228
2009-04-13,19.6,19.65,19.98,19.5,14611.0,星期一,0.0,0.0026
2009-04-10,19.2,19.6,19.79,19.0,17079.0,星期五,-0.0118,0.0208
2009-04-09,19.0,19.43,19.5,18.33,14819.0,星期四,0.0101,0.0226
2009-04-08,19.9,18.81,20.2,18.8,16487.0,星期三,0.0,-0.0548
2009-04-07,20.6,19.9,21.2,19.68,23671.0,星期二,0.0098,-0.034
2009-04-03,21.21,20.4,21.55,20.21,16866.0,星期五,0.0,-0.0382
2009-04-02,21.1,21.21,21.7,20.83,17070.0,星期四,0.0024,0.0052
2009-04-01,21.5,21.05,21.6,20.8,15469.0,星期三,0.0028,-0.0209
2009-03-31,21.14,21.44,21.98,20.4,29016.0,星期二,0.0014,0.0142
2009-03-30,19.48,21.11,21.11,19.23,33023.0,星期一,0.0151,0.0837
2009-03-27,19.0,19.19,19.68,18.93,17782.0,星期五,0.0074,0.01
2009-03-26,18.73,18.86,19.09,18.51,8268.0,星期四,-0.0037,0.0069
2009-03-25,18.89,18.8,19.24,18.7,13595.0,星期三,-0.0037,-0.0048
2009-03-24,18.81,18.96,19.25,18.42,17851.0,星期二,0.0005,0.008
2009-03-23,18.53,18.8,18.8,18.3,13531.0,星期一,-0.0101,0.0146
2009-03-20,19.33,18.72,19.38,18.0,25560.0,星期五,0.0026,-0.0316
2009-03-19,19.88,19.28,19.9,19.17,13063.0,星期四,0.0179,-0.0302
2009-03-18,19.78,19.53,20.1,19.41,15164.0,星期三,0.0097,-0.0126
2009-03-17,18.86,19.59,19.92,18.66,16122.0,星期二,-0.0026,0.0387
2009-03-16,19.19,18.91,19.2,18.75,8421.0,星期一,0.01,-0.0146
2009-03-13,19.18,19.0,19.3,18.68,12357.0,星期五,-0.0005,-0.0094
2009-03-12,18.58,19.19,19.28,18.32,12179.0,星期四,-0.0011,0.0328
2009-03-11,18.61,18.6,19.33,18.4,14549.0,星期三,0.0092,-0.0005
2009-03-10,17.8,18.44,18.55,17.8,14543.0,星期二,0.0,0.036
2009-03-09,17.94,17.8,18.56,17.68,8422.0,星期一,-0.005,-0.0078
2009-03-06,18.65,18.03,18.65,17.5,12807.0,星期五,-0.008,-0.0332
2009-03-05,19.49,18.8,19.49,18.32,25469.0,星期四,0.0125,-0.0354
2009-03-04,18.5,19.25,19.4,18.31,23247.0,星期三,0.0054,0.0405
2009-03-03,17.14,18.4,18.88,17.02,23440.0,星期二,-0.0206,0.0735
2009-03-02,17.1,17.5,17.99,17.0,17749.0,星期一,0.0059,0.0234
2009-02-27,17.58,17.0,18.1,16.9,23907.0,星期五,-0.0201,-0.033
2009-02-26,19.13,17.94,20.09,17.5,29393.0,星期四,0.0,-0.0622
2009-02-25,19.01,19.13,19.55,18.59,21943.0,星期三,-0.0094,0.0063
2009-02-24,19.85,19.19,20.5,18.36,34840.0,星期二,-0.0164,-0.0332
2009-02-23,18.8,20.18,20.38,18.78,29211.0,星期一,-0.0152,0.0734
2009-02-20,19.88,19.09,19.9,18.0,50755.0,星期五,0.02,-0.0397
2009-02-19,18.05,19.49,19.49,18.03,60532.0,星期四,0.0017,0.0798
2009-02-18,16.52,18.02,18.28,16.51,59230.0,星期三,-0.0242,0.0908
2009-02-17,16.4,16.93,17.65,16.4,66623.0,星期二,0.0074,0.0323
2009-02-16,15.65,16.28,17.2,15.65,48018.0,星期一,0.0,0.0403
2009-02-13,14.31,15.65,15.82,14.28,47778.0,星期五,-0.0049,0.0936
2009-02-11,14.35,14.38,14.86,14.26,29819.0,星期三,-0.0191,0.0021
2009-02-10,14.62,14.63,14.72,14.25,24769.0,星期二,-0.0061,0.0007
2009-02-09,14.06,14.71,14.77,13.77,50165.0,星期一,0.0057,0.0462
2009-02-06,13.52,13.98,14.05,13.46,31556.0,星期五,-0.0007,0.034
2009-02-05,13.92,13.53,14.14,13.41,19190.0,星期四,-0.0007,-0.028
2009-02-04,13.95,13.93,13.96,13.62,18921.0,星期三,0.0036,-0.0014
2009-02-03,13.54,13.9,13.9,13.48,18422.0,星期二,-0.0073,0.0266
2009-02-02,13.45,13.64,13.68,13.28,15328.0,星期一,0.0045,0.0141
2009-01-23,13.59,13.39,13.7,13.2,15373.0,星期五,0.0067,-0.0147
2009-01-22,13.58,13.5,13.85,13.4,24775.0,星期四,0.0226,-0.0059
2009-01-21,13.21,13.28,13.59,13.17,15453.0,星期三,-0.0097,0.0053
2009-01-20,12.82,13.34,13.35,12.82,11067.0,星期二,-0.0123,0.0406
2009-01-19,13.26,12.98,13.34,12.9,13145.0,星期一,0.0038,-0.0211
2009-01-16,13.55,13.21,13.65,13.2,22360.0,星期五,0.0037,-0.0251
2009-01-15,13.16,13.5,13.68,12.95,24907.0,星期四,0.0,0.0258
2009-01-14,12.5,13.16,13.22,12.5,21077.0,星期三,-0.0196,0.0528
2009-01-13,13.0,12.75,13.29,12.68,25810.0,星期二,-0.0233,-0.0192
2009-01-12,13.66,13.31,14.18,13.15,38828.0,星期一,0.0007,-0.0256
2009-01-09,12.85,13.65,13.66,12.85,26865.0,星期五,-0.0085,0.0623
2009-01-08,12.8,12.96,13.45,12.8,22943.0,星期四,-0.031,0.0125
2009-01-07,13.36,13.21,13.72,13.01,36700.0,星期三,-0.0022,-0.0112
2009-01-06,13.35,13.39,13.78,12.85,42482.0,星期二,-0.0015,0.003
2009-01-05,13.5,13.37,13.69,12.8,37205.0,星期一,0.0282,-0.0096
2008-12-31,12.62,13.13,13.5,12.35,47345.0,星期三,-0.0079,0.0404
2008-12-30,11.89,12.72,12.96,11.68,51521.0,星期二,0.0093,0.0698
2008-12-29,12.0,11.78,12.22,11.09,28220.0,星期一,-0.0041,-0.0183
2008-12-26,11.71,12.05,12.79,11.7,50248.0,星期五,-0.0034,0.029
2008-12-25,11.12,11.75,11.76,11.04,34208.0,星期四,-0.0027,0.0567
2008-12-24,10.8,11.15,11.3,10.75,19409.0,星期三,-0.0055,0.0324
2008-12-23,11.9,10.86,11.9,10.82,30220.0,星期二,-0.0025,-0.0874
2008-12-22,11.82,11.93,12.09,11.59,31361.0,星期一,0.0068,0.0093
2008-12-19,11.43,11.74,12.1,11.4,31426.0,星期五,0.0018,0.0271
2008-12-18,11.29,11.41,11.7,11.14,21631.0,星期四,-0.0018,0.0106
2008-12-17,11.17,11.31,11.88,11.0,36081.0,星期三,0.0081,0.0125
2008-12-16,10.4,11.08,11.17,10.1,18132.0,星期二,0.0029,0.0654
2008-12-15,10.28,10.37,10.4,10.0,10246.0,星期一,0.0209,0.0088
2008-12-12,10.52,10.07,10.63,9.96,16638.0,星期五,-0.0122,-0.0428
2008-12-11,11.0,10.65,11.33,10.65,14906.0,星期四,-0.0117,-0.0318
2008-12-10,10.79,11.13,11.23,10.6,15314.0,星期三,-0.0046,0.0315
2008-12-09,11.38,10.84,11.38,10.78,16624.0,星期二,0.0071,-0.0475
2008-12-08,11.25,11.3,11.55,11.0,29505.0,星期一,0.0108,0.0044
2008-12-05,10.5,11.13,11.2,10.43,20269.0,星期五,-0.0057,0.06
2008-12-04,10.53,10.56,11.15,10.4,30765.0,星期四,0.0,0.0028
2008-12-03,10.26,10.53,10.78,10.26,25694.0,星期三,0.0118,0.0263
2008-12-02,9.61,10.14,10.3,9.58,21440.0,星期二,-0.0224,0.0552
2008-12-01,9.15,9.83,9.9,9.15,15959.0,星期一,0.0011,0.0743
2008-11-28,9.19,9.14,9.38,9.05,7451.0,星期五,0.0066,-0.0054
2008-11-27,9.6,9.13,9.8,9.11,12231.0,星期四,0.0667,-0.049
2008-11-26,9.08,9.0,9.38,9.0,7155.0,星期三,-0.0152,-0.0088
2008-11-25,9.78,9.22,9.88,9.02,13470.0,星期二,0.0145,-0.0573
2008-11-24,9.79,9.64,10.29,9.61,17073.0,星期一,0.0,-0.0153
2008-11-21,9.99,9.79,10.2,9.38,18324.0,星期五,-0.0138,-0.02
2008-11-20,9.55,10.13,10.5,9.4,25637.0,星期四,-0.0225,0.0607
2008-11-19,8.83,9.77,9.78,8.83,20169.0,星期三,-0.009,0.1065
2008-11-18,9.9,8.91,9.98,8.91,22345.0,星期二,0.0,-0.1
2008-11-17,9.68,9.9,9.97,9.51,20296.0,星期一,0.0041,0.0227
2008-11-14,9.03,9.64,9.69,8.95,19738.0,星期五,0.0,0.0676
2008-11-13,8.4,9.03,9.23,8.31,17119.0,星期四,-0.0036,0.075
2008-11-12,8.16,8.43,8.45,8.16,5210.0,星期三,-0.0204,0.0331
2008-11-11,8.55,8.33,8.55,8.26,6982.0,星期二,0.0179,-0.0257
2008-11-10,8.1,8.4,8.5,8.1,8539.0,星期一,0.0253,0.037
2008-11-07,7.69,7.9,7.93,7.69,1863.0,星期五,-0.0128,0.0273
2008-11-06,7.98,7.79,7.98,7.77,1998.0,星期四,-0.005,-0.0238
2008-11-05,7.81,8.02,8.1,7.81,4161.0,星期三,-0.0064,0.0269
2008-11-04,7.51,7.86,7.99,7.51,4110.0,星期二,-0.0131,0.0466
2008-11-03,7.95,7.61,7.95,7.56,3339.0,星期一,0.0038,-0.0428
2008-10-31,8.39,7.92,8.39,7.79,5482.0,星期五,0.0012,-0.056
2008-10-30,8.29,8.38,8.49,8.29,5664.0,星期四,-0.0024,0.0109
2008-10-29,8.12,8.31,8.65,8.02,17021.0,星期三,0.0,0.0234
2008-10-28,7.74,8.12,8.2,7.6,4368.0,星期二,-0.0203,0.0491
2008-10-27,8.0,7.9,8.38,7.81,3595.0,星期一,-0.0136,-0.0125
2008-10-24,8.19,8.11,8.19,8.02,2405.0,星期五,0.0187,-0.0098
2008-10-23,7.99,8.04,8.05,7.81,2485.0,星期四,-0.0012,0.0063
2008-10-22,8.14,8.0,8.2,7.96,3614.0,星期三,-0.0025,-0.0172
2008-10-21,8.14,8.16,8.3,8.11,5192.0,星期二,0.0,0.0025
2008-10-20,7.94,8.14,8.16,7.8,4273.0,星期一,0.0,0.0252
2008-10-17,7.7,7.94,8.01,7.7,5292.0,星期五,0.0,0.0312
2008-10-16,7.88,7.7,8.08,7.66,3988.0,星期四,-0.046,-0.0228
2008-10-15,8.08,8.26,8.53,8.01,7954.0,星期三,-0.0062,0.0223
2008-10-14,8.51,8.13,8.78,8.11,5071.0,星期二,0.0131,-0.0447
2008-10-13,8.35,8.4,8.4,7.81,3679.0,星期一,-0.0036,0.006
2008-10-10,8.28,8.38,8.5,8.28,4938.0,星期五,-0.0483,0.0121
2008-10-09,8.99,8.7,8.99,8.7,3495.0,星期四,0.049,-0.0323
2008-10-08,8.86,8.57,8.99,8.55,3383.0,星期三,-0.0156,-0.0327
2008-10-07,8.5,9.0,9.22,8.42,6157.0,星期二,-0.0341,0.0588
2008-10-06,9.14,8.8,9.14,8.8,4164.0,星期一,-0.0172,-0.0372
2008-09-26,9.5,9.3,9.65,9.14,7143.0,星期五,-0.0084,-0.0211
2008-09-25,9.46,9.58,9.68,9.4,9520.0,星期四,0.0011,0.0127
2008-09-24,9.2,9.45,9.5,9.05,5902.0,星期三,0.0143,0.0272
2008-09-23,9.38,9.07,9.38,9.0,10095.0,星期二,-0.026,-0.033
2008-09-22,9.98,9.63,10.15,9.23,17065.0,星期一,0.0813,-0.0351
2008-09-19,9.2,9.23,9.23,9.0,11666.0,星期五,0.0965,0.0033
2008-09-17,8.3,8.39,8.55,8.28,5301.0,星期三,-0.0084,0.0108
2008-09-16,8.46,8.37,8.49,8.25,5871.0,星期二,0.0144,-0.0106
2008-09-12,8.31,8.34,8.48,8.27,3115.0,星期五,0.0012,0.0036
2008-09-11,8.28,8.3,8.49,8.21,4746.0,星期四,0.0,0.0024
2008-09-10,8.17,8.28,8.5,8.04,3606.0,星期三,0.0025,0.0135
2008-09-09,8.13,8.15,8.28,8.06,2671.0,星期二,0.0,0.0025
2008-09-08,8.73,8.13,8.73,8.05,3913.0,星期一,0.0116,-0.0687
2008-09-05,8.75,8.63,8.8,8.61,4619.0,星期五,-0.0278,-0.0137
2008-09-04,8.78,9.0,9.15,8.74,5647.0,星期四,-0.0023,0.0251
2008-09-03,8.76,8.8,8.86,8.58,4778.0,星期三,0.0104,0.0046
2008-09-02,8.6,8.67,8.9,8.5,4921.0,星期二,0.0023,0.0081
2008-09-01,8.89,8.58,8.89,8.56,4612.0,星期一,-0.0011,-0.0349
2008-08-29,8.7,8.9,8.96,8.64,5933.0,星期五,0.0116,0.023
2008-08-28,8.55,8.6,8.68,8.35,4181.0,星期四,0.0106,0.0058
2008-08-27,8.46,8.46,8.72,8.28,4215.0,星期三,-0.007,0.0
2008-08-26,9.0,8.52,9.16,8.4,7764.0,星期二,-0.0196,-0.0533
2008-08-25,9.21,9.18,9.47,9.09,4724.0,星期一,-0.016,-0.0033
2008-08-22,9.4,9.36,9.68,9.0,9034.0,星期五,-0.0562,-0.0043
2008-08-20,9.0,9.96,9.96,8.66,10904.0,星期三,-0.011,0.1067
2008-08-19,8.92,9.1,9.18,8.92,5621.0,星期二,-0.0155,0.0202
2008-08-18,10.1,9.06,10.25,9.06,8368.0,星期一,0.003,-0.103
2008-08-15,10.06,10.07,10.28,9.92,6501.0,星期五,-0.003,0.001
2008-08-14,10.1,10.09,10.17,9.91,4712.0,星期四,0.008,-0.001
2008-08-13,10.0,10.02,10.18,9.56,6710.0,星期三,0.0,0.002
2008-08-12,10.2,10.0,10.25,9.78,6828.0,星期二,0.0,-0.0196
2008-08-11,11.16,10.2,11.45,10.2,11094.0,星期一,-0.015,-0.086
2008-08-08,12.52,11.33,12.52,11.25,9311.0,星期五,0.0016,-0.095
2008-08-07,12.39,12.5,12.7,12.3,11252.0,星期四,0.0032,0.0089
2008-08-06,12.22,12.35,12.42,11.62,13024.0,星期三,0.0033,0.0106
2008-08-05,13.39,12.18,13.39,12.11,14664.0,星期二,0.0037,-0.0904
2008-08-04,13.5,13.34,13.74,13.3,4773.0,星期一,-0.011,-0.0119
2008-08-01,13.45,13.65,13.73,13.25,8227.0,星期五,0.012,0.0149
2008-07-31,14.08,13.29,14.08,13.25,10708.0,星期四,0.0057,-0.0561
2008-07-30,14.36,14.0,14.75,13.88,9100.0,星期三,0.0007,-0.0251
2008-07-29,14.06,14.35,14.66,13.95,16006.0,星期二,-0.0119,0.0206
2008-07-28,14.2,14.23,14.32,13.95,12681.0,星期一,0.005,0.0021
2008-07-25,14.46,14.13,14.46,14.1,13926.0,星期五,0.0014,-0.0228
2008-07-24,14.36,14.44,14.8,14.21,28595.0,星期四,0.0007,0.0056
2008-07-23,13.81,14.35,15.1,13.45,45974.0,星期三,0.0,0.0391
2008-07-22,12.8,13.81,13.81,12.67,17760.0,星期二,0.0,0.0789
2008-07-21,12.25,12.8,12.82,12.12,11445.0,星期一,-0.0065,0.0449
2008-07-18,11.92,12.33,12.42,11.49,9746.0,星期五,-0.0058,0.0344
2008-07-17,12.08,11.99,12.7,11.92,15226.0,星期四,0.0229,-0.0075
2008-07-16,12.62,11.81,12.79,11.46,14918.0,星期三,-0.0079,-0.0642
2008-07-15,13.35,12.72,13.57,12.59,13106.0,星期二,0.0075,-0.0472
2008-07-14,12.89,13.25,13.35,12.6,11538.0,星期一,-0.0069,0.0279
2008-07-11,13.16,12.98,13.4,12.58,16170.0,星期五,-0.0179,-0.0137
2008-07-10,13.49,13.4,14.04,13.25,24779.0,星期四,-0.0007,-0.0067
2008-07-09,13.47,13.5,13.5,12.92,21275.0,星期三,0.0243,0.0022
2008-07-08,13.18,13.15,13.68,12.68,22802.0,星期二,0.0,-0.0023
2008-07-07,12.3,13.18,13.38,12.21,25835.0,星期一,0.0041,0.0715
2008-07-04,11.48,12.25,12.6,11.41,17283.0,星期五,-0.0163,0.0671
2008-07-03,10.9,11.67,11.77,10.6,16216.0,星期四,-0.0091,0.0706
2008-07-02,10.78,11.0,11.27,10.78,7170.0,星期三,-0.011,0.0204
2008-07-01,11.33,10.9,11.47,10.8,6092.0,星期二,0.0035,-0.038
2008-06-30,11.19,11.29,11.53,10.81,7862.0,星期一,-0.0193,0.0089
2008-06-27,12.15,11.41,12.3,11.41,14077.0,星期五,-0.0418,-0.0609
2008-06-26,12.3,12.68,12.9,12.11,18843.0,星期四,-0.0081,0.0309
2008-06-25,11.55,12.4,12.43,11.45,16839.0,星期三,0.0105,0.0736
2008-06-24,11.13,11.43,11.59,11.13,6854.0,星期二,0.0,0.027
2008-06-23,11.2,11.13,11.58,11.03,6121.0,星期一,-0.0175,-0.0062
2008-06-20,11.18,11.4,12.1,10.41,17339.0,星期五,-0.0141,0.0197
2008-06-19,12.4,11.34,12.55,11.34,12093.0,星期四,-0.0159,-0.0855
2008-06-18,11.59,12.6,12.71,10.73,18381.0,星期三,-0.0094,0.0871
2008-06-17,12.95,11.7,13.22,11.69,11648.0,星期二,-0.0008,-0.0965
2008-06-16,13.45,12.96,14.0,12.6,11381.0,星期一,-0.0324,-0.0364
2008-06-13,14.4,13.9,14.94,13.8,11001.0,星期五,-0.0103,-0.0347
2008-06-12,15.04,14.55,15.45,14.03,12916.0,星期四,-0.0066,-0.0326
2008-06-11,15.73,15.14,16.44,15.04,17854.0,星期三,-0.0586,-0.0375
2008-06-10,17.7,16.71,17.7,16.71,10257.0,星期二,-0.0468,-0.0559
2008-06-06,19.3,18.57,19.3,18.5,13033.0,星期五,-0.001,-0.0378
2008-06-05,18.56,19.32,19.6,18.37,25656.0,星期四,0.0103,0.0409
2008-06-04,18.0,18.37,18.5,17.8,15419.0,星期三,0.0135,0.0206
2008-06-03,18.14,17.76,18.25,17.58,7115.0,星期二,0.0011,-0.0209
2008-06-02,17.89,18.12,18.25,17.81,6886.0,星期一,0.0006,0.0129
2008-05-30,17.8,17.88,18.18,17.62,7621.0,星期五,-0.0056,0.0045
2008-05-29,18.5,17.9,18.6,17.89,10739.0,星期四,0.0011,-0.0324
2008-05-28,18.28,18.48,18.62,17.99,9756.0,星期三,0.0161,0.0109
2008-05-27,17.8,17.99,18.25,17.8,7754.0,星期二,0.0056,0.0107
2008-05-26,18.55,17.7,18.55,17.62,13728.0,星期一,-0.0027,-0.0458
2008-05-23,19.25,18.6,19.65,18.48,12462.0,星期五,0.0,-0.0338
2008-05-22,19.95,19.25,20.2,19.23,19616.0,星期四,-0.0268,-0.0351
2008-05-21,19.31,20.5,21.09,18.25,26852.0,星期三,-0.0478,0.0616
2008-05-20,22.54,20.28,22.78,20.28,24686.0,星期二,0.0004,-0.1003
2008-05-19,22.19,22.53,23.1,22.0,19504.0,星期一,0.0,0.0153
2008-05-16,21.99,22.19,23.17,21.7,21607.0,星期五,-0.0227,0.0091
2008-05-15,23.7,22.5,23.7,22.4,32922.0,星期四,-0.0021,-0.0506
2008-05-14,24.2,23.75,25.49,22.01,90980.0,星期三,0.044,-0.0186
2008-05-13,22.8,23.18,23.18,21.5,78597.0,星期二,0.0821,0.0167
2008-05-12,19.3,21.07,21.55,18.28,43503.0,星期一,-0.0148,0.0917
2008-05-09,19.95,19.59,20.17,19.02,22665.0,星期五,0.0483,-0.018
2008-05-07,20.4,19.03,20.8,19.01,24851.0,星期三,-0.0049,-0.0672
2008-05-06,20.88,20.5,20.95,20.18,32879.0,星期二,-0.0005,-0.0182
2008-05-05,19.86,20.89,20.89,19.65,42256.0,星期一,0.0081,0.0519
2008-04-30,18.62,19.7,19.97,18.5,47926.0,星期三,-0.0016,0.058
2008-04-29,18.8,18.65,19.1,18.4,21982.0,星期二,-0.0074,-0.008
2008-04-28,19.68,18.94,19.68,18.2,41442.0,星期一,-0.0185,-0.0376
2008-04-25,20.48,20.05,21.28,19.7,70830.0,星期五,-0.0407,-0.021
2008-04-24,21.75,21.35,21.76,19.7,96121.0,星期四,0.0996,-0.0184
2008-04-23,17.86,19.78,19.78,17.11,23648.0,星期三,-0.0067,0.1075
2008-04-22,19.35,17.98,19.35,17.64,27387.0,星期二,-0.0128,-0.0708
2008-04-21,22.5,19.6,22.78,19.5,23571.0,星期一,0.0704,-0.1289
2008-04-18,21.03,21.02,22.41,21.02,17169.0,星期五,-0.0994,-0.0005
2008-04-17,25.64,23.35,26.1,23.35,15378.0,星期四,0.0075,-0.0893
2008-04-16,25.3,25.45,26.3,25.04,12992.0,星期三,-0.0039,0.0059
2008-04-15,23.3,25.4,25.55,23.3,9683.0,星期二,-0.0085,0.0901
2008-04-14,24.99,23.5,25.06,23.3,10205.0,星期一,-0.0188,-0.0596
2008-04-11,25.0,25.47,25.8,24.8,9515.0,星期五,0.0121,0.0188
2008-04-10,23.95,24.7,24.85,23.5,9143.0,星期四,-0.014,0.0313
2008-04-09,26.26,24.29,26.5,24.29,13300.0,星期三,-0.0027,-0.075
2008-04-08,25.93,26.33,26.85,25.6,13838.0,星期二,0.0089,0.0154
2008-04-07,23.4,25.7,25.96,23.1,12858.0,星期一,-0.0209,0.0983
2008-04-03,23.6,23.9,24.49,21.8,13144.0,星期四,0.0043,0.0127
2008-04-02,25.36,23.5,25.99,23.1,11580.0,星期三,0.0067,-0.0733
2008-04-01,27.8,25.19,28.47,25.11,10891.0,星期二,-0.0036,-0.0939
2008-03-31,28.6,27.9,29.05,27.9,7193.0,星期一,-0.0338,-0.0245
2008-03-28,28.05,29.6,29.69,27.5,11057.0,星期五,-0.0123,0.0553
2008-03-27,29.1,28.4,30.0,28.4,11272.0,星期四,-0.0119,-0.0241
2008-03-26,30.05,29.45,30.6,29.0,7256.0,星期三,0.005,-0.02
2008-03-25,27.83,29.9,30.12,27.83,11511.0,星期二,-0.039,0.0744
2008-03-24,29.15,28.96,30.48,28.8,14111.0,星期一,0.0017,-0.0065
2008-03-21,28.7,29.1,29.99,28.58,14273.0,星期五,-0.0103,0.0139
2008-03-20,26.6,29.0,29.76,25.26,19950.0,星期四,-0.0166,0.0902
2008-03-19,26.71,27.05,27.97,25.9,16727.0,星期三,0.0305,0.0127
2008-03-18,28.65,25.92,29.79,25.92,16596.0,星期二,-0.0052,-0.0953
2008-03-17,31.5,28.8,31.65,28.6,9844.0,星期一,0.0022,-0.0857
2008-03-14,30.59,31.43,31.77,30.5,7865.0,星期五,-0.0132,0.0275
2008-03-13,32.9,31.0,32.98,30.28,15275.0,星期四,-0.015,-0.0578
2008-03-12,35.97,33.4,35.97,33.4,9437.0,星期三,0.026,-0.0714
2008-03-11,34.02,35.06,35.4,32.66,10771.0,星期二,-0.0173,0.0306
2008-03-10,35.59,34.62,35.98,34.61,12395.0,星期一,-0.0114,-0.0273
2008-03-07,36.6,36.0,36.6,35.73,8956.0,星期五,-0.0057,-0.0164
2008-03-06,37.4,36.81,38.0,36.5,12204.0,星期四,-0.0027,-0.0158
2008-03-05,37.3,37.5,38.5,36.42,19080.0,星期三,-0.0016,0.0054
2008-03-04,39.38,37.36,39.47,37.35,23372.0,星期二,0.0105,-0.0513
2008-03-03,36.6,38.97,38.99,36.5,30208.0,星期一,0.0316,0.0648
2008-02-28,35.51,35.48,36.3,35.4,8018.0,星期四,0.0031,-0.0008
2008-02-27,35.0,35.4,35.78,34.5,11352.0,星期三,0.0043,0.0114
2008-02-26,35.11,34.85,35.5,33.4,13657.0,星期二,0.0326,-0.0074
2008-02-25,35.8,34.0,36.8,33.8,14337.0,星期一,-0.0014,-0.0503
2008-02-22,37.69,35.85,37.69,35.5,18523.0,星期五,-0.0003,-0.0488
2008-02-21,36.52,37.7,38.48,36.52,15798.0,星期四,-0.0185,0.0323
2008-02-20,38.15,37.21,38.48,36.66,21180.0,星期三,0.0024,-0.0246
2008-02-19,35.52,38.06,38.89,35.18,29102.0,星期二,0.0003,0.0715
2008-02-18,34.6,35.51,35.82,34.39,17894.0,星期一,0.0219,0.0263
2008-02-15,34.7,33.86,34.7,33.3,11004.0,星期五,0.0012,-0.0242
2008-02-14,34.21,34.66,35.18,34.21,9113.0,星期四,0.0,0.0132
2008-02-13,33.98,34.21,35.54,33.46,13952.0,星期三,-0.0136,0.0068
2008-02-05,32.99,34.45,35.0,32.35,20587.0,星期二,0.0,0.0443
2008-02-04,30.98,32.99,32.99,30.85,16678.0,星期一,0.033,0.0649
2008-02-01,31.65,29.99,31.98,28.92,16455.0,星期五,0.0022,-0.0524
2008-01-31,32.2,31.58,32.99,31.54,8908.0,星期四,-0.0126,-0.0193
2008-01-30,32.86,32.61,33.72,31.95,15258.0,星期三,0.0195,-0.0076
2008-01-29,31.11,32.23,32.96,31.11,13507.0,星期二,-0.0124,0.036
2008-01-28,34.49,31.5,34.65,31.5,22708.0,星期一,-0.0146,-0.0867
2008-01-25,35.42,35.0,36.2,34.6,20651.0,星期五,0.0,-0.0119
2008-01-24,34.95,35.42,36.38,34.82,26440.0,星期四,0.0043,0.0134
2008-01-23,33.5,34.8,35.08,32.0,31322.0,星期三,0.0204,0.0388
2008-01-22,35.49,32.83,36.2,32.83,31961.0,星期二,-0.0271,-0.075
2008-01-21,40.2,36.48,40.4,36.09,24007.0,星期一,0.0025,-0.0925
2008-01-18,41.05,40.1,42.0,39.8,17240.0,星期五,-0.0101,-0.0231
2008-01-17,41.1,41.47,43.3,38.9,32293.0,星期四,-0.0203,0.009
2008-01-16,41.81,41.95,43.98,41.03,41978.0,星期三,-0.0043,0.0033
2008-01-15,39.09,41.99,42.08,38.7,39130.0,星期二,0.013,0.0742
2008-01-14,38.4,38.59,39.12,37.6,17263.0,星期一,0.0031,0.0049
2008-01-11,39.26,38.28,39.26,37.8,19326.0,星期五,0.0003,-0.025
2008-01-10,39.9,39.25,40.5,39.03,22691.0,星期四,0.0025,-0.0163
2008-01-09,38.0,39.8,39.98,37.65,31657.0,星期三,-0.0073,0.0474
2008-01-08,38.3,38.28,39.38,37.5,27346.0,星期二,0.0,-0.0005
2008-01-07,38.25,38.3,38.98,37.6,27962.0,星期一,-0.0167,0.0013
2008-01-04,39.1,38.9,39.4,37.5,38558.0,星期五,-0.0046,-0.0051
2008-01-03,39.85,39.28,40.0,38.62,32995.0,星期四,0.0013,-0.0143
2008-01-02,39.69,39.8,41.18,38.88,40774.0,星期三,0.0151,0.0028
2007-12-28,36.67,39.1,40.0,36.2,68909.0,星期五,-0.0008,0.0663
2007-12-27,37.5,36.7,39.97,36.31,74420.0,星期四,-0.0011,-0.0213
2007-12-26,35.0,37.54,37.98,34.61,53723.0,星期三,-0.0014,0.0726
2007-12-25,32.59,35.05,35.5,31.72,41468.0,星期二,0.0034,0.0755
2007-12-24,31.51,32.48,33.97,31.51,43263.0,星期一,0.0204,0.0308
2007-12-21,30.2,30.88,30.88,30.01,18554.0,星期五,-0.0017,0.0225
2007-12-20,29.53,30.25,30.48,29.53,17317.0,星期四,0.0003,0.0244
2007-12-19,29.1,29.52,30.0,29.05,13998.0,星期三,0.008,0.0144
2007-12-18,29.0,28.87,29.88,28.7,9856.0,星期二,-0.0136,-0.0045
2007-12-17,29.01,29.4,30.47,29.01,26960.0,星期一,-0.0007,0.0134
2007-12-14,27.4,29.03,29.03,27.35,15295.0,星期五,-0.0183,0.0595
2007-12-13,29.0,27.91,29.2,27.91,18216.0,星期四,0.0014,-0.0376
2007-12-12,28.5,28.96,29.33,28.12,21024.0,星期三,-0.007,0.0161
2007-12-11,27.22,28.7,29.29,27.22,32494.0,星期二,-0.0029,0.0544
2007-12-10,26.4,27.3,27.43,26.1,17365.0,星期一,-0.0056,0.0341
2007-12-07,26.3,26.55,26.8,26.2,6021.0,星期五,-0.0019,0.0095
2007-12-06,26.73,26.35,26.75,26.02,5639.0,星期四,0.0049,-0.0142
2007-12-05,25.84,26.6,26.8,25.51,10109.0,星期三,0.0133,0.0294
2007-12-04,25.35,25.5,25.77,25.3,3069.0,星期二,0.0016,0.0059
2007-12-03,25.01,25.31,25.77,25.01,3080.0,星期一,-0.0146,0.012
2007-11-30,26.09,25.38,26.09,25.32,5110.0,星期五,0.0035,-0.0272
2007-11-29,25.6,26.0,26.27,25.11,5921.0,星期四,0.0123,0.0156
2007-11-28,26.0,25.29,26.3,25.1,7953.0,星期三,0.0089,-0.0273
2007-11-27,26.28,25.77,26.5,25.75,9118.0,星期二,-0.0042,-0.0194
2007-11-26,27.0,26.39,27.2,26.38,19742.0,星期一,0.0223,-0.0226
2007-11-23,25.3,26.41,26.45,24.72,12400.0,星期五,0.0,0.0439
2007-11-22,25.5,25.3,26.73,25.25,20188.0,星期四,-0.0078,-0.0078
2007-11-21,26.21,25.7,27.03,25.7,13734.0,星期三,0.0042,-0.0195
2007-11-20,25.0,26.1,26.68,24.8,26482.0,星期二,-0.0036,0.044
2007-11-19,24.0,25.09,25.29,23.99,11851.0,星期一,0.0008,0.0454
2007-11-16,24.08,23.98,24.08,23.48,5010.0,星期五,0.0017,-0.0042
2007-11-15,24.76,24.04,24.76,23.81,7296.0,星期四,0.0106,-0.0291
2007-11-14,24.2,24.5,24.5,24.0,6503.0,星期三,0.0233,0.0124
2007-11-13,23.5,23.65,24.48,23.45,8006.0,星期二,0.0038,0.0064
2007-11-12,23.96,23.41,24.39,22.91,8707.0,星期一,-0.018,-0.023
2007-11-09,24.71,24.4,25.5,23.7,10239.0,星期五,-0.0396,-0.0125
2007-11-07,24.8,25.73,25.75,24.8,21726.0,星期三,0.0069,0.0375
2007-11-06,24.16,24.63,25.22,23.89,11520.0,星期二,0.0138,0.0195
2007-11-05,23.4,23.83,24.35,23.01,5163.0,星期一,-0.0034,0.0184
2007-11-02,23.94,23.48,23.94,23.4,6529.0,星期五,-0.0046,-0.0192
2007-11-01,25.1,24.05,25.5,24.01,10143.0,星期四,-0.0055,-0.0418
2007-10-31,24.15,25.24,25.57,24.13,14084.0,星期三,0.0042,0.0451
2007-10-30,24.2,24.05,24.24,23.31,9911.0,星期二,0.0041,-0.0062
2007-10-29,25.2,24.1,25.5,23.28,21408.0,星期一,-0.0125,-0.0437
2007-10-26,26.0,25.52,26.2,25.22,11781.0,星期五,0.0317,-0.0185
2007-10-25,26.01,25.2,26.3,25.03,13371.0,星期四,0.0,-0.0311
2007-10-24,25.68,26.01,26.56,25.6,8763.0,星期三,0.0,0.0129
2007-10-23,25.63,25.68,25.99,25.5,7269.0,星期二,0.0051,0.002
2007-10-22,25.97,25.5,26.18,25.0,8600.0,星期一,-0.0088,-0.0181
2007-10-19,26.62,26.2,27.16,25.98,14193.0,星期五,0.0011,-0.0158
2007-10-18,25.81,26.59,27.19,25.7,20234.0,星期四,0.0008,0.0302
2007-10-17,25.63,25.79,25.99,25.4,11658.0,星期三,0.0031,0.0062
2007-10-16,25.62,25.55,25.67,25.0,9398.0,星期二,0.0039,-0.0027
2007-10-15,25.2,25.52,25.98,25.01,10914.0,星期一,0.0036,0.0127
2007-10-12,26.15,25.11,26.15,24.3,16724.0,星期五,-0.0023,-0.0398
2007-10-11,27.13,26.21,27.34,26.11,12430.0,星期四,0.0004,-0.0339
2007-10-10,27.25,27.12,27.65,27.08,13845.0,星期三,0.0018,-0.0048
2007-10-09,27.5,27.2,27.55,26.88,10673.0,星期二,0.0081,-0.0109
2007-10-08,26.7,27.28,28.35,26.7,20526.0,星期一,0.0277,0.0217
2007-09-27,26.31,25.98,26.39,25.5,10410.0,星期四,0.0123,-0.0125
2007-09-26,26.3,25.99,26.43,25.78,7363.0,星期三,0.0115,-0.0118
2007-09-25,25.65,26.0,26.48,25.5,19992.0,星期二,0.0055,0.0136
2007-09-24,26.2,25.51,26.25,25.29,14977.0,星期一,-0.0049,-0.0263
2007-09-21,27.31,26.33,27.4,26.0,11447.0,星期五,0.0096,-0.0359
2007-09-20,27.26,27.05,27.57,26.9,10825.0,星期四,-0.0007,-0.0077
2007-09-19,27.24,27.28,27.9,26.6,11470.0,星期三,-0.0004,0.0015
2007-09-18,28.09,27.25,28.28,27.05,16748.0,星期二,0.0104,-0.0299
2007-09-17,27.38,27.8,28.2,27.38,20273.0,星期一,0.0066,0.0153
2007-09-14,26.71,27.2,27.2,26.65,21806.0,星期五,0.0004,0.0183
2007-09-13,27.27,26.7,27.27,26.31,17513.0,星期四,0.0233,-0.0209
2007-09-12,26.71,26.65,27.55,26.26,13318.0,星期三,-0.0004,-0.0022
2007-09-11,29.12,26.72,29.75,26.41,13847.0,星期二,0.0007,-0.0824
2007-09-10,29.2,29.1,29.2,28.2,14425.0,星期一,-0.0034,-0.0034
2007-09-07,29.68,29.3,30.28,29.3,15171.0,星期五,0.0027,-0.0128
2007-09-06,29.91,29.6,30.0,29.5,15346.0,星期四,0.0081,-0.0104
2007-09-05,29.75,29.67,30.32,29.3,11296.0,星期三,0.0003,-0.0027
2007-09-04,30.48,29.74,30.49,29.7,16622.0,星期二,0.0079,-0.0243
2007-09-03,30.15,30.24,30.5,29.82,18855.0,星期一,0.002,0.003
2007-08-31,31.0,30.09,31.5,30.01,19900.0,星期五,0.0091,-0.0294
2007-08-30,29.96,30.72,31.5,29.96,12863.0,星期四,0.0003,0.0254
2007-08-29,30.65,29.95,30.97,29.9,10329.0,星期三,0.0007,-0.0228
2007-08-28,31.53,30.63,31.53,30.4,12752.0,星期二,-0.0069,-0.0285
2007-08-27,31.55,31.75,32.98,31.45,14955.0,星期一,0.0096,0.0063
2007-08-24,31.15,31.25,31.5,31.03,11345.0,星期五,0.0023,0.0032
2007-08-23,31.29,31.08,31.6,30.85,11128.0,星期四,0.0013,-0.0067
2007-08-22,31.15,31.25,31.4,30.51,18107.0,星期三,0.0081,0.0032
2007-08-21,31.79,30.9,31.8,30.3,6679.0,星期二,0.0255,-0.028
2007-08-20,30.07,31.0,31.48,30.07,8916.0,星期一,0.0193,0.0309
2007-08-17,29.44,29.5,30.44,29.1,6035.0,星期五,0.0,0.002
2007-08-16,29.15,29.44,29.78,29.1,7843.0,星期四,-0.0003,0.0099
2007-08-15,30.12,29.16,30.48,28.92,9097.0,星期三,0.0,-0.0319
2007-08-14,29.58,30.12,30.29,29.11,8542.0,星期二,0.0,0.0183
2007-08-13,31.1,29.58,31.46,29.5,12243.0,星期一,-0.0067,-0.0489
2007-08-10,30.6,31.31,32.3,30.5,16023.0,星期五,-0.001,0.0232
2007-08-09,30.6,30.63,31.46,30.0,9403.0,星期四,0.0,0.001
2007-08-08,31.6,30.6,31.6,30.09,13891.0,星期三,-0.0113,-0.0316
2007-08-07,32.8,31.96,32.8,31.5,17408.0,星期二,0.0,-0.0256
2007-08-06,33.0,32.8,33.5,31.56,38336.0,星期一,0.0493,-0.0061
2007-08-03,29.6,31.45,31.45,29.6,15469.0,星期五,0.0353,0.0625
2007-08-02,27.9,28.59,28.88,27.6,14710.0,星期四,0.009,0.0247
2007-08-01,29.89,27.65,30.18,27.0,15141.0,星期三,0.0101,-0.0749
2007-07-31,29.39,29.59,29.69,29.1,12623.0,星期二,-0.0101,0.0068
2007-07-30,29.68,29.69,30.35,29.18,13100.0,星期一,-0.0007,0.0003
2007-07-27,28.19,29.7,30.13,27.6,14438.0,星期五,0.0,0.0536
2007-07-26,28.1,28.19,28.46,27.95,14133.0,星期四,0.0036,0.0032
2007-07-25,27.6,28.0,28.0,27.4,11865.0,星期三,0.0,0.0145
2007-07-24,28.1,27.6,28.33,27.6,16542.0,星期二,0.0072,-0.0178
2007-07-23,26.95,27.9,28.18,26.86,19192.0,星期一,-0.0015,0.0353
2007-07-20,25.88,26.99,26.99,25.6,21205.0,星期五,-0.0046,0.0429
2007-07-19,26.84,26.0,26.95,25.7,11024.0,星期四,0.0004,-0.0313
2007-07-18,27.1,26.83,27.56,26.6,10451.0,星期三,0.0067,-0.01
2007-07-17,25.98,26.92,27.5,25.98,13924.0,星期二,0.0164,0.0362
2007-07-16,24.99,25.56,26.39,24.7,9761.0,星期一,-0.002,0.0228
2007-07-13,24.9,25.04,25.2,24.58,3840.0,星期五,-0.004,0.0056
2007-07-12,25.1,25.0,25.3,24.6,3648.0,星期四,0.0,-0.004
2007-07-11,25.05,25.1,25.69,24.3,5993.0,星期三,-0.0004,0.002
2007-07-10,26.0,25.06,26.22,25.0,6928.0,星期二,-0.0084,-0.0362
2007-07-09,26.0,26.22,26.6,25.5,10923.0,星期一,0.0117,0.0085
2007-07-06,24.01,25.7,25.79,24.01,9455.0,星期五,-0.0079,0.0704
2007-07-05,24.7,24.2,25.68,24.02,11545.0,星期四,-0.0187,-0.0202
2007-07-04,25.2,25.17,26.11,25.0,11602.0,星期三,0.0016,-0.0012
2007-07-03,25.0,25.16,25.5,24.62,10147.0,星期二,0.0004,0.0064
2007-07-02,24.21,24.99,24.99,23.6,12627.0,星期一,0.013,0.0322
2007-06-29,23.9,23.9,24.8,23.18,12667.0,星期五,-0.0436,0.0
2007-06-28,27.26,24.99,27.47,24.61,12266.0,星期四,0.0004,-0.0833
2007-06-27,26.96,27.25,27.45,26.4,14181.0,星期三,0.0212,0.0108
2007-06-26,25.3,26.4,26.4,24.29,15139.0,星期二,-0.0156,0.0435
2007-06-25,27.8,25.7,28.45,25.32,13255.0,星期一,0.0124,-0.0755
2007-06-22,29.35,27.46,29.79,26.45,15632.0,星期五,0.0,-0.0644
2007-06-21,29.5,29.35,29.98,28.6,16725.0,星期四,-0.0054,-0.0051
2007-06-20,31.6,29.66,31.89,29.4,16611.0,星期三,0.007,-0.0614
2007-06-19,30.9,31.38,32.03,29.44,14966.0,星期二,-0.0029,0.0155
2007-06-18,31.61,30.99,32.5,30.71,20738.0,星期一,0.022,-0.0196
2007-06-15,30.0,30.93,31.0,29.8,14846.0,星期五,-0.0215,0.031
2007-06-14,31.25,30.66,31.49,29.68,22711.0,星期四,-0.0101,-0.0189
2007-06-13,32.5,31.57,33.16,31.41,33958.0,星期三,0.0109,-0.0286
2007-06-12,29.76,32.15,32.15,27.8,38027.0,星期二,0.0181,0.0803
2007-06-11,27.85,29.23,30.02,27.8,30348.0,星期一,0.0201,0.0496
2007-06-08,26.7,27.3,28.49,26.7,21759.0,星期五,0.0,0.0225
2007-06-07,25.26,26.7,27.16,25.0,22730.0,星期四,0.0032,0.057
2007-06-06,23.1,25.18,25.3,22.72,30967.0,星期三,0.0043,0.09
2007-06-05,23.01,23.0,24.7,22.16,35847.0,星期二,-0.0654,-0.0004
2007-06-04,26.7,24.62,26.7,24.62,16041.0,星期一,-0.0238,-0.0779
2007-06-01,30.39,27.35,31.5,27.28,21539.0,星期五,0.0103,-0.1
2007-05-31,29.2,30.08,30.08,26.42,22681.0,星期四,-0.0044,0.0301
2007-05-30,29.33,29.33,31.59,29.33,22754.0,星期三,-0.1,0.0
2007-05-29,30.06,32.59,33.0,29.53,24521.0,星期二,0.002,0.0842
2007-05-28,30.0,30.0,30.2,29.2,14147.0,星期一,0.0187,0.0
2007-05-25,29.5,29.45,29.89,28.61,10424.0,星期五,-0.0101,-0.0017
2007-05-24,29.55,29.8,30.48,28.5,27980.0,星期四,0.0664,0.0085
2007-05-23,25.4,27.71,27.71,25.38,16036.0,星期三,0.0083,0.0909
2007-05-22,25.1,25.19,25.5,24.69,22875.0,星期二,0.0028,0.0036
2007-05-21,24.28,25.03,25.5,24.01,11716.0,星期一,-0.0365,0.0309
2007-05-18,25.5,25.2,25.5,24.8,14276.0,星期五,-0.0078,-0.0118
2007-05-17,25.5,25.7,26.35,24.95,14483.0,星期四,0.0059,0.0078
2007-05-16,25.39,25.35,25.49,23.95,19275.0,星期三,0.0205,-0.0016
2007-05-15,24.6,24.88,25.36,24.52,24866.0,星期二,0.0008,0.0114
2007-05-14,23.98,24.58,25.03,23.5,17301.0,星期一,-0.0046,0.025
2007-05-11,23.5,24.09,24.39,23.0,17659.0,星期五,-0.0126,0.0251
2007-05-09,24.01,23.8,25.0,23.15,14735.0,星期三,-0.0216,-0.0087
2007-05-08,24.5,24.54,24.67,22.8,26348.0,星期二,0.0208,0.0016
2007-04-30,25.1,24.0,26.1,24.0,19954.0,星期一,0.0044,-0.0438
2007-04-27,25.2,24.99,25.59,24.58,12013.0,星期五,0.002,-0.0083
2007-04-26,25.5,25.15,25.7,24.61,9778.0,星期四,0.0159,-0.0137
2007-04-25,24.4,25.1,25.6,23.8,19216.0,星期三,0.0021,0.0287
2007-04-24,24.75,24.35,25.18,23.93,16758.0,星期二,0.0024,-0.0162
2007-04-23,23.35,24.69,25.5,22.5,22524.0,星期一,0.0,0.0574
2007-04-20,24.1,23.35,24.49,22.78,27236.0,星期五,0.0397,-0.0311
2007-04-19,22.69,23.18,23.18,21.5,72028.0,星期四,0.0769,0.0216
2007-04-18,19.21,21.07,21.07,19.21,19124.0,星期三,0.0031,0.0968
2007-04-17,19.5,19.15,19.51,18.35,36982.0,星期二,0.0,-0.0179
2007-04-16,19.12,19.5,19.76,18.78,39568.0,星期一,0.0,0.0199
2007-04-13,18.99,19.12,19.31,18.1,62747.0,星期五,0.0821,0.0068
2007-04-10,16.69,17.55,18.1,16.2,47311.0,星期二,0.0146,0.0515
2007-04-09,16.15,16.45,16.6,16.13,39690.0,星期一,0.0006,0.0186
2007-04-06,16.2,16.14,16.68,16.14,52611.0,星期五,0.0125,-0.0037
2007-04-04,15.71,16.0,16.36,15.63,35422.0,星期三,0.0006,0.0185
2007-04-03,15.99,15.7,16.0,15.61,17868.0,星期二,0.0069,-0.0181
2007-04-02,15.65,15.88,15.88,15.48,7897.0,星期一,0.0019,0.0147
2007-03-30,15.39,15.62,15.85,15.3,6738.0,星期五,-0.0077,0.0149
2007-03-29,15.89,15.51,15.9,15.5,18742.0,星期四,-0.0013,-0.0239
2007-03-28,16.27,15.91,16.29,15.4,26443.0,星期三,0.0018,-0.0221
2007-03-27,16.2,16.24,16.28,15.95,20509.0,星期二,0.0012,0.0025
2007-03-26,16.38,16.18,16.47,15.93,18559.0,星期一,0.018,-0.0122
2007-03-23,15.99,16.09,16.25,15.8,22726.0,星期五,0.0031,0.0063
2007-03-22,16.5,15.94,16.87,15.91,28728.0,星期四,0.0397,-0.0339
2007-03-21,15.98,15.87,16.29,15.61,19541.0,星期三,0.0069,-0.0069
2007-03-20,15.78,15.87,16.14,15.5,19682.0,星期二,0.0013,0.0057
2007-03-19,15.4,15.76,16.31,15.18,35136.0,星期一,-0.0564,0.0234
2007-03-16,16.63,16.32,17.2,16.3,76027.0,星期五,0.0202,-0.0186
2007-03-15,16.06,16.3,16.3,15.75,29229.0,星期四,-0.0117,0.0149
2007-03-14,16.8,16.25,16.8,15.8,19064.0,星期三,-0.0036,-0.0327
2007-03-13,16.56,16.86,17.5,16.56,19293.0,星期二,0.0012,0.0181
2007-03-12,16.5,16.54,16.89,15.9,31576.0,星期一,0.0423,0.0024
2007-03-09,16.47,15.83,16.47,15.4,30629.0,星期五,-0.0155,-0.0389
2007-03-06,15.06,16.73,16.95,14.9,45767.0,星期二,-0.0259,0.1109
2007-03-05,14.2,15.46,15.53,14.0,27731.0,星期一,0.0,0.0887
2007-03-02,13.85,14.2,14.45,13.85,12872.0,星期五,-0.0036,0.0253
2007-03-01,14.21,13.9,14.22,13.59,12371.0,星期四,-0.0021,-0.0218
2007-02-28,13.91,14.24,14.5,13.6,14074.0,星期三,0.0,0.0237
2007-02-27,15.35,13.91,15.55,13.91,15128.0,星期二,-0.0065,-0.0938
2007-02-26,15.7,15.45,15.7,15.25,8269.0,星期一,0.0096,-0.0159
2007-02-16,15.47,15.55,15.95,15.2,8988.0,星期五,0.0,0.0052
2007-02-15,15.4,15.47,15.53,15.2,9680.0,星期四,0.0026,0.0045
2007-02-14,15.45,15.36,15.46,15.1,9047.0,星期三,0.0,-0.0058
2007-02-13,15.01,15.45,15.73,14.88,13062.0,星期二,0.0,0.0293
2007-02-12,14.85,15.01,15.47,14.71,17852.0,星期一,0.0034,0.0108
2007-02-09,13.9,14.8,14.8,13.9,24929.0,星期五,0.0051,0.0647
2007-02-08,13.78,13.83,14.28,13.7,10873.0,星期四,0.0,0.0036
2007-02-07,13.68,13.78,14.18,13.2,14634.0,星期三,0.0186,0.0073
2007-02-06,12.91,13.43,13.8,12.91,8402.0,星期二,0.0,0.0403
2007-02-05,12.84,12.91,13.06,12.71,4818.0,星期一,0.0023,0.0055
2007-02-02,12.66,12.81,13.3,12.54,11090.0,星期五,-0.0171,0.0118
2007-02-01,12.58,12.88,12.96,12.01,11692.0,星期四,-0.0133,0.0238
2007-01-31,14.0,12.75,14.0,12.6,18204.0,星期三,0.0,-0.0893
2007-01-30,13.04,14.0,14.3,12.88,25153.0,星期二,0.0008,0.0736
2007-01-29,12.84,13.03,13.13,12.7,15399.0,星期一,-0.0008,0.0148
2007-01-26,12.34,12.85,12.95,11.98,15454.0,星期五,-0.0128,0.0413
2007-01-25,13.48,12.5,13.48,12.5,16505.0,星期四,0.0,-0.0727
2007-01-24,13.93,13.48,13.93,13.07,15059.0,星期三,-0.0007,-0.0323
2007-01-23,14.4,13.94,14.4,13.4,12709.0,星期二,0.0077,-0.0319
2007-01-22,14.92,14.29,14.92,13.71,19875.0,星期一,0.0971,-0.0422
2007-01-18,13.41,13.6,13.9,13.22,22822.0,星期四,-0.0074,0.0142
2007-01-17,13.29,13.51,13.95,12.99,20544.0,星期三,0.0083,0.0166
2007-01-16,12.7,13.18,13.2,12.55,23014.0,星期二,-0.0117,0.0378
2007-01-15,12.21,12.85,12.98,11.6,24486.0,星期一,-0.0081,0.0524
2007-01-12,11.18,12.31,12.31,10.66,36139.0,星期五,-0.0009,0.1011
2007-01-11,11.23,11.19,11.6,11.06,20605.0,星期四,-0.0018,-0.0036
2007-01-10,11.31,11.25,11.38,11.0,23841.0,星期三,0.0089,-0.0053
2007-01-09,11.4,11.21,11.4,10.98,14470.0,星期二,0.027,-0.0167
2007-01-08,10.6,11.1,11.5,10.6,30458.0,星期一,0.0095,0.0472
2007-01-05,9.84,10.5,10.5,9.8,26105.0,星期五,0.0,0.0671
2007-01-04,9.46,9.84,10.26,9.46,36601.0,星期四,0.0011,0.0402
2006-12-29,9.42,9.45,9.59,9.28,17156.0,星期五,0.0,0.0032
2006-12-28,9.51,9.42,9.6,9.01,16922.0,星期四,0.0074,-0.0095
2006-12-27,9.35,9.44,9.55,9.24,12296.0,星期三,0.0075,0.0096
2006-12-26,9.4,9.28,9.64,9.18,13680.0,星期二,-0.0053,-0.0128
2006-12-25,9.2,9.45,9.76,9.2,26783.0,星期一,0.0044,0.0272
2006-12-22,8.75,9.16,9.26,8.75,27407.0,星期五,-0.0034,0.0469
2006-12-21,8.86,8.78,9.14,8.71,31659.0,星期四,-0.0156,-0.009
2006-12-20,8.45,9.0,9.28,8.21,62767.0,星期三,0.0012,0.0651
2006-12-19,8.3,8.44,8.5,8.2,19615.0,星期二,0.0061,0.0169
2006-12-18,8.27,8.25,8.36,8.2,20963.0,星期一,0.0036,-0.0024
2006-12-15,8.15,8.24,8.47,8.15,11731.0,星期五,-0.0012,0.011
2006-12-14,7.95,8.16,8.28,7.91,14495.0,星期四,0.0025,0.0264
2006-12-13,7.84,7.93,7.95,7.84,12267.0,星期三,-0.0063,0.0115
2006-12-12,8.15,7.89,8.15,7.85,15853.0,星期二,0.0037,-0.0319
2006-12-11,7.94,8.12,8.14,7.94,7343.0,星期一,0.0,0.0227
2006-12-08,8.0,7.94,8.08,7.62,10448.0,星期五,-0.0099,-0.0075
2006-12-07,8.2,8.08,8.27,8.08,14883.0,星期四,-0.0073,-0.0146
2006-12-06,8.3,8.26,8.49,8.1,18470.0,星期三,-0.0119,-0.0048
2006-12-05,8.62,8.4,8.65,8.32,20475.0,星期二,0.0035,-0.0255
2006-12-04,8.24,8.59,8.59,8.12,27295.0,星期一,0.0012,0.0425
2006-12-01,8.3,8.23,8.4,8.21,20666.0,星期五,-0.006,-0.0084
2006-11-30,8.45,8.35,8.52,8.28,21725.0,星期四,0.006,-0.0118
2006-11-29,8.25,8.4,8.45,8.15,13988.0,星期三,-0.012,0.0182
2006-11-28,8.27,8.35,8.49,8.23,20819.0,星期二,0.0024,0.0097
2006-11-27,8.1,8.25,8.31,8.06,15001.0,星期一,0.0025,0.0185
2006-11-24,8.14,8.08,8.15,7.94,16518.0,星期五,0.0012,-0.0074
2006-11-23,8.15,8.13,8.35,8.04,14354.0,星期四,-0.0049,-0.0025
2006-11-22,7.99,8.19,8.35,7.9,16158.0,星期三,-0.0012,0.025
2006-11-21,8.2,8.0,8.22,7.88,19278.0,星期二,-0.0024,-0.0244
2006-11-20,8.08,8.22,8.32,8.02,28242.0,星期一,-0.0037,0.0173
2006-11-17,7.8,8.11,8.17,7.8,27127.0,星期五,0.0,0.0397
2006-11-16,7.89,7.8,8.08,7.78,16289.0,星期四,-0.0038,-0.0114
2006-11-15,7.7,7.92,8.04,7.66,24026.0,星期三,-0.0026,0.0286
2006-11-14,7.4,7.72,7.72,7.39,7872.0,星期二,-0.0013,0.0432
2006-11-13,7.54,7.41,7.58,7.38,11993.0,星期一,-0.0079,-0.0172
2006-11-10,7.65,7.6,7.85,7.53,13957.0,星期五,0.0066,-0.0065
2006-11-09,7.64,7.6,7.66,7.52,7238.0,星期四,0.0,-0.0052
2006-11-08,7.71,7.64,7.83,7.61,8809.0,星期三,-0.0115,-0.0091
2006-11-07,7.9,7.8,7.9,7.73,9838.0,星期二,0.0,-0.0127
2006-11-06,7.63,7.9,7.95,7.63,10850.0,星期一,-0.0155,0.0354
2006-11-03,7.65,7.75,8.05,7.65,17837.0,星期五,-0.0039,0.0131
2006-11-02,7.75,7.68,7.82,7.61,9519.0,星期四,-0.0039,-0.009
2006-11-01,7.46,7.78,7.78,7.37,17261.0,星期三,0.0067,0.0429
2006-10-31,7.27,7.41,7.43,7.24,8211.0,星期二,0.0041,0.0193
2006-10-30,7.5,7.24,7.55,7.1,8684.0,星期一,0.0108,-0.0347
2006-10-26,7.5,7.42,7.59,7.4,6924.0,星期四,0.004,-0.0107
2006-10-25,7.53,7.47,7.63,7.45,7444.0,星期三,0.0,-0.008
2006-10-24,7.42,7.53,7.58,7.36,8866.0,星期二,-0.0013,0.0148
2006-10-23,7.7,7.43,7.7,7.28,13025.0,星期一,-0.0026,-0.0351
2006-10-20,7.77,7.72,7.86,7.67,11283.0,星期五,0.0,-0.0064
2006-10-19,7.63,7.77,7.8,7.53,15431.0,星期四,0.0,0.0183
2006-10-18,7.6,7.63,7.73,7.58,9492.0,星期三,-0.0143,0.0039
2006-10-17,7.54,7.71,7.76,7.45,15774.0,星期二,0.0,0.0225
2006-10-16,7.59,7.54,7.66,7.48,14110.0,星期一,-0.0013,-0.0066
2006-10-13,7.7,7.6,7.9,7.6,18140.0,星期五,-0.0253,-0.013
2006-10-11,7.78,7.9,8.05,7.65,34569.0,星期三,0.0026,0.0154
2006-10-10,7.62,7.76,7.85,7.5,20807.0,星期二,-0.0104,0.0184
2006-10-09,7.32,7.7,7.7,7.28,26854.0,星期一,0.0027,0.0519
2006-09-29,7.28,7.3,7.44,7.26,11741.0,星期五,0.0014,0.0027
2006-09-28,7.13,7.27,7.45,7.13,15072.0,星期四,0.0186,0.0196
2006-09-27,7.1,7.0,7.2,7.0,7945.0,星期三,-0.0014,-0.0141
2006-09-26,7.2,7.11,7.25,7.11,7329.0,星期二,-0.0069,-0.0125
2006-09-25,7.23,7.25,7.45,7.13,14520.0,星期一,0.0,0.0028
2006-09-22,7.27,7.23,7.35,7.12,17595.0,星期五,-0.0041,-0.0055
2006-09-21,6.73,7.3,7.42,6.73,49841.0,星期四,-0.0146,0.0847
2006-09-20,6.83,6.83,6.87,6.7,8183.0,星期三,0.0044,0.0
2006-09-19,6.85,6.8,6.94,6.75,12081.0,星期二,-0.0015,-0.0073
2006-09-18,6.83,6.86,7.14,6.77,18101.0,星期一,0.0,0.0044
2006-09-15,6.66,6.83,6.93,6.66,32880.0,星期五,0.0015,0.0255
2006-09-14,6.53,6.65,6.65,6.5,11005.0,星期四,-0.0061,0.0184
2006-09-13,6.42,6.57,6.63,6.42,12244.0,星期三,-0.0047,0.0234
2006-09-12,6.36,6.45,6.47,6.36,5181.0,星期二,-0.0047,0.0142
2006-09-11,6.51,6.39,6.52,6.3,5831.0,星期一,-0.0015,-0.0184
2006-09-08,6.46,6.52,6.57,6.41,5394.0,星期五,-0.0046,0.0093
2006-09-07,6.56,6.49,6.58,6.45,5267.0,星期四,0.0,-0.0107
2006-09-06,6.58,6.56,6.6,6.5,4277.0,星期三,0.0015,-0.003
2006-09-05,6.61,6.57,6.63,6.53,5290.0,星期二,-0.003,-0.0061
2006-09-04,6.4,6.63,6.68,6.33,10494.0,星期一,-0.0047,0.0359
2006-09-01,6.59,6.43,6.59,6.4,6246.0,星期五,0.0107,-0.0243
2006-08-31,6.56,6.52,6.62,6.45,7101.0,星期四,0.0031,-0.0061
2006-08-30,6.58,6.54,6.59,6.47,5358.0,星期三,-0.0015,-0.0061
2006-08-29,6.6,6.59,6.64,6.53,12889.0,星期二,0.0015,-0.0015
2006-08-28,6.5,6.59,6.63,6.49,10966.0,星期一,0.0015,0.0138
2006-08-25,6.45,6.49,6.55,6.42,9244.0,星期五,-0.0031,0.0062
2006-08-24,6.41,6.47,6.48,6.35,7683.0,星期四,0.0047,0.0094
2006-08-23,6.33,6.38,6.41,6.3,4094.0,星期三,-0.0047,0.0079
2006-08-22,6.28,6.36,6.39,6.27,5712.0,星期二,-0.0063,0.0127
2006-08-21,6.2,6.32,6.35,6.12,8221.0,星期一,-0.0267,0.0194
2006-08-18,6.39,6.37,6.46,6.32,3332.0,星期五,-0.0062,-0.0031
2006-08-17,6.39,6.43,6.45,6.26,5482.0,星期四,-0.0016,0.0063
2006-08-16,6.31,6.4,6.41,6.26,4639.0,星期三,-0.0032,0.0143
2006-08-15,6.22,6.33,6.37,6.19,4160.0,星期二,-0.0048,0.0177
2006-08-14,6.49,6.25,6.53,6.21,5169.0,星期一,0.0031,-0.037
2006-08-11,6.36,6.47,6.47,6.35,7243.0,星期五,-0.0016,0.0173
2006-08-10,6.25,6.37,6.4,6.25,6060.0,星期四,0.0,0.0192
2006-08-09,6.3,6.25,6.34,6.2,4858.0,星期三,0.0,-0.0079
2006-08-08,6.18,6.3,6.32,6.16,4460.0,星期二,0.0032,0.0194
2006-08-07,6.38,6.16,6.38,6.15,5592.0,星期一,0.0031,-0.0345
2006-08-04,6.58,6.36,6.7,6.35,4327.0,星期五,0.0,-0.0334
2006-08-03,6.63,6.58,6.66,6.48,6809.0,星期四,-0.0015,-0.0075
2006-08-02,6.59,6.64,6.7,6.5,6912.0,星期三,-0.0015,0.0076
2006-08-01,6.76,6.6,6.77,6.58,6993.0,星期二,0.0135,-0.0237
2006-07-31,7.0,6.67,7.05,6.66,11668.0,星期一,-0.0043,-0.0471
2006-07-28,7.22,7.03,7.32,6.95,31973.0,星期五,-0.0296,-0.0263
2006-07-27,7.55,7.44,7.62,7.37,11138.0,星期四,0.0,-0.0146
2006-07-26,7.36,7.55,7.62,7.35,16265.0,星期三,0.0014,0.0258
2006-07-25,7.28,7.35,7.43,7.28,7477.0,星期二,0.0,0.0096
2006-07-24,7.24,7.28,7.3,7.16,7630.0,星期一,-0.0216,0.0055
2006-07-21,7.35,7.4,7.44,7.3,11560.0,星期五,0.0068,0.0068
2006-07-20,7.16,7.3,7.33,7.14,8132.0,星期四,-0.0028,0.0196
2006-07-19,7.4,7.18,7.4,7.12,10267.0,星期三,0.0027,-0.0297
2006-07-18,7.37,7.38,7.43,7.25,7666.0,星期二,0.0027,0.0014
2006-07-17,7.21,7.35,7.35,7.2,9495.0,星期一,-0.0123,0.0194
2006-07-14,7.28,7.3,7.45,7.22,14312.0,星期五,-0.0027,0.0027
2006-07-13,7.9,7.3,7.94,7.3,29874.0,星期四,-0.0113,-0.0759
2006-07-12,8.14,7.99,8.14,7.99,21603.0,星期三,0.0,-0.0184
2006-07-11,8.13,8.14,8.2,7.97,18955.0,星期二,0.0062,0.0012
2006-07-10,7.87,8.08,8.16,7.77,25793.0,星期一,0.0013,0.0267
2006-07-07,7.89,7.86,7.89,7.71,24299.0,星期五,0.0115,-0.0038
2006-07-06,7.56,7.8,7.83,7.54,23536.0,星期四,0.0027,0.0317
2006-07-05,7.55,7.54,7.64,7.4,12777.0,星期三,-0.0066,-0.0013
2006-07-04,7.7,7.6,7.83,7.5,21294.0,星期二,0.0,-0.013
2006-07-03,7.58,7.7,7.72,7.5,15243.0,星期一,-0.0013,0.0158
2006-06-30,7.7,7.59,7.75,7.48,20866.0,星期五,0.0,-0.0143
2006-06-29,7.51,7.7,7.75,7.46,25753.0,星期四,0.0,0.0253
2006-06-28,7.41,7.51,7.59,7.41,17989.0,星期三,0.0041,0.0135
2006-06-27,7.41,7.38,7.48,7.32,12752.0,星期二,-0.0027,-0.004
2006-06-26,7.36,7.43,7.47,7.28,12084.0,星期一,0.0027,0.0095
2006-06-23,7.28,7.34,7.37,7.16,9220.0,星期五,-0.0014,0.0082
2006-06-22,7.36,7.29,7.38,7.18,7842.0,星期四,0.0,-0.0095
2006-06-21,7.45,7.36,7.46,7.23,11197.0,星期三,0.0,-0.0121
2006-06-20,7.43,7.45,7.55,7.35,14894.0,星期二,-0.0133,0.0027
2006-06-19,7.59,7.53,7.66,7.49,19273.0,星期一,0.0,-0.0079
2006-06-16,7.48,7.59,7.6,7.42,25913.0,星期五,0.0067,0.0147
2006-06-15,7.45,7.43,7.55,7.31,13313.0,星期四,0.0109,-0.0027
2006-06-14,7.28,7.37,7.41,7.11,7201.0,星期三,-0.0027,0.0124
2006-06-13,7.42,7.3,7.5,7.24,11575.0,星期二,-0.0013,-0.0162
2006-06-12,7.36,7.43,7.49,7.24,7995.0,星期一,-0.0187,0.0095
2006-06-09,7.36,7.5,7.59,7.25,29176.0,星期五,0.0082,0.019
2006-06-08,7.07,7.3,7.32,7.05,16911.0,星期四,-0.0208,0.0325
2006-06-07,8.0,7.22,8.08,7.2,29891.0,星期三,0.0,-0.0975
2006-06-06,8.4,8.0,8.4,7.95,27013.0,星期二,0.0,-0.0476
2006-06-05,8.15,8.4,8.48,8.14,30291.0,星期一,0.0,0.0307
2006-06-02,8.19,8.15,8.29,7.95,33288.0,星期五,0.0061,-0.0049
2006-06-01,7.81,8.14,8.15,7.8,39574.0,星期四,0.0026,0.0423
2006-05-31,7.91,7.79,7.94,7.7,23579.0,星期三,-0.0038,-0.0152
2006-05-30,7.96,7.94,7.97,7.66,21509.0,星期二,0.0,-0.0025
2006-05-29,8.0,7.96,8.1,7.76,20604.0,星期一,0.0217,-0.005
2006-05-26,7.69,7.83,7.9,7.6,27269.0,星期五,0.0079,0.0182
2006-05-25,7.6,7.63,7.65,7.3,19017.0,星期四,-0.0143,0.0039
2006-05-24,7.66,7.71,7.94,7.43,24906.0,星期三,-0.0026,0.0065
2006-05-23,8.1,7.68,8.1,7.66,31964.0,星期二,-0.0146,-0.0519
2006-05-22,8.15,8.22,8.61,8.15,60192.0,星期一,0.0099,0.0086
2006-05-19,7.44,8.07,8.07,7.44,68469.0,星期五,0.0136,0.0847
2006-05-18,7.27,7.34,7.4,7.14,17109.0,星期四,-0.0014,0.0096
2006-05-17,7.13,7.28,7.38,7.05,21200.0,星期三,0.0014,0.021
2006-05-16,7.52,7.12,7.54,7.05,29124.0,星期二,-0.0027,-0.0532
2006-05-15,7.26,7.54,7.55,7.1,46462.0,星期一,0.0371,0.0386
2006-05-11,7.14,7.0,7.34,6.99,33093.0,星期四,-0.0056,-0.0196
2006-05-10,7.25,7.18,7.29,7.03,20776.0,星期三,0.0083,-0.0097
2006-05-09,7.1,7.19,7.47,7.09,49135.0,星期二,0.0,0.0127
2006-05-08,7.03,7.1,7.1,6.9,28611.0,星期一,0.0057,0.01
2006-04-28,6.69,6.99,7.05,6.56,25076.0,星期五,-0.0015,0.0448
2006-04-27,6.87,6.7,6.87,6.67,13020.0,星期四,0.0103,-0.0247
2006-04-26,6.63,6.8,6.97,6.56,17554.0,星期三,0.0015,0.0256
2006-04-25,6.82,6.62,6.88,6.55,18491.0,星期二,0.0029,-0.0293
2006-04-24,7.2,6.8,7.22,6.75,27096.0,星期一,-0.0069,-0.0556
2006-04-21,7.08,7.25,7.33,6.98,25816.0,星期五,-0.0139,0.024
2006-04-20,7.3,7.18,7.38,7.06,19891.0,星期四,-0.0054,-0.0164
2006-04-19,7.24,7.34,7.45,7.21,19520.0,星期三,-0.0014,0.0138
2006-04-18,7.39,7.25,7.45,7.2,25900.0,星期二,-0.0027,-0.0189
2006-04-17,7.11,7.41,7.58,7.11,67495.0,星期一,0.0028,0.0422
2006-04-14,6.8,7.09,7.12,6.75,27439.0,星期五,-0.0015,0.0426
2006-04-13,7.01,6.81,7.1,6.81,33467.0,星期四,0.0029,-0.0285
2006-04-12,6.93,6.99,7.1,6.9,31265.0,星期三,0.0,0.0087
2006-04-11,6.91,6.93,6.99,6.78,23038.0,星期二,-0.0014,0.0029
2006-04-10,6.7,6.92,6.93,6.7,13677.0,星期一,-0.003,0.0328
2006-04-07,6.9,6.72,6.95,6.68,15600.0,星期五,0.0015,-0.0261
2006-04-06,6.91,6.89,6.97,6.78,16906.0,星期四,0.0044,-0.0029
2006-04-05,6.75,6.88,6.92,6.72,24654.0,星期三,0.0045,0.0193
2006-04-04,6.68,6.72,6.79,6.63,12080.0,星期二,0.0,0.006
2006-04-03,6.52,6.68,6.68,6.51,14017.0,星期一,0.0,0.0245
2006-03-31,6.53,6.52,6.58,6.45,4653.0,星期五,-0.0031,-0.0015
2006-03-30,6.6,6.55,6.65,6.54,6661.0,星期四,0.0,-0.0076
2006-03-29,6.69,6.6,6.69,6.56,8414.0,星期三,0.0015,-0.0135
2006-03-28,6.7,6.68,6.75,6.61,8053.0,星期二,-0.0015,-0.003
2006-03-27,6.68,6.71,6.75,6.58,12617.0,星期一,0.0152,0.0045
2006-03-24,6.65,6.58,6.7,6.57,6984.0,星期五,0.0,-0.0105
2006-03-23,6.58,6.65,6.72,6.54,11094.0,星期四,-0.0015,0.0106
2006-03-22,6.37,6.59,6.62,6.37,10094.0,星期三,-0.0078,0.0345
2006-03-21,6.31,6.42,6.49,6.31,8061.0,星期二,-0.0032,0.0174
2006-03-20,6.26,6.33,6.33,6.23,3973.0,星期一,-0.0063,0.0112
2006-03-17,6.28,6.3,6.35,6.24,4375.0,星期五,0.0096,0.0032
2006-03-16,6.29,6.22,6.29,6.22,3168.0,星期四,0.0016,-0.0111
2006-03-15,6.25,6.28,6.28,6.19,3620.0,星期三,-0.0016,0.0048
2006-03-14,6.19,6.26,6.26,6.18,3272.0,星期二,-0.0064,0.0113
2006-03-13,6.12,6.23,6.26,6.12,3217.0,星期一,-0.0129,0.018
2006-03-10,6.13,6.2,6.21,6.09,5391.0,星期五,0.0016,0.0114
2006-03-09,6.12,6.12,6.2,6.1,4180.0,星期四,-0.0065,0.0
2006-03-08,6.11,6.16,6.19,6.06,4900.0,星期三,0.0,0.0082
2006-03-07,6.41,6.11,6.41,6.11,10758.0,星期二,-0.0031,-0.0468
2006-03-06,6.49,6.43,6.54,6.41,3876.0,星期一,0.0,-0.0092
2006-03-03,6.49,6.49,6.56,6.41,6469.0,星期五,-0.0031,0.0
2006-03-02,6.64,6.51,6.64,6.5,9513.0,星期四,0.0,-0.0196
2006-03-01,6.54,6.64,6.64,6.53,5066.0,星期三,-0.0091,0.0153
2006-02-28,6.64,6.6,6.64,6.5,5060.0,星期二,0.0045,-0.006
2006-02-27,6.74,6.61,6.76,6.59,7669.0,星期一,0.003,-0.0193
2006-02-24,6.5,6.72,6.74,6.5,10336.0,星期五,-0.0091,0.0338
2006-02-23,6.58,6.56,6.63,6.4,7027.0,星期四,0.0,-0.003
2006-02-22,6.67,6.58,6.68,6.56,9913.0,星期三,-0.003,-0.0135
2006-02-21,6.4,6.69,6.73,6.4,10243.0,星期二,0.0031,0.0453
2006-02-20,6.54,6.38,6.57,6.36,10630.0,星期一,0.0015,-0.0245
2006-02-17,6.65,6.53,6.66,6.49,12441.0,星期五,0.0,-0.018
2006-02-16,6.87,6.65,6.91,6.61,13234.0,星期四,0.0015,-0.032
2006-02-15,6.98,6.86,7.04,6.84,13874.0,星期三,0.0014,-0.0172
2006-02-14,6.85,6.97,7.0,6.85,7810.0,星期二,-0.0072,0.0175
2006-02-13,6.98,6.9,7.02,6.87,14705.0,星期一,0.0014,-0.0115
2006-02-10,6.92,6.97,7.0,6.83,13807.0,星期五,0.0,0.0072
2006-02-09,6.83,6.92,6.97,6.78,21924.0,星期四,0.0074,0.0132
2006-02-08,6.72,6.78,6.79,6.68,9504.0,星期三,0.0,0.0089
2006-02-07,6.85,6.72,6.89,6.65,18415.0,星期二,0.0029,-0.019
2006-02-06,6.7,6.83,6.86,6.7,14794.0,星期一,0.0075,0.0194
2006-01-25,7.04,6.65,7.07,6.51,34280.0,星期三,-0.0028,-0.0554
2006-01-24,7.12,7.06,7.2,7.03,14022.0,星期二,-0.0042,-0.0084
2006-01-23,7.22,7.15,7.25,7.11,15115.0,星期一,-0.011,-0.0097
2006-01-20,7.35,7.3,7.36,7.26,13748.0,星期五,-0.0068,-0.0068
2006-01-19,7.4,7.4,7.42,7.22,22891.0,星期四,0.0041,0.0
2006-01-18,7.3,7.37,7.4,7.22,18344.0,星期三,0.0041,0.0096
2006-01-17,7.22,7.27,7.33,7.15,10742.0,星期二,0.0,0.0069
2006-01-16,7.23,7.22,7.37,7.2,15405.0,星期一,0.0,-0.0014
2006-01-13,7.25,7.23,7.44,7.15,22204.0,星期五,0.0083,-0.0028
2006-01-12,7.0,7.19,7.22,6.98,20507.0,星期四,0.0029,0.0271
2006-01-11,7.16,6.98,7.18,6.93,12752.0,星期三,0.0,-0.0251
2006-01-10,7.2,7.16,7.26,7.09,12080.0,星期二,-0.0055,-0.0056
2006-01-09,7.2,7.24,7.34,7.15,19566.0,星期一,0.0,0.0056
2006-01-06,6.98,7.2,7.29,6.91,37853.0,星期五,0.0,0.0315
2006-01-05,6.93,6.98,6.99,6.85,15410.0,星期四,0.0073,0.0072
2006-01-04,6.8,6.88,6.92,6.75,11496.0,星期三,-0.0015,0.0118
2005-12-30,6.99,6.81,7.0,6.8,9917.0,星期五,0.0058,-0.0258
2005-12-29,6.95,6.95,6.98,6.86,13320.0,星期四,0.0014,0.0
2005-12-28,6.77,6.94,6.95,6.76,14372.0,星期三,0.0,0.0251
2005-12-27,6.88,6.77,6.88,6.75,8741.0,星期二,0.0,-0.016
2005-12-26,6.82,6.88,6.93,6.8,14600.0,星期一,0.0029,0.0088
2005-12-23,6.87,6.8,6.87,6.74,14818.0,星期五,0.0,-0.0102
2005-12-22,6.78,6.87,6.88,6.77,4951.0,星期四,-0.0029,0.0133
2005-12-21,6.81,6.8,6.88,6.78,7944.0,星期三,0.0015,-0.0015
2005-12-20,6.94,6.8,6.99,6.79,16941.0,星期二,-0.0072,-0.0202
2005-12-19,7.05,6.99,7.08,6.94,7461.0,星期一,-0.0056,-0.0085
2005-12-16,6.9,7.09,7.09,6.87,8917.0,星期五,-0.0058,0.0275
2005-12-15,6.92,6.94,7.06,6.85,10121.0,星期四,0.0014,0.0029
2005-12-14,6.79,6.91,6.91,6.7,7503.0,星期三,-0.0029,0.0177
2005-12-13,6.88,6.81,6.93,6.71,7289.0,星期二,-0.0029,-0.0102
2005-12-12,6.9,6.9,6.98,6.81,7076.0,星期一,0.0,0.0
2005-12-09,6.7,6.9,6.93,6.67,8337.0,星期五,-0.0015,0.0299
2005-12-08,6.85,6.71,6.88,6.68,6607.0,星期四,0.0074,-0.0204
2005-12-07,6.72,6.8,6.87,6.69,7521.0,星期三,-0.0044,0.0119
2005-12-06,6.79,6.75,6.92,6.65,13268.0,星期二,0.0015,-0.0059
2005-12-05,7.2,6.78,7.2,6.75,17285.0,星期一,-0.0028,-0.0583
2005-12-02,7.21,7.22,7.3,7.1,24153.0,星期五,-0.0322,0.0014
2005-11-30,7.23,7.45,7.53,7.19,40901.0,星期三,0.0028,0.0304
2005-11-29,7.15,7.21,7.39,7.15,16399.0,星期二,0.0056,0.0084
2005-11-28,7.19,7.11,7.28,7.06,9214.0,星期一,-0.0083,-0.0111
2005-11-25,7.17,7.25,7.28,7.16,6842.0,星期五,-0.0055,0.0112
2005-11-24,7.18,7.21,7.32,7.13,15345.0,星期四,0.0014,0.0042
2005-11-23,7.04,7.17,7.29,7.01,15804.0,星期三,-0.0056,0.0185
2005-11-22,7.23,7.08,7.31,7.08,14701.0,星期二,0.0,-0.0207
2005-11-21,7.25,7.23,7.32,7.15,12314.0,星期一,0.0042,-0.0028
2005-11-18,6.82,7.22,7.35,6.8,29883.0,星期五,-0.0015,0.0587
2005-11-17,6.93,6.83,7.03,6.76,8454.0,星期四,0.0029,-0.0144
2005-11-16,6.8,6.91,6.95,6.68,16511.0,星期三,-0.0087,0.0162
2005-11-15,7.1,6.86,7.18,6.77,22382.0,星期二,0.0014,-0.0338
2005-11-14,7.2,7.09,7.36,7.02,16241.0,星期一,-0.011,-0.0153
2005-11-11,7.36,7.28,7.5,7.18,22425.0,星期五,0.0,-0.0109
2005-11-10,7.51,7.36,7.66,7.25,26501.0,星期四,-0.0027,-0.02
2005-11-09,7.3,7.53,7.74,7.26,36879.0,星期三,-0.0054,0.0315
2005-11-08,7.25,7.34,7.39,7.11,20201.0,星期二,-0.0149,0.0124
2005-11-07,7.26,7.36,7.59,7.2,52097.0,星期一,0.0083,0.0138
2005-11-04,6.5,7.2,7.3,6.49,90090.0,星期五,-0.2841,0.1077
2005-10-11,8.8,9.08,9.19,8.72,45052.0,星期二,0.0209,0.0318
2005-10-10,8.48,8.62,8.68,8.41,8606.0,星期一,-0.0117,0.0165
2005-09-30,8.4,8.58,8.82,8.4,22420.0,星期五,0.0072,0.0214
2005-09-29,8.26,8.34,8.39,8.18,7830.0,星期四,0.0,0.0097
2005-09-28,8.11,8.26,8.36,8.11,11728.0,星期三,-0.0559,0.0185
2005-09-16,8.79,8.59,8.79,8.59,14316.0,星期五,0.0046,-0.0228
2005-09-15,8.68,8.75,8.76,8.67,9946.0,星期四,-0.0034,0.0081
2005-09-14,8.7,8.71,8.79,8.62,15266.0,星期三,-0.0102,0.0011
2005-09-13,8.76,8.79,8.83,8.57,22430.0,星期二,-0.0023,0.0034
2005-09-12,8.96,8.78,8.96,8.7,12647.0,星期一,0.0011,-0.0201
2005-09-09,8.68,8.95,9.23,8.68,25916.0,星期五,-0.0125,0.0311
2005-09-08,8.92,8.79,9.0,8.66,12361.0,星期四,0.0045,-0.0146
2005-09-07,8.45,8.88,8.88,8.45,14369.0,星期三,-0.0105,0.0509
2005-09-06,8.88,8.54,8.89,8.4,16919.0,星期二,0.0,-0.0383
2005-09-05,8.9,8.88,9.05,8.71,19703.0,星期一,0.0079,-0.0022
2005-09-02,8.7,8.83,9.0,8.7,26512.0,星期五,0.014,0.0149
2005-09-01,8.35,8.58,8.61,8.35,19898.0,星期四,-0.0036,0.0275
2005-08-31,8.18,8.38,8.44,8.18,16930.0,星期三,0.0111,0.0244
2005-08-30,8.13,8.09,8.21,8.03,8324.0,星期二,-0.0073,-0.0049
2005-08-29,8.45,8.19,8.5,8.13,11198.0,星期一,0.0,-0.0308
2005-08-26,8.47,8.45,8.62,8.35,12064.0,星期五,0.0036,-0.0024
2005-08-25,8.4,8.44,8.48,8.25,12790.0,星期四,0.0,0.0048
2005-08-24,8.05,8.4,8.68,8.05,29617.0,星期三,0.0113,0.0435
2005-08-23,8.1,7.96,8.1,7.75,11850.0,星期二,-0.0037,-0.0173
2005-08-22,8.0,8.13,8.16,7.91,10618.0,星期一,-0.0025,0.0163
2005-08-19,7.89,8.02,8.25,7.81,20703.0,星期五,-0.0125,0.0165
2005-08-18,8.74,7.99,8.84,7.9,27198.0,星期四,-0.0023,-0.0858
2005-08-17,8.37,8.76,8.9,8.36,28794.0,星期三,-0.0106,0.0466
2005-08-16,8.57,8.46,8.8,8.4,42824.0,星期二,0.0082,-0.0128
2005-08-15,7.85,8.5,8.53,7.85,32032.0,星期一,0.0013,0.0828
2005-08-12,7.93,7.84,8.09,7.74,20954.0,星期五,-0.0075,-0.0113
2005-08-11,8.11,7.99,8.11,7.83,23948.0,星期四,-0.0012,-0.0148
2005-08-10,7.88,8.12,8.19,7.64,28529.0,星期三,-0.0013,0.0305
2005-08-09,7.55,7.89,7.96,7.46,35871.0,星期二,0.0027,0.045
2005-08-08,7.5,7.53,7.9,7.39,42714.0,星期一,0.0302,0.004
2005-08-05,6.89,7.28,7.44,6.89,30928.0,星期五,0.0,0.0566
2005-08-04,6.8,6.89,7.0,6.79,14808.0,星期四,-0.0058,0.0132
2005-08-03,6.89,6.84,6.95,6.8,13618.0,星期三,0.0015,-0.0073
2005-08-02,6.9,6.88,6.9,6.75,10482.0,星期二,0.0044,-0.0029
2005-08-01,6.7,6.87,6.89,6.68,11988.0,星期一,0.0,0.0254
2005-07-29,6.64,6.7,6.76,6.61,8186.0,星期五,-0.0045,0.009
2005-07-28,6.79,6.67,6.85,6.66,16703.0,星期四,0.0,-0.0177
2005-07-27,6.58,6.79,6.8,6.57,18419.0,星期三,0.0046,0.0319
2005-07-26,6.37,6.55,6.66,6.37,13532.0,星期二,0.0,0.0283
2005-07-25,6.58,6.37,6.58,6.28,12568.0,星期一,-0.009,-0.0319
2005-07-22,6.45,6.64,6.74,6.28,16282.0,星期五,0.0078,0.0295
2005-07-21,6.5,6.4,6.54,6.32,7034.0,星期四,0.0,-0.0154
2005-07-20,6.5,6.5,6.6,6.42,11231.0,星期三,0.0,0.0
2005-07-19,6.2,6.5,6.55,6.2,18967.0,星期二,-0.0112,0.0484
2005-07-18,6.0,6.27,6.3,6.0,11727.0,星期一,0.0033,0.045
2005-07-15,6.14,5.98,6.25,5.97,5865.0,星期五,-0.0032,-0.0261
2005-07-14,6.1,6.16,6.26,6.1,5282.0,星期四,-0.0097,0.0098
2005-07-13,6.3,6.16,6.36,6.15,6951.0,星期三,0.0,-0.0222
2005-07-12,5.91,6.3,6.38,5.88,10397.0,星期二,-0.0067,0.066
2005-07-11,6.21,5.95,6.34,5.9,7675.0,星期一,0.0264,-0.0419
2005-07-08,6.46,6.05,6.48,6.0,9568.0,星期五,0.0,-0.0635
2005-07-07,6.4,6.46,6.55,6.4,3517.0,星期四,-0.0062,0.0094
2005-07-06,6.56,6.44,6.69,6.38,5661.0,星期三,0.0031,-0.0183
2005-07-05,6.65,6.54,6.71,6.47,5618.0,星期二,0.0076,-0.0165
2005-07-04,6.4,6.6,6.66,6.37,6927.0,星期一,-0.0139,0.0312
2005-07-01,6.71,6.49,6.8,6.46,8613.0,星期五,-0.0089,-0.0328
2005-06-30,7.02,6.77,7.05,6.72,12955.0,星期四,-0.0043,-0.0356
2005-06-29,7.31,7.05,7.43,7.02,15223.0,星期三,0.0224,-0.0356
2005-06-28,7.29,7.15,7.29,7.11,14792.0,星期二,-0.0122,-0.0192
2005-06-27,7.06,7.38,7.57,7.06,33102.0,星期一,0.0247,0.0453
2005-06-24,6.72,6.89,6.93,6.72,10641.0,星期五,-0.0044,0.0253
2005-06-23,7.1,6.75,7.2,6.7,16948.0,星期四,-0.007,-0.0493
2005-06-22,6.96,7.15,7.28,6.86,23934.0,星期三,-0.0071,0.0273
2005-06-21,7.04,7.01,7.18,6.86,30118.0,星期二,0.0043,-0.0043
2005-06-20,6.54,7.01,7.04,6.4,34645.0,星期一,0.0219,0.0719
2005-06-17,6.77,6.4,6.77,6.4,11934.0,星期五,0.0165,-0.0547
2005-06-16,6.49,6.66,6.74,6.37,27387.0,星期四,0.0334,0.0262
2005-06-15,6.32,6.28,6.46,6.16,7361.0,星期三,0.0016,-0.0063
2005-06-14,6.49,6.31,6.54,6.29,5278.0,星期二,0.0015,-0.0277
2005-06-13,6.57,6.48,6.57,6.36,6592.0,星期一,0.0266,-0.0137
2005-06-10,6.71,6.4,6.71,6.37,13282.0,星期五,-0.0089,-0.0462
2005-06-09,6.65,6.77,7.05,6.5,32370.0,星期四,-0.0089,0.018
2005-06-08,6.3,6.71,6.76,6.22,23639.0,星期三,0.0129,0.0651
2005-06-07,6.06,6.22,6.24,5.9,13927.0,星期二,0.01,0.0264
2005-06-06,6.24,6.0,6.24,5.75,5879.0,星期一,0.0703,-0.0385
2005-06-03,5.91,5.83,6.02,5.76,3736.0,星期五,-0.0117,-0.0135
2005-06-02,6.0,5.98,6.06,5.93,2980.0,星期四,0.0033,-0.0033
2005-06-01,6.16,5.98,6.18,5.95,3016.0,星期三,0.0049,-0.0292
2005-05-31,6.16,6.13,6.21,6.07,2358.0,星期二,0.0,-0.0049
2005-05-30,5.91,6.16,6.19,5.9,3524.0,星期一,-0.0084,0.0423
2005-05-27,5.93,5.96,6.18,5.93,4048.0,星期五,-0.0215,0.0051
2005-05-26,6.18,6.06,6.3,6.0,5124.0,星期四,-0.0128,-0.0194
2005-05-25,6.2,6.26,6.39,6.2,3062.0,星期三,-0.0159,0.0097
2005-05-24,6.08,6.3,6.37,6.01,5466.0,星期二,-0.0033,0.0362
2005-05-23,6.29,6.1,6.4,6.08,6795.0,星期一,-0.0293,-0.0302
2005-05-20,6.67,6.48,6.74,6.48,4504.0,星期五,-0.0074,-0.0285
2005-05-19,6.59,6.72,6.75,6.52,7633.0,星期四,-0.009,0.0197
2005-05-18,6.54,6.65,6.69,6.43,10577.0,星期三,-0.0239,0.0168
2005-05-17,6.91,6.7,6.91,6.62,31097.0,星期二,0.036,-0.0304
2005-05-16,6.67,6.67,6.67,6.67,5098.0,星期一,0.1007,0.0
2005-05-13,5.96,6.06,6.16,5.85,4098.0,星期五,-0.0067,0.0168
2005-05-12,5.81,6.0,6.06,5.74,4137.0,星期四,-0.0051,0.0327
2005-05-11,6.0,5.84,6.04,5.83,3161.0,星期三,0.0,-0.0267
2005-05-10,6.21,6.0,6.3,5.59,8081.0,星期二,0.0016,-0.0338
2005-05-09,6.63,6.2,6.65,6.2,5205.0,星期一,0.02,-0.0649
2005-04-29,6.58,6.5,6.72,6.5,5498.0,星期五,-0.0164,-0.0122
2005-04-28,6.67,6.69,6.78,6.22,13697.0,星期四,-0.0291,0.003
2005-04-27,7.41,6.87,7.45,6.87,13660.0,星期三,-0.0288,-0.0729
2005-04-26,7.68,7.63,7.75,7.55,4823.0,星期二,0.0066,-0.0065
2005-04-25,7.59,7.63,7.7,7.48,6014.0,星期一,-0.0013,0.0053
2005-04-22,7.8,7.6,7.8,7.4,8210.0,星期五,-0.0013,-0.0256
2005-04-21,7.65,7.81,7.82,7.6,5621.0,星期四,-0.0013,0.0209
2005-04-20,8.0,7.66,8.0,7.59,8862.0,星期三,-0.0025,-0.0425
2005-04-19,8.01,8.02,8.1,7.92,11420.0,星期二,-0.0087,0.0012
2005-04-18,8.1,8.08,8.12,7.85,16495.0,星期一,-0.0049,-0.0025
2005-04-15,7.75,8.14,8.16,7.62,34254.0,星期五,-0.0064,0.0503
2005-04-14,7.81,7.8,8.1,7.7,26784.0,星期四,0.0399,-0.0013
2005-04-12,7.56,7.51,7.66,7.5,7202.0,星期二,-0.0066,-0.0066
2005-04-11,7.68,7.61,7.83,7.57,13362.0,星期一,0.0026,-0.0091
2005-04-08,7.48,7.66,7.7,7.45,9423.0,星期五,-0.0027,0.0241
2005-04-07,7.3,7.5,7.69,7.19,15601.0,星期四,0.0,0.0274
2005-04-06,7.09,7.3,7.37,7.06,10180.0,星期三,0.0,0.0296
2005-04-05,7.14,7.09,7.23,7.08,6632.0,星期二,-0.0042,-0.007
2005-04-04,7.29,7.17,7.32,7.13,7331.0,星期一,-0.0202,-0.0165
2005-04-01,7.15,7.44,7.5,7.03,6540.0,星期五,0.0,0.0406
2005-03-31,7.02,7.15,7.15,7.01,3917.0,星期四,-0.0127,0.0185
2005-03-30,7.46,7.11,7.47,7.06,8169.0,星期三,-0.0106,-0.0469
2005-03-29,7.5,7.54,7.67,7.5,2682.0,星期二,-0.0079,0.0053
2005-03-28,7.74,7.56,7.74,7.44,4482.0,星期一,-0.0013,-0.0233
2005-03-25,7.86,7.75,7.91,7.69,4351.0,星期五,0.0,-0.014
2005-03-24,7.54,7.86,7.86,7.5,6142.0,星期四,-0.0118,0.0424
2005-03-23,7.51,7.63,7.78,7.42,4807.0,星期三,-0.0013,0.016
2005-03-22,7.61,7.52,7.87,7.52,9044.0,星期二,0.0013,-0.0118
2005-03-21,7.48,7.6,7.6,7.36,3116.0,星期一,-0.0013,0.016
2005-03-18,7.6,7.49,7.68,7.44,3658.0,星期五,-0.0052,-0.0145
2005-03-17,7.65,7.64,7.74,7.62,2642.0,星期四,0.0,-0.0013
2005-03-16,7.89,7.65,7.89,7.6,4549.0,星期三,0.0207,-0.0304
2005-03-15,7.95,7.73,7.98,7.7,4539.0,星期二,0.0127,-0.0277
2005-03-14,8.0,7.85,8.03,7.74,6059.0,星期一,0.0013,-0.0188
2005-03-11,8.0,7.99,8.08,7.86,6293.0,星期五,-0.0025,-0.0012
2005-03-10,8.3,8.02,8.3,8.0,8076.0,星期四,0.0,-0.0337
2005-03-09,8.2,8.3,8.35,8.2,8598.0,星期三,-0.0203,0.0122
2005-03-08,8.1,8.37,8.4,8.1,7224.0,星期二,0.0,0.0333
2005-03-07,8.05,8.1,8.2,8.03,3131.0,星期一,-0.0012,0.0062
2005-03-04,8.2,8.06,8.25,8.04,4002.0,星期五,0.0,-0.0171
2005-03-03,8.12,8.2,8.22,8.06,3818.0,星期四,-0.0049,0.0099
2005-03-02,8.39,8.16,8.44,8.16,4790.0,星期三,0.0096,-0.0274
2005-03-01,8.39,8.31,8.45,8.17,5000.0,星期二,0.0,-0.0095
2005-02-28,8.38,8.39,8.5,8.35,5155.0,星期一,-0.0071,0.0012
2005-02-25,8.46,8.44,8.65,8.42,11433.0,星期五,-0.0024,-0.0024
2005-02-24,8.43,8.48,8.53,8.31,7316.0,星期四,-0.0024,0.0059
2005-02-23,8.46,8.45,8.58,8.31,13184.0,星期三,0.0,-0.0012
2005-02-22,8.05,8.46,8.56,7.97,17205.0,星期二,0.005,0.0509
2005-02-21,7.86,8.01,8.03,7.81,7496.0,星期一,0.0064,0.0191
2005-02-18,7.9,7.81,7.99,7.8,8970.0,星期五,0.026,-0.0114
2005-02-17,7.65,7.7,7.72,7.6,1894.0,星期四,-0.0013,0.0065
2005-02-16,7.8,7.66,7.92,7.65,4580.0,星期三,0.0117,-0.0179
2005-02-04,7.48,7.71,7.77,7.47,5748.0,星期五,0.0013,0.0307
2005-02-03,7.81,7.47,7.85,7.47,6900.0,星期四,0.0051,-0.0435
2005-02-02,7.25,7.77,7.8,7.21,8548.0,星期三,-0.0014,0.0717
2005-02-01,7.21,7.26,7.38,7.17,2992.0,星期二,-0.0028,0.0069
2005-01-31,7.38,7.23,7.38,7.2,2907.0,星期一,0.0,-0.0203
2005-01-28,7.38,7.38,7.6,7.38,2102.0,星期五,-0.016,0.0
2005-01-27,7.62,7.5,7.63,7.48,3251.0,星期四,-0.0039,-0.0157
2005-01-26,7.88,7.65,7.88,7.63,3813.0,星期三,0.0,-0.0292
2005-01-25,8.0,7.88,8.0,7.71,7600.0,星期二,-0.0244,-0.015
2005-01-24,8.2,8.2,8.38,8.0,11996.0,星期一,0.0567,0.0
2005-01-21,7.43,7.76,7.79,7.26,7511.0,星期五,0.0054,0.0444
2005-01-20,7.7,7.39,7.7,7.3,6284.0,星期四,0.0,-0.0403
2005-01-19,7.85,7.7,7.85,7.7,3070.0,星期三,-0.0063,-0.0191
2005-01-18,7.72,7.9,7.9,7.58,4886.0,星期二,-0.0077,0.0233
2005-01-17,8.1,7.78,8.1,7.75,5760.0,星期一,-0.0158,-0.0395
2005-01-14,8.44,8.23,8.58,8.2,5313.0,星期五,-0.0024,-0.0249
2005-01-13,8.5,8.46,8.54,8.41,3610.0,星期四,-0.0058,-0.0047
2005-01-12,8.62,8.55,8.62,8.43,3415.0,星期三,0.0,-0.0081
2005-01-11,8.74,8.62,8.74,8.6,2539.0,星期二,0.0046,-0.0137
2005-01-10,8.61,8.7,8.79,8.61,2303.0,星期一,-0.0137,0.0105
2005-01-07,8.7,8.73,8.88,8.62,1968.0,星期五,0.0,0.0034
2005-01-06,8.77,8.7,8.85,8.67,1953.0,星期四,-0.0079,-0.008
2005-01-05,8.76,8.84,9.0,8.68,1421.0,星期三,0.0069,0.0091
2005-01-04,8.61,8.7,8.85,8.5,880.0,星期二,-0.0271,0.0105
2004-12-31,8.91,8.85,8.91,8.74,1735.0,星期五,0.0011,-0.0067
2004-12-30,8.82,8.9,8.99,8.7,2599.0,星期四,-0.0023,0.0091
2004-12-29,9.03,8.84,9.14,8.78,4342.0,星期三,-0.0055,-0.021
2004-12-28,9.09,9.08,9.1,8.96,2317.0,星期二,0.01,-0.0011
2004-12-27,9.05,9.0,9.12,8.93,3636.0,星期一,0.0022,-0.0055
2004-12-24,8.86,9.03,9.12,8.86,2216.0,星期五,-0.0056,0.0192
2004-12-23,9.18,8.91,9.2,8.9,4828.0,星期四,0.0044,-0.0294
2004-12-22,8.81,9.14,9.25,8.77,5613.0,星期三,0.0046,0.0375
2004-12-21,8.72,8.77,8.92,8.72,3009.0,星期二,0.0,0.0057
2004-12-20,8.87,8.72,8.93,8.7,3759.0,星期一,-0.0155,-0.0169
2004-12-17,9.3,9.01,9.3,9.0,6971.0,星期五,-0.0011,-0.0312
2004-12-16,9.55,9.31,9.55,9.3,3918.0,星期四,-0.0031,-0.0251
2004-12-15,9.38,9.58,9.65,9.38,7492.0,星期三,-0.0042,0.0213
2004-12-14,9.33,9.42,9.45,9.29,2635.0,星期二,-0.0032,0.0096
2004-12-13,9.22,9.36,9.5,9.15,3899.0,星期一,-0.0356,0.0152
2004-12-09,9.25,9.56,9.7,9.25,7034.0,星期四,-0.018,0.0335
2004-12-08,9.32,9.42,9.55,9.32,3795.0,星期三,0.0076,0.0107
2004-12-07,9.5,9.25,9.68,9.25,5114.0,星期二,-0.0094,-0.0263
2004-12-06,9.6,9.59,9.65,9.42,4568.0,星期一,0.0021,-0.001
2004-12-03,9.38,9.58,9.93,9.25,13275.0,星期五,0.0108,0.0213
2004-12-02,9.4,9.28,9.4,9.01,9095.0,星期四,0.0,-0.0128
2004-12-01,9.56,9.4,9.66,9.37,7169.0,星期三,-0.0031,-0.0167
2004-11-30,9.55,9.59,9.8,9.52,6996.0,星期二,-0.0155,0.0042
2004-11-29,10.0,9.7,10.15,9.55,8024.0,星期一,-0.004,-0.03
2004-11-26,10.07,10.04,10.19,10.02,5721.0,星期五,0.005,-0.003
2004-11-25,10.33,10.02,10.33,10.01,8528.0,星期四,0.001,-0.03
2004-11-24,10.18,10.32,10.45,10.18,10702.0,星期三,-0.0029,0.0138
2004-11-23,10.44,10.21,10.5,10.15,12854.0,星期二,-0.0067,-0.022
2004-11-22,10.5,10.51,10.64,10.41,8521.0,星期一,0.0,0.001
2004-11-19,10.75,10.5,10.77,10.33,14277.0,星期五,0.0,-0.0233
2004-11-18,10.65,10.75,10.84,10.6,7179.0,星期四,0.0028,0.0094
2004-11-17,10.85,10.62,10.9,10.57,9728.0,星期三,0.0018,-0.0212
2004-11-16,11.0,10.83,11.08,10.71,8469.0,星期二,0.0018,-0.0155
2004-11-15,10.88,10.98,11.1,10.8,11383.0,星期一,0.0121,0.0092
2004-11-12,10.69,10.75,10.98,10.65,11982.0,星期五,0.0,0.0056
2004-11-11,10.98,10.69,11.2,10.69,34695.0,星期四,0.0073,-0.0264
2004-11-10,10.33,10.9,10.96,10.17,28912.0,星期三,0.0049,0.0552
2004-11-09,10.3,10.28,10.38,10.14,10488.0,星期二,0.0108,-0.0019
2004-11-08,10.1,10.19,10.29,10.03,7616.0,星期一,-0.0049,0.0089
2004-11-05,10.01,10.15,10.33,10.01,13099.0,星期五,0.007,0.014
2004-11-04,10.45,9.94,10.48,9.89,14714.0,星期四,0.0087,-0.0488
2004-11-03,9.85,10.36,10.4,9.8,17432.0,星期三,0.0051,0.0518
2004-11-02,10.05,9.8,10.08,9.74,10175.0,星期二,-0.004,-0.0249
2004-11-01,10.18,10.09,10.41,10.01,11273.0,星期一,-0.0068,-0.0088
2004-10-29,9.45,10.25,10.45,9.36,32935.0,星期五,-0.0483,0.0847
2004-10-28,10.4,9.93,10.48,9.71,31048.0,星期四,0.0097,-0.0452
2004-10-27,9.6,10.3,10.5,9.6,41450.0,星期三,0.0031,0.0729
2004-10-26,8.94,9.57,9.68,8.94,19834.0,星期二,-0.0033,0.0705
2004-10-25,9.5,8.97,9.64,8.83,19051.0,星期一,0.0182,-0.0558
2004-10-22,8.88,9.33,9.33,8.45,16952.0,星期五,0.0091,0.0507
2004-10-21,8.84,8.8,8.95,8.66,13801.0,星期四,0.0,-0.0045
2004-10-20,8.69,8.84,8.85,8.3,20758.0,星期三,-0.0091,0.0173
2004-10-19,9.6,8.77,9.78,8.7,23140.0,星期二,0.001,-0.0865
2004-10-18,9.5,9.59,9.84,9.36,13287.0,星期一,-0.3462,0.0095
2004-10-15,14.3,14.53,15.15,14.3,14106.0,星期五,-0.0816,0.0161
2004-10-14,17.35,15.57,17.35,15.57,16844.0,星期四,0.0029,-0.1026
2004-10-13,17.25,17.3,17.64,17.25,8437.0,星期三,0.0006,0.0029
2004-10-12,16.88,17.24,17.74,16.87,15634.0,星期二,-0.0041,0.0213
2004-10-11,17.74,16.95,18.08,16.9,23720.0,星期一,0.008,-0.0445
2004-10-08,16.4,17.6,17.88,16.4,18792.0,星期五,-0.0055,0.0732
2004-09-30,16.45,16.49,17.08,16.3,18722.0,星期四,0.008,0.0024
2004-09-29,16.0,16.32,16.56,15.92,10987.0,星期三,0.0038,0.02
2004-09-28,15.74,15.94,16.16,15.74,5566.0,星期二,0.0,0.0127
2004-09-27,16.15,15.74,16.4,15.5,11256.0,星期一,0.0157,-0.0254
2004-09-24,16.85,15.9,17.48,15.88,25714.0,星期五,0.0163,-0.0564
2004-09-23,16.7,16.58,16.81,16.0,18260.0,星期四,-0.0012,-0.0072
2004-09-22,16.59,16.72,17.09,16.29,22165.0,星期三,-0.0183,0.0078
2004-09-21,15.71,16.9,17.23,15.33,29995.0,星期二,-0.0013,0.0757
2004-09-20,15.46,15.73,15.81,15.3,26491.0,星期一,0.0065,0.0175
2004-09-17,14.99,15.36,15.42,14.6,27532.0,星期五,0.0267,0.0247
2004-09-16,14.05,14.6,14.82,13.93,20788.0,星期四,0.0,0.0391
2004-09-15,13.0,14.05,14.36,12.91,15759.0,星期三,-0.0038,0.0808
2004-09-14,12.88,13.05,13.2,12.82,3792.0,星期二,0.0174,0.0132
2004-09-13,13.06,12.66,13.1,12.55,3978.0,星期一,-0.0023,-0.0306
2004-09-10,12.88,13.09,13.12,12.8,2090.0,星期五,0.0,0.0163
2004-09-09,12.95,12.88,13.15,12.73,3194.0,星期四,-0.0077,-0.0054
2004-09-08,13.33,13.05,13.34,13.0,2941.0,星期三,0.0,-0.021
2004-09-07,13.18,13.33,13.44,13.14,1374.0,星期二,-0.009,0.0114
2004-09-06,13.16,13.3,13.35,13.15,1213.0,星期一,-0.009,0.0106
2004-09-03,13.35,13.28,13.63,13.2,2704.0,星期五,-0.0126,-0.0052
2004-09-02,13.2,13.52,13.6,13.0,5771.0,星期四,-0.0344,0.0242
2004-08-31,13.81,13.67,14.15,13.57,12197.0,星期二,0.0345,-0.0101
2004-08-30,12.65,13.35,13.55,12.32,10681.0,星期一,-0.0109,0.0553
2004-08-27,13.01,12.79,13.2,12.68,5945.0,星期五,-0.0008,-0.0169
2004-08-26,13.21,13.02,13.33,13.02,4643.0,星期四,0.0,-0.0144
2004-08-25,13.48,13.21,13.55,13.18,5043.0,星期三,0.0,-0.02
2004-08-24,13.31,13.48,13.85,13.18,8407.0,星期二,-0.0141,0.0128
2004-08-23,13.4,13.5,13.57,13.03,5255.0,星期一,-0.0111,0.0075
2004-08-20,13.28,13.55,13.75,13.11,10980.0,星期五,0.0137,0.0203
2004-08-19,13.11,13.1,13.59,12.88,10708.0,星期四,-0.018,-0.0008
2004-08-18,14.41,13.35,14.5,13.31,14276.0,星期三,0.0014,-0.0736
2004-08-17,14.3,14.39,14.67,14.18,4509.0,星期二,-0.0021,0.0063
2004-08-16,15.2,14.33,15.2,14.2,11842.0,星期一,0.0,-0.0572
2004-08-13,15.3,15.2,15.56,15.08,6263.0,星期五,-0.0058,-0.0065
2004-08-12,15.0,15.39,15.45,14.82,11913.0,星期四,-0.0106,0.026
2004-08-11,15.64,15.16,15.7,15.03,13681.0,星期三,0.0058,-0.0307
2004-08-10,14.92,15.55,15.57,14.91,16436.0,星期二,0.0007,0.0422
2004-08-09,14.88,14.91,15.16,14.6,8345.0,星期一,-0.0172,0.002
2004-08-06,15.38,15.14,15.45,14.76,15208.0,星期五,0.0013,-0.0156
2004-08-05,15.24,15.36,15.78,15.07,18103.0,星期四,-0.0007,0.0079
2004-08-04,15.14,15.25,15.5,14.95,17162.0,星期三,-0.0137,0.0073
2004-08-03,14.95,15.35,15.55,14.95,24729.0,星期二,-0.0033,0.0268
2004-08-02,14.93,15.0,15.2,14.78,19768.0,星期一,-0.0145,0.0047
2004-07-30,14.58,15.15,15.5,14.4,45492.0,星期五,0.0268,0.0391
2004-07-29,13.3,14.2,14.58,13.3,21429.0,星期四,0.0,0.0677
2004-07-28,12.81,13.3,13.3,12.5,5992.0,星期三,0.0039,0.0383
2004-07-27,13.6,12.76,13.65,12.71,10024.0,星期二,-0.0007,-0.0618
2004-07-26,13.75,13.61,13.76,13.5,4840.0,星期一,-0.0029,-0.0102
2004-07-23,13.7,13.79,13.79,13.4,5830.0,星期五,0.0088,0.0066
2004-07-22,13.88,13.58,14.2,13.53,7827.0,星期四,0.0036,-0.0216
2004-07-21,14.4,13.83,14.4,13.72,8757.0,星期三,0.0141,-0.0396
2004-07-20,14.45,14.2,14.67,14.2,7394.0,星期二,-0.0069,-0.0173
2004-07-19,14.31,14.55,14.73,14.1,11696.0,星期一,-0.0042,0.0168
2004-07-16,13.75,14.37,14.6,13.65,17844.0,星期五,0.0,0.0451
2004-07-15,13.98,13.75,14.2,13.6,8536.0,星期四,0.0065,-0.0165
2004-07-14,13.8,13.89,13.95,13.3,8795.0,星期三,0.0029,0.0065
2004-07-13,14.13,13.76,14.2,13.31,13117.0,星期二,0.0078,-0.0262
2004-07-12,15.3,14.02,15.3,14.0,14306.0,星期一,-0.0007,-0.0837
2004-07-09,15.4,15.31,15.79,15.26,14062.0,星期五,0.0065,-0.0058
2004-07-08,15.3,15.3,15.51,15.05,9228.0,星期四,-0.0033,0.0
2004-07-07,15.76,15.35,15.85,15.25,9838.0,星期三,-0.0057,-0.026
2004-07-06,15.61,15.85,16.2,15.52,11569.0,星期二,-0.0006,0.0154
2004-07-05,15.75,15.62,15.8,15.3,8868.0,星期一,0.0064,-0.0083
2004-07-02,16.48,15.65,16.75,15.22,24045.0,星期五,-0.0012,-0.0504
2004-07-01,16.35,16.5,16.84,16.3,16416.0,星期四,-0.003,0.0092
2004-06-30,16.39,16.4,16.97,16.31,26493.0,星期三,0.0193,0.0006
2004-06-29,16.8,16.08,17.0,15.62,38710.0,星期二,-0.0311,-0.0429
2004-06-28,17.8,17.34,18.0,17.34,37051.0,星期一,-0.0763,-0.0258
2004-06-25,21.0,19.27,22.88,18.8,143798.0,星期五,,-0.0824
