time,open,close,high,low,vol,day,open-percent,close-percent
2026-06-26,14.31,13.51,14.47,13.51,151231.0,星期五,-0.0049,-0.0559
2026-06-25,14.12,14.38,14.62,13.88,163498.0,星期四,-0.0028,0.0184
2026-06-24,14.43,14.16,14.84,14.1,136941.0,星期三,-0.011,-0.0187
2026-06-23,14.45,14.59,14.98,14.35,209042.0,星期二,-0.0034,0.0097
2026-06-22,13.7,14.5,14.55,13.56,188626.0,星期一,0.0,0.0584
2026-06-18,14.29,13.7,14.29,13.64,98058.0,星期四,0.007,-0.0413
2026-06-17,14.42,14.19,14.51,14.13,80636.0,星期三,0.0,-0.016
2026-06-16,14.25,14.42,14.52,14.11,115441.0,星期二,-0.0007,0.0119
2026-06-15,13.81,14.26,14.63,13.81,160924.0,星期一,-0.0022,0.0326
2026-06-12,13.4,13.84,13.97,13.34,132824.0,星期五,0.0045,0.0328
2026-06-11,13.5,13.34,13.74,13.17,91191.0,星期四,-0.0132,-0.0119
2026-06-10,13.65,13.68,13.77,13.51,61909.0,星期三,-0.0029,0.0022
2026-06-09,13.55,13.69,13.75,13.43,64601.0,星期二,0.0,0.0103
2026-06-08,13.65,13.55,13.9,13.41,87611.0,星期一,-0.0187,-0.0073
2026-06-05,13.99,13.91,14.18,13.9,73639.0,星期五,-0.0064,-0.0057
2026-06-04,14.22,14.08,14.38,13.96,83375.0,星期四,-0.0035,-0.0098
2026-06-03,14.37,14.27,14.54,14.0,90513.0,星期三,0.0,-0.007
2026-06-02,14.57,14.37,14.59,14.24,88648.0,星期二,0.0028,-0.0137
2026-06-01,14.5,14.53,14.72,14.38,84070.0,星期一,-0.0055,0.0021
2026-05-29,14.88,14.58,15.03,14.56,135831.0,星期五,0.002,-0.0202
2026-05-28,15.1,14.85,15.17,14.58,145864.0,星期四,-0.0059,-0.0166
2026-05-27,15.08,15.19,15.6,14.93,171082.0,星期三,0.0007,0.0073
2026-05-26,15.05,15.07,15.35,14.86,124242.0,星期二,-0.0086,0.0013
2026-05-25,14.76,15.18,15.19,14.73,142070.0,星期一,0.0041,0.0285
2026-05-22,15.2,14.7,15.25,14.61,156753.0,星期五,0.0066,-0.0329
2026-05-21,14.95,15.1,15.98,14.95,254101.0,星期四,0.0034,0.01
2026-05-20,14.97,14.9,15.01,14.78,70130.0,星期三,-0.0047,-0.0047
2026-05-19,14.93,15.04,15.07,14.8,78250.0,星期二,0.0,0.0074
2026-05-18,14.99,14.93,15.13,14.82,78254.0,星期一,-0.0033,-0.004
2026-05-15,15.44,15.04,15.59,15.0,126622.0,星期五,-0.0026,-0.0259
2026-05-14,15.94,15.48,15.98,15.48,127606.0,星期四,0.0006,-0.0289
2026-05-13,16.0,15.93,16.18,15.82,126841.0,星期三,-0.0062,-0.0044
2026-05-12,16.08,16.1,16.28,15.96,136520.0,星期二,-0.005,0.0012
2026-05-11,15.87,16.16,16.26,15.82,199780.0,星期一,0.0006,0.0183
2026-05-08,15.89,15.86,15.99,15.77,102124.0,星期五,-0.0025,-0.0019
2026-05-07,16.08,15.93,16.19,15.81,140490.0,星期四,0.005,-0.0093
2026-05-06,15.6,16.0,16.39,15.59,241173.0,星期三,0.0052,0.0256
2026-04-30,15.33,15.52,15.8,15.33,129789.0,星期四,0.0,0.0124
2026-04-29,15.23,15.33,15.37,15.19,79327.0,星期三,-0.0039,0.0066
2026-04-28,15.18,15.29,15.49,15.18,96989.0,星期二,-0.0026,0.0072
2026-04-27,15.15,15.22,15.32,14.66,108637.0,星期一,-0.0066,0.0046
2026-04-24,15.45,15.25,15.5,15.21,95033.0,星期五,-0.0045,-0.0129
2026-04-23,15.76,15.52,15.89,15.46,107624.0,星期四,-0.0013,-0.0152
2026-04-22,15.51,15.78,15.87,15.42,134452.0,星期三,-0.0032,0.0174
2026-04-21,15.79,15.56,15.82,15.51,100841.0,星期二,-0.005,-0.0146
2026-04-20,15.69,15.87,15.89,15.68,102380.0,星期一,0.0,0.0115
2026-04-17,15.71,15.69,15.76,15.54,103000.0,星期五,-0.0038,-0.0013
2026-04-16,15.78,15.77,15.8,15.66,103554.0,星期四,0.0064,-0.0006
2026-04-15,16.02,15.68,16.06,15.67,113317.0,星期三,0.0038,-0.0212
2026-04-14,16.06,15.96,16.1,15.74,136635.0,星期二,0.0082,-0.0062
2026-04-13,15.76,15.93,16.04,15.71,137966.0,星期一,-0.0069,0.0108
2026-04-10,15.73,15.87,16.3,15.73,276504.0,星期五,0.0083,0.0089
2026-04-09,15.98,15.6,15.98,15.55,194323.0,星期四,-0.0154,-0.0238
2026-04-08,15.94,16.23,16.29,15.82,264702.0,星期三,0.0134,0.0182
2026-04-07,15.65,15.73,15.85,15.52,103928.0,星期二,0.0032,0.0051
2026-04-03,15.76,15.6,15.91,15.6,126218.0,星期五,-0.0032,-0.0102
2026-04-02,15.7,15.81,15.91,15.56,155405.0,星期四,-0.0013,0.007
2026-04-01,15.82,15.72,15.87,15.57,110084.0,星期三,0.0187,-0.0063
2026-03-31,15.72,15.53,15.91,15.53,124252.0,星期二,-0.0063,-0.0121
2026-03-30,15.3,15.82,15.88,15.2,199103.0,星期一,-0.0065,0.034
2026-03-27,15.2,15.4,15.54,15.11,70762.0,星期五,-0.0091,0.0132
2026-03-26,15.61,15.34,15.69,15.3,88705.0,星期四,-0.0051,-0.0173
2026-03-25,15.53,15.69,15.82,15.44,126550.0,星期三,0.0026,0.0103
2026-03-24,15.47,15.49,15.54,15.23,132393.0,星期二,0.0111,0.0013
2026-03-23,15.62,15.3,15.83,15.21,161794.0,星期一,-0.0126,-0.0205
2026-03-20,16.29,15.82,16.49,15.8,139045.0,星期五,0.0056,-0.0289
2026-03-19,16.17,16.2,16.4,16.1,121876.0,星期四,-0.0134,0.0019
2026-03-18,16.35,16.39,16.42,16.12,129075.0,星期三,-0.003,0.0024
2026-03-17,16.4,16.4,16.76,16.36,229202.0,星期二,-0.0036,0.0
2026-03-16,16.33,16.46,16.5,16.19,127004.0,星期一,0.0025,0.008
2026-03-13,16.53,16.29,16.61,16.28,141156.0,星期五,-0.0048,-0.0145
2026-03-12,16.75,16.61,16.8,16.52,162929.0,星期四,-0.0024,-0.0084
2026-03-11,17.16,16.79,17.19,16.75,246353.0,星期三,-0.0046,-0.0216
2026-03-10,17.44,17.24,17.65,17.11,207781.0,星期二,0.0116,-0.0115
2026-03-09,17.25,17.24,17.52,17.05,227104.0,星期一,-0.0199,-0.0006
2026-03-06,17.21,17.6,18.06,17.13,341348.0,星期五,-0.0081,0.0227
2026-03-05,18.7,17.35,18.7,17.18,516033.0,星期四,0.0169,-0.0722
2026-03-04,17.93,18.39,18.72,17.82,391428.0,星期三,-0.0143,0.0257
2026-03-03,18.31,18.19,19.15,18.11,522306.0,星期二,0.0,-0.0066
2026-03-02,17.7,18.31,18.58,17.64,333914.0,星期一,-0.0226,0.0345
2026-02-27,18.4,18.11,18.42,18.07,261470.0,星期五,-0.0033,-0.0158
2026-02-26,18.44,18.46,18.56,18.24,219074.0,星期四,-0.0027,0.0011
2026-02-25,18.56,18.49,18.85,18.36,344903.0,星期三,0.006,-0.0038
2026-02-24,18.8,18.45,18.86,18.41,224994.0,星期二,0.0124,-0.0186
2026-02-13,19.28,18.57,19.35,18.55,281941.0,星期五,0.0105,-0.0368
2026-02-12,19.25,19.08,19.42,18.91,232464.0,星期四,-0.0093,-0.0088
2026-02-11,19.83,19.43,19.94,19.37,236660.0,星期三,0.003,-0.0202
2026-02-10,20.4,19.77,20.51,19.75,378472.0,星期二,0.0,-0.0309
2026-02-09,20.2,20.4,20.8,19.9,516484.0,星期一,-0.0005,0.0099
2026-02-06,20.56,20.21,21.22,20.15,911359.0,星期五,-0.0092,-0.017
2026-02-05,18.62,20.75,20.75,18.62,851698.0,星期四,-0.0127,0.1144
2026-02-04,17.7,18.86,19.27,17.66,626668.0,星期三,-0.0062,0.0655
2026-02-03,17.61,17.81,18.05,17.5,293813.0,星期二,0.0138,0.0114
2026-02-02,18.14,17.37,18.8,17.36,337662.0,星期一,0.0,-0.0424
2026-01-30,18.81,18.14,18.91,17.93,412393.0,星期五,-0.0053,-0.0356
2026-01-29,17.66,18.91,19.4,17.57,641271.0,星期四,-0.0051,0.0708
2026-01-28,17.52,17.75,18.32,17.4,364488.0,星期三,0.0,0.0131
2026-01-27,17.41,17.52,17.81,17.3,270886.0,星期二,-0.0108,0.0063
2026-01-26,17.8,17.6,18.13,17.46,365807.0,星期一,-0.0034,-0.0112
2026-01-23,17.22,17.86,18.4,17.13,476002.0,星期五,0.0006,0.0372
2026-01-22,17.17,17.21,17.28,17.07,204358.0,星期四,0.0012,0.0023
2026-01-21,17.25,17.15,17.37,17.04,213674.0,星期三,0.0,-0.0058
2026-01-20,17.43,17.25,17.55,17.13,234834.0,星期二,-0.0023,-0.0103
2026-01-19,17.71,17.47,17.77,17.35,339667.0,星期一,-0.0039,-0.0136
2026-01-16,18.64,17.78,18.75,17.73,493312.0,星期五,0.0125,-0.0461
2026-01-15,18.63,18.41,19.3,18.2,815265.0,星期四,-0.0777,-0.0118
2026-01-14,18.45,20.2,20.81,18.4,1322433.0,星期三,-0.0248,0.0949
2026-01-13,18.3,18.92,20.09,18.2,1078693.0,星期二,0.0022,0.0339
2026-01-12,17.4,18.26,18.64,17.4,853392.0,星期一,-0.0225,0.0494
2026-01-09,16.66,17.8,18.24,16.65,1129958.0,星期五,-0.0154,0.0684
2026-01-08,17.86,16.92,18.02,16.92,1156564.0,星期四,-0.05,-0.0526
2026-01-07,18.85,18.8,19.62,18.65,1555593.0,星期三,0.0566,-0.0027
2026-01-06,16.24,17.84,17.84,16.09,751860.0,星期二,0.0012,0.0985
2026-01-05,15.33,16.22,16.86,14.98,628288.0,星期一,0.0,0.0581
2025-12-31,14.98,15.33,15.95,14.73,468296.0,星期三,0.0033,0.0234
2025-12-30,14.42,14.93,15.52,14.4,281964.0,星期二,0.0007,0.0354
2025-12-29,14.4,14.41,14.48,14.31,50905.0,星期一,0.0,0.0007
2025-12-26,14.38,14.4,14.6,14.36,85230.0,星期五,-0.0007,0.0014
2025-12-25,14.43,14.39,14.43,14.27,58368.0,星期四,0.0042,-0.0028
2025-12-24,14.21,14.37,14.39,14.19,64128.0,星期三,0.0,0.0113
2025-12-23,14.35,14.21,14.38,14.2,54912.0,星期二,0.0,-0.0098
2025-12-22,14.36,14.35,14.42,14.33,40032.0,星期一,0.0021,-0.0007
2025-12-19,14.2,14.33,14.39,14.18,53398.0,星期五,0.0014,0.0092
2025-12-18,14.33,14.18,14.37,14.18,50714.0,星期四,-0.0007,-0.0105
2025-12-17,14.24,14.34,14.48,14.01,92763.0,星期三,-0.0014,0.007
2025-12-16,14.22,14.26,14.34,14.09,68760.0,星期二,0.0007,0.0028
2025-12-15,14.65,14.21,14.67,14.2,141300.0,星期一,-0.0034,-0.03
2025-12-12,14.63,14.7,14.76,14.54,41536.0,星期五,0.0014,0.0048
2025-12-11,14.84,14.61,14.87,14.58,49478.0,星期四,0.0,-0.0155
2025-12-10,14.6,14.84,14.87,14.57,57894.0,星期三,-0.0041,0.0164
2025-12-09,14.8,14.66,14.83,14.65,56166.0,星期二,-0.004,-0.0095
2025-12-08,15.0,14.86,15.15,14.85,129118.0,星期一,0.0101,-0.0093
2025-12-05,14.61,14.85,14.95,14.53,101420.0,星期五,0.0007,0.0164
2025-12-04,14.54,14.6,14.66,14.46,45192.0,星期四,-0.0021,0.0041
2025-12-03,14.73,14.57,14.78,14.49,62233.0,星期三,0.0007,-0.0109
2025-12-02,14.95,14.72,14.97,14.71,47950.0,星期二,0.0,-0.0154
2025-12-01,14.82,14.95,14.95,14.79,53230.0,星期一,-0.002,0.0088
2025-11-28,14.74,14.85,14.85,14.63,45222.0,星期五,-0.0007,0.0075
2025-11-27,14.79,14.75,14.88,14.74,37575.0,星期四,0.0014,-0.0027
2025-11-26,14.86,14.77,14.92,14.76,48893.0,星期三,-0.002,-0.0061
2025-11-25,14.95,14.89,14.98,14.83,64260.0,星期二,0.004,-0.004
2025-11-24,14.9,14.89,14.97,14.7,51075.0,星期一,0.004,-0.0007
2025-11-21,15.0,14.84,15.17,14.8,113528.0,星期五,-0.0099,-0.0107
2025-11-20,15.6,15.15,15.68,15.13,100416.0,星期四,0.0236,-0.0288
2025-11-19,15.35,15.24,15.42,15.2,49665.0,星期三,0.0,-0.0072
2025-11-18,15.35,15.35,15.43,15.29,64800.0,星期二,0.0013,0.0
2025-11-17,15.3,15.33,15.34,15.19,54494.0,星期一,0.0,0.002
2025-11-14,15.38,15.3,15.46,15.3,52731.0,星期五,-0.0052,-0.0052
2025-11-13,15.32,15.46,15.48,15.31,55282.0,星期四,-0.0026,0.0091
2025-11-12,15.47,15.36,15.52,15.28,74009.0,星期三,-0.0013,-0.0071
2025-11-11,15.55,15.49,15.61,15.46,76888.0,星期二,-0.0026,-0.0039
2025-11-10,15.46,15.59,15.63,15.44,65918.0,星期一,-0.0006,0.0084
2025-11-07,15.68,15.47,15.68,15.47,90825.0,星期五,-0.0013,-0.0134
2025-11-06,15.67,15.7,15.8,15.61,87989.0,星期四,0.0006,0.0019
2025-11-05,15.56,15.66,15.69,15.52,75075.0,星期三,-0.0045,0.0064
2025-11-04,15.79,15.63,15.81,15.6,94767.0,星期二,-0.0019,-0.0101
2025-11-03,15.76,15.82,15.89,15.6,117900.0,星期一,-0.0032,0.0038
2025-10-31,16.33,15.81,16.4,15.81,282315.0,星期五,-0.0067,-0.0318
2025-10-30,16.91,16.44,16.93,16.43,166010.0,星期四,-0.0041,-0.0278
2025-10-29,16.7,16.98,17.1,16.67,171733.0,星期三,-0.0042,0.0168
2025-10-28,16.7,16.77,16.98,16.63,129665.0,星期二,-0.0036,0.0042
2025-10-27,16.8,16.76,16.87,16.6,171414.0,星期一,0.0072,-0.0024
2025-10-24,16.35,16.68,16.71,16.28,157950.0,星期五,-0.0006,0.0202
2025-10-23,16.3,16.36,16.37,16.0,119341.0,星期四,0.0,0.0037
2025-10-22,16.46,16.3,16.54,16.26,109852.0,星期三,-0.0054,-0.0097
2025-10-21,16.43,16.55,16.99,16.43,182895.0,星期二,0.0,0.0073
2025-10-20,16.66,16.43,16.73,16.35,133097.0,星期一,0.0122,-0.0138
2025-10-17,17.03,16.46,17.11,16.44,174287.0,星期五,0.0029,-0.0335
2025-10-16,16.9,16.98,17.32,16.86,212470.0,星期四,-0.0071,0.0047
2025-10-15,17.15,17.02,17.35,16.53,325580.0,星期三,-0.0006,-0.0076
2025-10-14,17.59,17.16,17.8,17.08,386722.0,星期二,-0.0017,-0.0244
2025-10-13,16.4,17.62,18.37,16.31,585026.0,星期一,-0.0255,0.0744
2025-10-10,16.8,16.83,17.09,16.71,184139.0,星期五,-0.0012,0.0018
2025-10-09,16.7,16.82,16.85,16.38,163109.0,星期四,-0.0042,0.0072
2025-09-30,16.72,16.77,16.91,16.58,149541.0,星期二,-0.0048,0.003
2025-09-29,16.21,16.8,16.98,16.13,243970.0,星期一,0.0037,0.0364
2025-09-26,16.33,16.15,16.48,16.13,102611.0,星期五,-0.0012,-0.011
2025-09-25,16.38,16.35,16.54,16.3,91139.0,星期四,0.0006,-0.0018
2025-09-24,16.13,16.37,16.45,16.08,113612.0,星期三,-0.0074,0.0149
2025-09-23,16.45,16.25,16.52,16.02,131878.0,星期二,-0.0102,-0.0122
2025-09-22,16.38,16.62,16.62,16.3,102627.0,星期一,0.0,0.0147
2025-09-19,16.65,16.38,16.66,16.36,118697.0,星期五,-0.0006,-0.0162
2025-09-18,17.05,16.66,17.1,16.47,249006.0,星期四,-0.0133,-0.0229
2025-09-17,17.1,17.28,17.39,17.0,232616.0,星期三,-0.0029,0.0105
2025-09-16,17.0,17.15,17.28,16.85,238358.0,星期二,0.0089,0.0088
2025-09-15,16.75,16.85,17.05,16.72,131329.0,星期一,-0.0012,0.006
2025-09-12,16.95,16.77,17.03,16.71,162614.0,星期五,-0.0024,-0.0106
2025-09-11,16.31,16.99,17.16,16.25,293910.0,星期四,-0.0055,0.0417
2025-09-10,16.28,16.4,16.65,16.25,154890.0,星期三,-0.0012,0.0074
2025-09-09,16.38,16.3,16.49,16.17,151523.0,星期二,-0.0043,-0.0049
2025-09-08,16.71,16.45,16.78,16.4,200980.0,星期一,-0.0118,-0.0156
2025-09-05,16.75,16.91,16.91,16.2,373925.0,星期五,-0.0048,0.0096
2025-09-04,15.95,16.83,17.38,15.95,567636.0,星期四,0.0025,0.0552
2025-09-03,16.71,15.91,16.77,15.77,213433.0,星期三,0.0048,-0.0479
2025-09-02,16.84,16.63,16.91,16.41,175331.0,星期二,-0.0047,-0.0125
2025-09-01,16.94,16.92,17.04,16.77,149162.0,星期一,0.0036,-0.0012
2025-08-29,17.04,16.88,17.1,16.81,168118.0,星期五,0.0006,-0.0094
2025-08-28,16.62,17.03,17.05,16.5,196409.0,星期四,-0.0072,0.0247
2025-08-27,17.2,16.74,17.39,16.71,256754.0,星期三,-0.0017,-0.0267
2025-08-26,17.37,17.23,17.48,17.18,237140.0,星期二,-0.0074,-0.0081
2025-08-25,17.65,17.5,17.78,17.12,493387.0,星期一,0.025,-0.0085
2025-08-22,16.75,17.22,17.29,16.67,417312.0,星期五,-0.0053,0.0281
2025-08-21,17.2,16.84,17.29,16.71,259739.0,星期四,0.007,-0.0209
2025-08-20,17.3,17.08,17.34,16.76,456668.0,星期三,-0.0012,-0.0127
2025-08-19,16.63,17.32,18.29,16.5,798028.0,星期二,-0.0166,0.0415
2025-08-18,16.04,16.91,17.53,15.82,852101.0,星期一,0.0063,0.0542
2025-08-15,15.41,15.94,16.14,15.39,411668.0,星期五,-0.0039,0.0344
2025-08-14,15.65,15.47,15.84,15.44,268221.0,星期四,0.0019,-0.0115
2025-08-13,15.51,15.62,15.76,15.35,281008.0,星期三,0.0019,0.0071
2025-08-12,15.41,15.48,15.56,15.37,170348.0,星期二,-0.0006,0.0045
2025-08-11,15.19,15.42,15.45,15.15,150534.0,星期一,-0.0007,0.0151
2025-08-08,15.3,15.2,15.31,15.13,96470.0,星期五,0.0,-0.0065
2025-08-07,15.26,15.3,15.44,15.18,142529.0,星期四,-0.0013,0.0026
2025-08-06,15.32,15.28,15.32,15.13,113802.0,星期三,0.0046,-0.0026
2025-08-05,15.15,15.25,15.36,15.14,136142.0,星期二,-0.0007,0.0066
2025-08-04,14.98,15.16,15.2,14.92,97555.0,星期一,-0.0053,0.012
2025-08-01,15.18,15.06,15.23,15.0,110282.0,星期五,0.0033,-0.0079
2025-07-31,15.28,15.13,15.46,15.03,199617.0,星期四,-0.0071,-0.0098
2025-07-30,15.6,15.39,15.93,15.26,283377.0,星期三,0.0,-0.0135
2025-07-29,15.41,15.6,15.6,15.22,210961.0,星期二,-0.0058,0.0123
2025-07-28,15.52,15.5,15.68,15.32,205023.0,星期一,0.0019,-0.0013
2025-07-25,15.54,15.49,15.76,15.46,275409.0,星期五,-0.0077,-0.0032
2025-07-24,15.11,15.66,15.74,15.11,427162.0,星期四,-0.0131,0.0364
2025-07-23,15.41,15.31,15.87,15.31,583251.0,星期三,-0.0006,-0.0065
2025-07-22,15.4,15.42,15.54,15.01,770498.0,星期二,-0.0302,0.0013
2025-07-21,15.03,15.88,16.32,15.01,981914.0,星期一,0.0128,0.0566
2025-07-18,14.9,14.84,14.95,14.79,69325.0,星期五,0.0007,-0.004
2025-07-17,14.8,14.89,14.93,14.77,80438.0,星期四,-0.0013,0.0061
2025-07-16,14.85,14.82,14.98,14.72,91860.0,星期三,-0.0027,-0.002
2025-07-15,14.92,14.89,15.03,14.78,133940.0,星期二,-0.0013,-0.002
2025-07-14,15.18,14.94,15.2,14.86,187487.0,星期一,0.0093,-0.0158
2025-07-11,14.79,15.04,15.27,14.6,352308.0,星期五,0.0048,0.0169
2025-07-10,14.32,14.72,15.0,14.29,266255.0,星期四,0.0,0.0279
2025-07-09,14.44,14.32,14.51,14.3,108359.0,星期三,0.0042,-0.0083
2025-07-08,14.2,14.38,14.4,14.18,102524.0,星期二,-0.0028,0.0127
2025-07-07,14.15,14.24,14.33,14.1,71269.0,星期一,-0.0007,0.0064
2025-07-04,14.19,14.16,14.39,14.06,110068.0,星期五,-0.0021,-0.0021
2025-07-03,14.19,14.22,14.28,14.15,81332.0,星期四,0.0,0.0021
2025-07-02,14.27,14.19,14.3,14.13,73929.0,星期三,0.0,-0.0056
2025-07-01,14.45,14.27,14.48,14.19,95366.0,星期二,0.0056,-0.0125
2025-06-30,14.4,14.37,14.51,14.25,106061.0,星期一,-0.0014,-0.0021
2025-06-27,14.46,14.42,14.83,14.39,182465.0,星期五,0.0,-0.0028
2025-06-26,14.78,14.46,14.81,14.41,224536.0,星期四,0.0068,-0.0217
2025-06-25,14.14,14.68,14.78,14.05,359891.0,星期三,0.0043,0.0382
2025-06-24,13.73,14.08,14.18,13.72,161951.0,星期二,0.0022,0.0255
2025-06-23,13.44,13.7,13.74,13.4,49354.0,星期一,-0.0096,0.0193
2025-06-20,13.73,13.57,13.81,13.57,60309.0,星期五,-0.0007,-0.0117
2025-06-19,13.86,13.74,13.98,13.69,98102.0,星期四,-0.005,-0.0087
2025-06-18,14.06,13.93,14.26,13.91,147359.0,星期三,0.0036,-0.0092
2025-06-17,14.03,14.01,14.06,13.93,58779.0,星期二,0.0021,-0.0014
2025-06-16,13.75,14.0,14.02,13.75,71261.0,星期一,-0.0058,0.0182
2025-06-13,13.92,13.83,13.97,13.76,81796.0,星期五,-0.0064,-0.0065
2025-06-12,13.91,14.01,14.14,13.86,97655.0,星期四,-0.0043,0.0072
2025-06-11,13.8,13.97,14.1,13.8,121403.0,星期三,0.0,0.0123
2025-06-10,13.95,13.8,13.95,13.66,83032.0,星期二,0.0,-0.0108
2025-06-09,13.92,13.95,14.05,13.89,106257.0,星期一,0.0094,0.0022
2025-06-06,13.93,13.79,14.02,13.78,64085.0,星期五,0.0022,-0.0101
2025-06-05,13.72,13.9,13.93,13.7,107551.0,星期四,0.0,0.0131
2025-06-04,13.56,13.72,13.76,13.56,73712.0,星期三,-0.0015,0.0118
2025-06-03,13.43,13.58,13.69,13.41,56555.0,星期二,-0.0074,0.0112
2025-05-30,13.6,13.53,13.6,13.48,47514.0,星期五,-0.0015,-0.0051
2025-05-29,13.39,13.62,13.63,13.38,72554.0,星期四,0.0007,0.0172
2025-05-28,13.46,13.38,13.52,13.33,42057.0,星期三,0.0015,-0.0059
2025-05-27,13.51,13.44,13.51,13.4,41989.0,星期二,0.0,-0.0052
2025-05-26,13.4,13.51,13.53,13.38,46895.0,星期一,-0.0015,0.0082
2025-05-23,13.75,13.42,13.78,13.41,100026.0,星期五,0.0015,-0.024
2025-05-22,13.8,13.73,13.86,13.71,48215.0,星期四,-0.0029,-0.0051
2025-05-21,13.83,13.84,13.94,13.83,51424.0,星期三,-0.0036,0.0007
2025-05-20,13.83,13.88,13.94,13.79,66009.0,星期二,0.0,0.0036
2025-05-19,13.8,13.83,13.87,13.66,65014.0,星期一,-0.0014,0.0022
2025-05-16,13.9,13.82,13.98,13.81,86959.0,星期五,-0.0036,-0.0058
2025-05-15,14.26,13.95,14.35,13.95,142188.0,星期四,-0.0118,-0.0217
2025-05-14,14.03,14.43,14.74,13.92,296052.0,星期三,0.0,0.0285
2025-05-13,14.31,14.03,14.31,14.03,94654.0,星期二,0.0099,-0.0196
2025-05-12,13.94,14.17,14.18,13.87,133688.0,星期一,0.0072,0.0165
2025-05-09,14.08,13.84,14.1,13.75,88318.0,星期五,0.0,-0.017
2025-05-08,13.96,14.08,14.18,13.9,133546.0,星期四,-0.0007,0.0086
2025-05-07,14.5,13.97,14.67,13.91,219863.0,星期三,0.0365,-0.0366
2025-05-06,13.96,13.99,14.01,13.83,126837.0,星期二,0.0109,0.0021
2025-04-30,13.65,13.81,13.85,13.63,103544.0,星期三,0.0029,0.0117
2025-04-29,13.65,13.61,13.7,13.55,62774.0,星期二,0.0037,-0.0029
2025-04-28,13.75,13.6,13.78,13.54,68322.0,星期一,0.0,-0.0109
2025-04-25,13.76,13.75,13.81,13.68,86013.0,星期五,0.0051,-0.0007
2025-04-24,13.78,13.69,13.86,13.61,97927.0,星期四,-0.0036,-0.0065
2025-04-23,13.9,13.83,13.96,13.75,100229.0,星期三,0.0058,-0.005
2025-04-22,13.81,13.82,13.96,13.81,108741.0,星期二,-0.0072,0.0007
2025-04-21,13.7,13.91,14.03,13.67,154893.0,星期一,-0.0101,0.0153
2025-04-18,13.65,13.84,14.15,13.55,244008.0,星期五,0.0081,0.0139
2025-04-17,13.49,13.54,13.66,13.43,69619.0,星期四,-0.0059,0.0037
2025-04-16,13.65,13.57,13.68,13.38,90063.0,星期三,-0.0036,-0.0059
2025-04-15,13.73,13.7,13.74,13.62,81976.0,星期二,-0.0029,-0.0022
2025-04-14,13.76,13.77,13.83,13.68,132089.0,星期一,0.0029,0.0007
2025-04-11,13.44,13.72,13.84,13.43,153288.0,星期五,-0.0103,0.0208
2025-04-10,13.58,13.58,13.87,13.4,218754.0,星期四,0.0112,0.0
2025-04-09,12.97,13.43,13.58,12.79,248125.0,星期三,-0.0233,0.0355
2025-04-08,13.15,13.28,13.65,13.07,252018.0,星期二,0.0202,0.0099
2025-04-07,13.5,12.89,13.89,12.88,264600.0,星期一,-0.0566,-0.0452
2025-04-03,14.0,14.31,14.51,13.98,172932.0,星期四,-0.012,0.0221
2025-04-02,13.94,14.17,14.26,13.92,164214.0,星期三,-0.0092,0.0165
2025-04-01,14.89,14.07,14.99,13.95,383229.0,星期二,-0.0047,-0.0551
2025-03-31,15.36,14.96,15.55,14.85,369435.0,星期一,-0.0297,-0.026
2025-03-28,15.25,15.83,16.31,15.25,466593.0,星期五,-0.002,0.038
2025-03-27,15.15,15.28,15.44,15.1,115039.0,星期四,-0.0117,0.0086
2025-03-26,15.03,15.33,15.6,15.03,198531.0,星期三,0.0027,0.02
2025-03-25,15.18,14.99,15.23,14.96,80281.0,星期二,-0.002,-0.0125
2025-03-24,15.09,15.21,15.24,14.91,116268.0,星期一,-0.0059,0.008
2025-03-21,15.49,15.18,15.62,15.16,160283.0,星期五,-0.0051,-0.02
2025-03-20,15.77,15.57,15.81,15.51,158951.0,星期四,-0.0044,-0.0127
2025-03-19,15.58,15.84,15.95,15.45,218036.0,星期三,-0.0032,0.0167
2025-03-18,15.72,15.63,15.8,15.53,137855.0,星期二,0.0019,-0.0057
2025-03-17,15.85,15.69,15.85,15.65,165657.0,星期一,0.0013,-0.0101
2025-03-14,15.39,15.83,16.1,15.34,344879.0,星期五,0.0,0.0286
2025-03-13,15.55,15.39,15.9,15.3,164645.0,星期四,-0.007,-0.0103
2025-03-12,15.57,15.66,15.97,15.46,219363.0,星期三,0.0065,0.0058
2025-03-11,15.33,15.47,15.48,15.28,100618.0,星期二,-0.0103,0.0091
2025-03-10,15.4,15.49,15.54,15.29,105093.0,星期一,-0.0019,0.0058
2025-03-07,15.58,15.43,15.69,15.39,179970.0,星期五,-0.0127,-0.0096
2025-03-06,15.6,15.78,15.89,15.55,235255.0,星期四,0.0039,0.0115
2025-03-05,15.48,15.54,15.66,15.43,151934.0,星期三,-0.0039,0.0039
2025-03-04,15.2,15.54,15.62,15.13,162772.0,星期二,-0.0059,0.0224
2025-03-03,15.25,15.29,15.59,15.08,223038.0,星期一,0.0059,0.0026
2025-02-28,15.81,15.16,16.22,15.15,274777.0,星期五,-0.0088,-0.0411
2025-02-27,16.13,15.95,16.18,15.57,341279.0,星期四,-0.0092,-0.0112
2025-02-26,15.87,16.28,16.3,15.7,355914.0,星期三,0.0044,0.0258
2025-02-25,15.85,15.8,16.03,15.74,191465.0,星期二,-0.0118,-0.0032
2025-02-24,16.22,16.04,16.27,15.9,253406.0,星期一,-0.0025,-0.0111
2025-02-21,16.1,16.26,16.38,15.96,380192.0,星期五,-0.0019,0.0099
2025-02-20,16.03,16.13,16.25,15.96,229931.0,星期四,-0.0037,0.0062
2025-02-19,15.78,16.09,16.19,15.72,280764.0,星期三,-0.0032,0.0196
2025-02-18,16.2,15.83,16.59,15.8,357921.0,星期二,-0.0098,-0.0228
2025-02-17,16.59,16.36,16.65,16.2,338904.0,星期一,0.0104,-0.0139
2025-02-14,16.38,16.42,16.74,16.31,374041.0,星期五,-0.0156,0.0024
2025-02-13,16.69,16.64,17.32,16.4,712188.0,星期四,-0.0257,-0.003
2025-02-12,16.1,17.13,17.39,16.04,785491.0,星期三,-0.0037,0.064
2025-02-11,16.1,16.16,16.8,15.88,613479.0,星期二,-0.0074,0.0037
2025-02-10,16.1,16.22,16.32,15.91,870622.0,星期一,0.0,0.0075
2025-02-07,14.9,16.1,16.47,14.79,1135510.0,星期五,-0.0047,0.0805
2025-02-06,14.72,14.97,15.09,14.66,468939.0,星期四,-0.0054,0.017
2025-02-05,15.0,14.8,15.03,14.72,327996.0,星期三,0.0007,-0.0133
2025-01-27,15.8,14.99,15.88,14.99,495745.0,星期一,-0.0019,-0.0513
2025-01-24,15.53,15.83,16.37,15.36,874550.0,星期五,-0.0507,0.0193
2025-01-23,15.98,16.36,16.36,15.28,1137924.0,星期四,0.0746,0.0238
2025-01-22,14.46,14.87,14.93,14.39,419677.0,星期三,-0.0123,0.0284
2025-01-21,14.38,14.64,14.65,14.18,288582.0,星期二,0.007,0.0181
2025-01-20,14.37,14.28,14.44,14.12,218589.0,星期一,0.0141,-0.0063
2025-01-17,13.91,14.17,14.35,13.87,261624.0,星期五,-0.0036,0.0187
2025-01-16,14.09,13.96,14.28,13.8,196902.0,星期四,0.0064,-0.0092
2025-01-15,14.01,14.0,14.14,13.9,199905.0,星期三,-0.0057,-0.0007
2025-01-14,13.37,14.09,14.18,13.29,362051.0,星期二,0.006,0.0539
2025-01-13,13.08,13.29,13.38,12.93,179260.0,星期一,-0.0224,0.0161
2025-01-10,13.81,13.38,13.96,13.38,217453.0,星期五,-0.0029,-0.0311
2025-01-09,13.65,13.85,14.0,13.64,228223.0,星期四,-0.0058,0.0147
2025-01-08,13.7,13.73,14.03,13.29,301911.0,星期三,-0.0137,0.0022
2025-01-07,13.84,13.89,13.95,13.64,239991.0,星期二,0.008,0.0036
2025-01-06,13.76,13.73,14.16,13.61,273897.0,星期一,-0.0101,-0.0022
2025-01-03,14.63,13.9,14.83,13.82,300139.0,星期五,-0.0048,-0.0499
2025-01-02,15.23,14.7,15.29,14.48,329002.0,星期四,-0.0065,-0.0348
2024-12-31,16.4,15.33,16.43,15.3,515716.0,星期二,-0.0024,-0.0652
2024-12-30,16.3,16.44,16.6,16.15,405774.0,星期一,-0.0109,0.0086
2024-12-27,16.42,16.48,17.18,16.2,702932.0,星期五,0.0006,0.0037
2024-12-26,16.59,16.41,16.91,16.09,822632.0,星期四,-0.0327,-0.0108
2024-12-25,18.36,17.15,18.4,17.15,939592.0,星期三,-0.0362,-0.0659
2024-12-24,17.95,19.05,19.05,17.51,1282138.0,星期二,0.0364,0.0613
2024-12-23,16.4,17.32,18.05,16.4,1064810.0,星期一,-0.0006,0.0561
2024-12-20,16.41,16.41,17.2,16.32,711602.0,星期五,-0.0174,0.0
2024-12-19,15.65,16.7,17.5,15.65,910956.0,星期四,-0.0286,0.0671
2024-12-18,15.7,16.11,16.45,15.32,647975.0,星期三,-0.0132,0.0261
2024-12-17,14.94,15.91,16.53,14.9,761165.0,星期二,-0.006,0.0649
2024-12-16,15.27,15.03,15.35,14.92,179396.0,星期一,-0.0078,-0.0157
2024-12-13,15.46,15.39,15.65,15.32,272781.0,星期五,-0.0147,-0.0045
2024-12-12,15.55,15.69,15.96,15.42,321373.0,星期四,0.0065,0.009
2024-12-11,15.58,15.45,15.81,15.41,281851.0,星期三,-0.0089,-0.0083
2024-12-10,16.45,15.72,16.56,15.69,643124.0,星期二,0.0498,-0.0444
2024-12-09,15.4,15.67,15.9,15.39,589198.0,星期一,-0.0387,0.0175
2024-12-06,15.22,16.02,16.69,15.18,1039763.0,星期五,0.0033,0.0526
2024-12-05,14.66,15.17,15.33,14.61,377176.0,星期四,0.0041,0.0348
2024-12-04,14.93,14.6,15.15,14.51,183129.0,星期三,-0.0027,-0.0221
2024-12-03,14.89,14.97,15.04,14.7,214802.0,星期二,-0.0053,0.0054
2024-12-02,14.6,14.97,15.07,14.55,300798.0,星期一,-0.0208,0.0253
2024-11-29,14.39,14.91,15.46,14.37,421176.0,星期五,-0.0048,0.0361
2024-11-28,14.48,14.46,14.7,14.42,198555.0,星期四,-0.0014,-0.0014
2024-11-27,14.2,14.5,14.5,14.11,211575.0,星期三,-0.0021,0.0211
2024-11-26,14.32,14.23,14.63,14.21,174825.0,星期二,-0.009,-0.0063
2024-11-25,14.29,14.45,14.54,14.01,229370.0,星期一,0.0092,0.0112
2024-11-22,14.75,14.16,14.89,14.16,281744.0,星期五,-0.0101,-0.04
2024-11-21,14.71,14.9,15.19,14.71,343989.0,星期四,-0.0128,0.0129
2024-11-20,14.91,14.9,14.98,14.66,308897.0,星期三,-0.0093,-0.0007
2024-11-19,14.34,15.05,15.05,14.34,416547.0,星期二,0.0007,0.0495
2024-11-18,14.6,14.33,14.97,14.2,337374.0,星期一,-0.0148,-0.0185
2024-11-15,15.1,14.82,15.6,14.75,419371.0,星期五,-0.0072,-0.0185
2024-11-14,15.42,15.21,15.68,15.16,356378.0,星期四,0.0006,-0.0136
2024-11-13,15.48,15.41,15.72,15.24,402477.0,星期三,-0.0071,-0.0045
2024-11-12,15.82,15.59,16.1,15.38,736041.0,星期二,-0.0192,-0.0145
2024-11-11,16.63,16.13,16.98,15.86,1175705.0,星期一,-0.0562,-0.0301
2024-11-08,18.44,17.62,18.44,17.35,1459214.0,星期五,0.1002,-0.0445
2024-11-07,14.9,16.76,16.76,14.7,1173104.0,星期四,-0.0223,0.1248
2024-11-06,15.24,15.24,15.24,15.24,156373.0,星期三,0.1004,0.0
2024-11-05,12.59,13.85,13.85,12.42,550212.0,星期二,0.0,0.1001
2024-11-04,12.29,12.59,12.59,12.21,197194.0,星期一,0.0115,0.0244
2024-11-01,12.36,12.15,12.49,12.13,183941.0,星期五,-0.0008,-0.017
2024-10-31,12.27,12.37,12.63,12.14,233278.0,星期四,0.0057,0.0081
2024-10-30,12.2,12.2,12.32,12.03,117624.0,星期三,-0.0016,0.0
2024-10-29,12.52,12.22,12.65,12.21,152584.0,星期二,0.004,-0.024
2024-10-28,12.41,12.47,12.5,12.34,123743.0,星期一,-0.0024,0.0048
2024-10-25,12.34,12.44,12.55,12.24,183168.0,星期五,0.0073,0.0081
2024-10-24,12.18,12.25,12.35,12.12,117349.0,星期四,-0.0057,0.0057
2024-10-23,12.43,12.25,12.54,12.21,174677.0,星期三,0.0089,-0.0145
2024-10-22,12.29,12.32,12.45,12.17,134645.0,星期二,0.0,0.0024
2024-10-21,12.37,12.29,12.46,12.2,204214.0,星期一,-0.0064,-0.0065
2024-10-18,11.87,12.45,12.88,11.82,320103.0,星期五,0.0,0.0489
2024-10-17,12.15,11.87,12.23,11.85,128238.0,星期四,0.0117,-0.023
2024-10-16,11.89,12.01,12.33,11.86,184499.0,星期三,-0.0174,0.0101
2024-10-15,12.38,12.1,12.57,12.09,171659.0,星期二,-0.0104,-0.0226
2024-10-14,12.49,12.51,12.57,11.9,254203.0,星期一,0.0105,0.0016
2024-10-11,12.58,12.36,12.93,12.11,311823.0,星期五,-0.004,-0.0175
2024-10-10,13.5,12.63,13.7,12.35,465393.0,星期四,0.015,-0.0644
2024-10-09,14.63,13.3,15.09,13.3,720522.0,星期三,-0.0101,-0.0909
2024-10-08,14.78,14.78,14.78,13.61,453921.0,星期二,0.0997,0.0
2024-09-30,13.09,13.44,13.44,12.58,685843.0,星期一,0.0712,0.0267
2024-09-27,11.5,12.22,12.22,11.11,504379.0,星期五,0.0351,0.0626
2024-09-26,10.28,11.11,11.16,10.26,302831.0,星期四,-0.0144,0.0807
2024-09-25,10.37,10.43,10.75,10.21,281090.0,星期三,0.0117,0.0058
2024-09-24,9.73,10.25,10.45,9.65,240312.0,星期二,0.0072,0.0534
2024-09-23,9.72,9.66,9.75,9.63,42840.0,星期一,0.0,-0.0062
2024-09-20,9.69,9.72,9.74,9.65,42953.0,星期五,-0.0041,0.0031
2024-09-19,9.65,9.73,9.87,9.56,79116.0,星期四,0.0063,0.0083
2024-09-18,9.54,9.59,9.63,9.36,50190.0,星期三,-0.0021,0.0052
2024-09-13,9.59,9.56,9.7,9.51,52610.0,星期五,-0.0031,-0.0031
2024-09-12,9.56,9.62,9.74,9.52,63738.0,星期四,0.0,0.0063
2024-09-11,9.6,9.56,9.65,9.49,48873.0,星期三,0.0,-0.0042
2024-09-10,9.59,9.6,9.63,9.39,60384.0,星期二,0.0031,0.001
2024-09-09,9.42,9.56,9.73,9.42,75892.0,星期一,-0.0167,0.0149
2024-09-06,9.82,9.58,9.89,9.53,131916.0,星期五,0.0187,-0.0244
2024-09-05,9.52,9.64,9.68,9.45,81630.0,星期四,0.0,0.0126
2024-09-04,9.38,9.52,9.75,9.36,113982.0,星期三,-0.0147,0.0149
2024-09-03,9.21,9.52,9.9,9.2,166823.0,星期二,0.0,0.0337
2024-09-02,9.45,9.21,9.51,9.21,68131.0,星期一,-0.0021,-0.0254
2024-08-30,9.3,9.47,9.64,9.26,91664.0,星期五,-0.0011,0.0183
2024-08-29,9.15,9.31,9.41,9.13,51113.0,星期四,-0.0033,0.0175
2024-08-28,9.15,9.18,9.22,9.0,41849.0,星期三,-0.0033,0.0033
2024-08-27,9.35,9.18,9.36,9.16,47642.0,星期二,-0.0021,-0.0182
2024-08-26,9.36,9.37,9.5,9.33,47745.0,星期一,-0.0032,0.0011
2024-08-23,9.32,9.39,9.45,9.26,41319.0,星期五,-0.0011,0.0075
2024-08-22,9.64,9.33,9.67,9.3,61075.0,星期四,0.0021,-0.0322
2024-08-21,9.68,9.62,9.7,9.61,29181.0,星期三,-0.0021,-0.0062
2024-08-20,9.87,9.7,9.89,9.69,49941.0,星期二,-0.002,-0.0172
2024-08-19,9.92,9.89,10.01,9.87,41177.0,星期一,0.001,-0.003
2024-08-16,10.04,9.91,10.15,9.9,47208.0,星期五,-0.002,-0.0129
2024-08-15,9.91,10.06,10.17,9.8,67612.0,星期四,0.0,0.0151
2024-08-14,10.07,9.91,10.15,9.9,58054.0,星期三,-0.0049,-0.0159
2024-08-13,10.02,10.12,10.12,9.88,54593.0,星期二,0.005,0.01
2024-08-12,10.02,9.97,10.05,9.88,46703.0,星期一,0.002,-0.005
2024-08-09,10.25,10.0,10.33,10.0,70356.0,星期五,0.0089,-0.0244
2024-08-08,10.1,10.16,10.33,10.05,83695.0,星期四,-0.0127,0.0059
2024-08-07,10.3,10.23,10.36,10.21,64912.0,星期三,-0.0048,-0.0068
2024-08-06,10.54,10.35,10.71,10.24,121276.0,星期二,0.0,-0.018
2024-08-05,10.46,10.54,10.78,10.42,112899.0,星期一,-0.001,0.0076
2024-08-02,10.71,10.47,10.81,10.44,89540.0,星期五,-0.0074,-0.0224
2024-08-01,10.58,10.79,10.81,10.58,125729.0,星期四,-0.0094,0.0198
2024-07-31,10.18,10.68,10.9,10.18,171097.0,星期三,0.0,0.0491
2024-07-30,10.11,10.18,10.25,10.05,53022.0,星期二,-0.001,0.0069
2024-07-29,10.12,10.12,10.21,10.07,46996.0,星期一,-0.0049,0.0
2024-07-26,10.02,10.17,10.22,9.98,72809.0,星期五,0.001,0.015
2024-07-25,9.81,10.01,10.14,9.77,79287.0,星期四,-0.001,0.0204
2024-07-24,9.9,9.82,10.0,9.81,53021.0,星期三,-0.008,-0.0081
2024-07-23,10.1,9.98,10.22,9.94,53881.0,星期二,-0.003,-0.0119
2024-07-22,10.29,10.13,10.3,10.01,73709.0,星期一,0.0128,-0.0155
2024-07-19,9.94,10.16,10.21,9.92,74045.0,星期五,-0.002,0.0221
2024-07-18,9.93,9.96,10.0,9.75,48810.0,星期四,-0.001,0.003
2024-07-17,9.88,9.94,10.0,9.85,42551.0,星期三,0.0,0.0061
2024-07-16,9.82,9.88,9.92,9.78,43795.0,星期二,-0.002,0.0061
2024-07-15,9.83,9.84,9.9,9.78,37882.0,星期一,0.0,0.001
2024-07-12,9.76,9.83,9.88,9.73,46328.0,星期五,-0.0041,0.0072
2024-07-11,9.73,9.8,9.83,9.66,59950.0,星期四,0.0125,0.0072
2024-07-10,9.59,9.61,9.8,9.56,49985.0,星期三,-0.001,0.0021
2024-07-09,9.38,9.6,9.63,9.35,63598.0,星期二,-0.0074,0.0235
2024-07-08,9.61,9.45,9.68,9.41,56336.0,星期一,-0.0031,-0.0166
2024-07-05,9.65,9.64,9.76,9.43,80832.0,星期五,-0.0031,-0.001
2024-07-04,9.93,9.68,10.07,9.67,73191.0,星期四,-0.009,-0.0252
2024-07-03,10.0,10.02,10.1,9.94,38839.0,星期三,0.0,0.002
2024-07-02,10.08,10.0,10.15,9.99,47286.0,星期二,0.003,-0.0079
2024-07-01,9.93,10.05,10.1,9.82,60526.0,星期一,-0.005,0.0121
2024-06-28,10.17,9.98,10.3,9.94,71211.0,星期五,0.001,-0.0187
2024-06-27,10.19,10.16,10.35,10.12,64602.0,星期四,-0.0107,-0.0029
2024-06-26,9.81,10.3,10.33,9.81,90861.0,星期三,-0.0131,0.0499
2024-06-25,9.92,9.94,10.12,9.84,76960.0,星期二,0.001,0.002
2024-06-24,10.2,9.91,10.28,9.76,112673.0,星期一,-0.0183,-0.0284
2024-06-21,10.46,10.39,10.56,10.38,49460.0,星期五,0.0,-0.0067
2024-06-20,10.49,10.46,10.69,10.45,54002.0,星期四,-0.0141,-0.0029
2024-06-19,10.79,10.64,10.86,10.64,45837.0,星期三,-0.0019,-0.0139
2024-06-18,10.73,10.81,10.85,10.7,56676.0,星期二,0.0,0.0075
2024-06-17,10.6,10.73,10.73,10.56,63740.0,星期一,-0.0103,0.0123
2024-06-14,10.55,10.71,10.8,10.45,102734.0,星期五,-0.0075,0.0152
2024-06-13,10.66,10.63,10.74,10.56,56621.0,星期四,0.0009,-0.0028
2024-06-12,10.49,10.65,10.75,10.49,54908.0,星期三,-0.0066,0.0153
2024-06-11,10.3,10.56,10.61,10.24,78715.0,星期二,-0.0058,0.0252
2024-06-07,10.42,10.36,10.6,10.22,104173.0,星期五,0.0,-0.0058
2024-06-06,10.78,10.42,10.82,10.37,103529.0,星期四,0.0028,-0.0334
2024-06-05,10.9,10.75,10.99,10.75,62631.0,星期三,-0.0009,-0.0138
2024-06-04,10.86,10.91,10.95,10.73,70942.0,星期二,-0.0037,0.0046
2024-06-03,10.92,10.9,11.02,10.81,59414.0,星期一,-0.0064,-0.0018
2024-05-31,11.0,10.99,11.07,10.98,41060.0,星期五,0.0,-0.0009
2024-05-30,10.89,11.0,11.04,10.81,64691.0,星期四,-0.0037,0.0101
2024-05-29,10.91,10.93,11.04,10.88,39775.0,星期三,-0.0018,0.0018
2024-05-28,11.04,10.93,11.11,10.9,50947.0,星期二,-0.0027,-0.01
2024-05-27,11.07,11.07,11.24,10.85,75237.0,星期一,0.0009,0.0
2024-05-24,11.17,11.06,11.35,11.06,69675.0,星期五,0.0018,-0.0098
2024-05-23,11.46,11.15,11.46,11.13,79033.0,星期四,0.0009,-0.0271
2024-05-22,11.34,11.45,11.49,11.34,46880.0,星期三,-0.0087,0.0097
2024-05-21,11.52,11.44,11.6,11.41,59782.0,星期二,-0.0043,-0.0069
2024-05-20,11.55,11.57,11.67,11.52,78553.0,星期一,-0.0017,0.0017
2024-05-17,11.36,11.57,11.59,11.31,87351.0,星期五,-0.0035,0.0185
2024-05-16,11.39,11.4,11.56,11.37,95395.0,星期四,0.0009,0.0009
2024-05-15,11.87,11.38,11.94,11.37,180239.0,星期三,0.0059,-0.0413
2024-05-14,11.61,11.8,11.83,11.52,128833.0,星期二,-0.0026,0.0164
2024-05-13,11.65,11.64,11.75,11.45,102228.0,星期一,-0.0043,-0.0009
2024-05-10,11.59,11.7,11.75,11.55,142941.0,星期五,-0.0153,0.0095
2024-05-09,11.69,11.77,11.93,11.65,173959.0,星期四,-0.0143,0.0068
2024-05-08,11.79,11.86,12.15,11.77,195307.0,星期三,-0.0034,0.0059
2024-05-07,11.72,11.83,11.89,11.72,105571.0,星期二,-0.0042,0.0094
2024-05-06,11.91,11.77,12.04,11.7,134717.0,星期一,0.0145,-0.0118
2024-04-30,11.75,11.74,12.07,11.71,162288.0,星期二,-0.0076,-0.0009
2024-04-29,11.65,11.84,11.95,11.6,269688.0,星期一,0.0017,0.0163
2024-04-26,11.41,11.63,11.72,11.06,277497.0,星期五,0.0289,0.0193
2024-04-25,11.05,11.09,11.19,10.99,62482.0,星期四,-0.0045,0.0036
2024-04-24,11.13,11.1,11.22,11.04,92777.0,星期三,0.0,-0.0027
2024-04-23,10.94,11.13,11.23,10.9,85874.0,星期二,-0.0045,0.0174
2024-04-22,10.96,10.99,11.17,10.87,67977.0,星期一,-0.0099,0.0027
2024-04-19,11.14,11.07,11.25,11.06,84941.0,星期五,-0.0107,-0.0063
2024-04-18,11.0,11.26,11.45,10.92,153738.0,星期四,-0.0018,0.0236
2024-04-17,10.63,11.02,11.03,10.63,116622.0,星期三,0.0019,0.0367
2024-04-16,11.0,10.61,11.1,10.59,130886.0,星期二,-0.0099,-0.0355
2024-04-15,10.9,11.11,11.31,10.8,134531.0,星期一,-0.0082,0.0193
2024-04-12,11.2,10.99,11.22,10.95,67696.0,星期五,0.0036,-0.0187
2024-04-11,11.19,11.16,11.35,11.14,59696.0,星期四,-0.0044,-0.0027
2024-04-10,11.53,11.24,11.53,11.15,73405.0,星期三,0.0,-0.0252
2024-04-09,11.4,11.53,11.53,11.38,55420.0,星期二,0.0053,0.0114
2024-04-08,11.6,11.34,11.64,11.33,84258.0,星期一,-0.0051,-0.0224
2024-04-03,11.72,11.66,11.77,11.61,55136.0,星期三,-0.0026,-0.0051
2024-04-02,11.9,11.75,11.9,11.71,72307.0,星期二,0.0034,-0.0126
2024-04-01,11.88,11.86,11.95,11.77,83024.0,星期一,0.0163,-0.0017
2024-03-29,11.61,11.69,11.71,11.55,72146.0,星期五,-0.0017,0.0069
2024-03-28,11.49,11.63,11.83,11.49,91469.0,星期四,0.0,0.0122
2024-03-27,11.91,11.49,11.93,11.48,101412.0,星期三,0.0008,-0.0353
2024-03-26,11.88,11.9,12.05,11.83,85177.0,星期二,-0.0008,0.0017
2024-03-25,12.13,11.89,12.27,11.88,127340.0,星期一,-0.0178,-0.0198
2024-03-22,12.59,12.35,12.67,12.35,134224.0,星期五,-0.0047,-0.0191
2024-03-21,12.66,12.65,12.98,12.63,148600.0,星期四,0.0024,-0.0008
2024-03-20,12.49,12.63,12.72,12.46,132412.0,星期三,-0.0072,0.0112
2024-03-19,12.73,12.58,12.8,12.58,176399.0,星期二,-0.0147,-0.0118
2024-03-18,12.7,12.92,13.05,12.7,202700.0,星期一,-0.0008,0.0173
2024-03-15,12.53,12.71,12.72,12.53,100712.0,星期五,-0.0048,0.0144
2024-03-14,12.67,12.59,12.77,12.45,115123.0,星期四,-0.0039,-0.0063
2024-03-13,12.72,12.72,12.8,12.62,110119.0,星期三,-0.0039,0.0
2024-03-12,12.79,12.77,12.9,12.66,122870.0,星期二,0.0071,-0.0016
2024-03-11,12.44,12.7,12.71,12.44,118098.0,星期一,-0.0064,0.0209
2024-03-08,12.48,12.52,12.72,12.44,119756.0,星期五,0.0056,0.0032
2024-03-07,12.58,12.41,12.73,12.39,123957.0,星期四,-0.004,-0.0135
2024-03-06,12.76,12.63,12.86,12.43,146928.0,星期三,0.0047,-0.0102
2024-03-05,12.96,12.7,13.0,12.6,139619.0,星期二,0.0015,-0.0201
2024-03-04,12.96,12.94,12.99,12.75,137947.0,星期一,-0.0023,-0.0015
2024-03-01,12.95,12.99,13.2,12.87,188269.0,星期五,-0.0015,0.0031
2024-02-29,12.28,12.97,13.03,12.28,248606.0,星期四,-0.0215,0.0562
2024-02-28,13.05,12.55,13.35,12.52,399592.0,星期三,-0.0023,-0.0383
2024-02-27,12.39,13.08,13.13,12.35,322101.0,星期二,-0.0016,0.0557
2024-02-26,12.32,12.41,12.62,12.32,211687.0,星期一,-0.0175,0.0073
2024-02-23,12.4,12.54,12.73,12.38,325815.0,星期五,0.0122,0.0113
2024-02-22,11.85,12.25,12.33,11.85,258938.0,星期四,-0.0166,0.0338
2024-02-21,11.83,12.05,12.41,11.76,363578.0,星期三,-0.0215,0.0186
2024-02-20,11.49,12.09,12.44,11.48,361130.0,星期二,-0.012,0.0522
2024-02-19,11.64,11.63,11.69,11.2,231921.0,星期一,0.0009,-0.0009
2024-02-08,11.55,11.63,11.85,11.47,295695.0,星期四,0.0017,0.0069
2024-02-07,11.27,11.53,11.79,11.15,404639.0,星期三,-0.0088,0.0231
2024-02-06,10.4,11.37,11.37,10.4,389392.0,星期二,0.0058,0.0933
2024-02-05,10.77,10.34,10.89,10.21,260360.0,星期一,-0.0137,-0.0399
2024-02-02,11.55,10.92,11.6,10.52,310428.0,星期五,0.0026,-0.0545
2024-02-01,11.28,11.52,11.87,11.21,238220.0,星期四,-0.0191,0.0213
2024-01-31,12.41,11.5,12.61,11.42,394762.0,星期三,-0.0112,-0.0733
2024-01-30,12.83,12.55,13.22,12.5,349845.0,星期二,-0.0382,-0.0218
2024-01-29,14.36,13.34,14.38,13.34,501820.0,星期一,-0.031,-0.071
2024-01-26,15.21,14.82,15.21,14.66,413022.0,星期五,-0.0065,-0.0256
2024-01-25,15.23,15.31,15.54,15.2,516909.0,星期四,-0.0181,0.0053
2024-01-24,14.62,15.51,15.99,14.21,651415.0,星期三,0.0007,0.0609
2024-01-23,14.39,14.61,14.91,13.61,418373.0,星期二,-0.0083,0.0153
2024-01-22,15.33,14.51,15.73,14.02,443028.0,星期一,-0.0122,-0.0535
2024-01-19,15.63,15.52,15.8,15.3,372419.0,星期五,-0.0145,-0.007
2024-01-18,15.1,15.86,16.06,15.02,632984.0,星期四,-0.0131,0.0503
2024-01-17,15.52,15.3,15.74,15.25,471781.0,星期三,-0.0108,-0.0142
2024-01-16,14.88,15.69,16.27,14.87,692655.0,星期二,-0.0047,0.0544
2024-01-15,14.8,14.95,15.34,14.71,306959.0,星期一,-0.0087,0.0101
2024-01-12,15.0,14.93,15.06,14.84,335443.0,星期五,-0.0119,-0.0047
2024-01-11,14.48,15.18,15.5,14.43,574028.0,星期四,-0.0096,0.0483
2024-01-10,14.6,14.62,15.36,14.52,461483.0,星期三,-0.0162,0.0014
2024-01-09,14.42,14.84,15.08,14.36,479751.0,星期二,-0.0062,0.0291
2024-01-08,14.25,14.51,14.88,14.07,342093.0,星期一,-0.0097,0.0182
2024-01-05,14.75,14.39,14.89,14.28,315330.0,星期五,-0.0047,-0.0244
2024-01-04,14.8,14.82,15.05,14.75,258544.0,星期四,-0.008,0.0014
2024-01-03,15.08,14.92,15.19,14.79,250371.0,星期三,0.0013,-0.0106
2024-01-02,14.75,15.06,15.19,14.71,319256.0,星期二,-0.0232,0.021
2023-12-29,14.9,15.1,15.19,14.75,511269.0,星期五,-0.023,0.0134
2023-12-28,14.9,15.25,15.88,14.75,953738.0,星期四,-0.008,0.0235
2023-12-27,14.22,15.02,15.64,14.22,942480.0,星期三,0.0,0.0563
2023-12-26,13.5,14.22,14.88,13.32,495198.0,星期二,-0.0052,0.0533
2023-12-25,13.63,13.57,13.73,13.5,130345.0,星期一,-0.0145,-0.0044
2023-12-22,13.43,13.83,14.15,13.37,263887.0,星期五,0.0015,0.0298
2023-12-21,13.3,13.41,13.49,13.26,77230.0,星期四,-0.0082,0.0083
2023-12-20,13.72,13.41,13.83,13.38,156785.0,星期三,-0.0151,-0.0226
2023-12-19,13.7,13.93,14.08,13.68,209153.0,星期二,0.0037,0.0168
2023-12-18,13.75,13.65,13.85,13.6,64962.0,星期一,0.0051,-0.0073
2023-12-15,13.8,13.68,13.87,13.66,83123.0,星期五,0.0036,-0.0087
2023-12-14,13.97,13.75,14.04,13.73,78578.0,星期四,0.0043,-0.0157
2023-12-13,13.93,13.91,13.99,13.88,75867.0,星期三,-0.005,-0.0014
2023-12-12,13.79,14.0,14.13,13.73,159870.0,星期二,-0.0129,0.0152
2023-12-11,13.39,13.97,14.28,13.31,261849.0,星期一,-0.0007,0.0433
2023-12-08,13.54,13.4,13.61,13.37,70268.0,星期五,-0.0015,-0.0103
2023-12-07,13.5,13.56,13.6,13.46,58245.0,星期四,-0.0015,0.0044
2023-12-06,13.53,13.52,13.59,13.5,53213.0,星期三,0.0,-0.0007
2023-12-05,13.71,13.53,13.72,13.52,83864.0,星期二,-0.0022,-0.0131
2023-12-04,13.82,13.74,13.84,13.73,64786.0,星期一,0.0029,-0.0058
2023-12-01,13.75,13.78,13.79,13.66,63988.0,星期五,0.0,0.0022
2023-11-30,13.71,13.75,13.83,13.65,83338.0,星期四,-0.0007,0.0029
2023-11-29,13.68,13.72,13.83,13.65,66049.0,星期三,0.0,0.0029
2023-11-28,13.74,13.68,13.76,13.63,61427.0,星期二,-0.0007,-0.0044
2023-11-27,13.63,13.75,13.79,13.62,65924.0,星期一,-0.0058,0.0088
2023-11-24,13.86,13.71,13.88,13.68,81298.0,星期五,-0.0043,-0.0108
2023-11-23,13.85,13.92,13.92,13.73,96140.0,星期四,-0.0014,0.0051
2023-11-22,14.02,13.87,14.15,13.86,109992.0,星期三,-0.0071,-0.0107
2023-11-21,14.21,14.12,14.35,14.11,153223.0,星期二,-0.0007,-0.0063
2023-11-20,14.06,14.22,14.3,13.96,134155.0,星期一,-0.0014,0.0114
2023-11-17,14.13,14.08,14.16,14.0,90411.0,星期五,0.0007,-0.0035
2023-11-16,14.14,14.12,14.28,14.09,115020.0,星期四,-0.0014,-0.0014
2023-11-15,14.27,14.16,14.38,14.11,170036.0,星期三,0.0085,-0.0077
2023-11-14,14.01,14.15,14.35,13.94,217728.0,星期二,0.0,0.01
2023-11-13,13.91,14.01,14.01,13.85,84226.0,星期一,-0.0022,0.0072
2023-11-10,13.91,13.94,14.07,13.91,112802.0,星期五,-0.0022,0.0022
2023-11-09,14.06,13.94,14.14,13.93,114707.0,星期四,0.0,-0.0085
2023-11-08,14.09,14.06,14.2,13.96,142300.0,星期三,-0.0049,-0.0021
2023-11-07,14.0,14.16,14.2,14.0,213559.0,星期二,-0.0078,0.0114
2023-11-06,13.96,14.11,14.17,13.9,253278.0,星期一,0.0197,0.0107
2023-11-03,13.55,13.69,13.78,13.55,96690.0,星期五,-0.0073,0.0103
2023-11-02,13.86,13.65,13.95,13.64,94651.0,星期四,0.0014,-0.0152
2023-11-01,14.04,13.84,14.09,13.82,86840.0,星期三,0.005,-0.0142
2023-10-31,14.01,13.97,14.12,13.88,119105.0,星期二,0.0007,-0.0029
2023-10-30,13.78,14.0,14.05,13.75,116184.0,星期一,-0.0079,0.016
2023-10-27,14.0,13.89,14.0,13.7,171170.0,星期五,-0.0036,-0.0079
2023-10-26,14.0,14.05,14.14,13.95,147301.0,星期四,-0.0134,0.0036
2023-10-25,14.58,14.19,14.63,14.18,249587.0,星期三,0.0083,-0.0267
2023-10-24,13.98,14.46,14.57,13.92,361100.0,星期二,0.0007,0.0343
2023-10-23,14.05,13.97,14.06,13.72,234890.0,星期一,-0.0175,-0.0057
2023-10-20,13.74,14.3,14.3,13.66,396089.0,星期五,0.0,0.0408
2023-10-19,13.56,13.74,13.87,13.47,221244.0,星期四,-0.0007,0.0133
2023-10-18,13.57,13.57,13.72,13.47,130008.0,星期三,-0.0015,0.0
2023-10-17,13.48,13.59,13.73,13.44,126325.0,星期二,0.0015,0.0082
2023-10-16,13.49,13.46,13.62,13.4,87119.0,星期一,-0.0007,-0.0022
2023-10-13,13.51,13.5,13.6,13.41,75335.0,星期五,-0.0088,-0.0007
2023-10-12,13.8,13.63,13.8,13.55,113587.0,星期四,0.0185,-0.0123
2023-10-11,13.7,13.55,13.74,13.53,95791.0,星期三,0.0044,-0.0109
2023-10-10,13.71,13.64,13.77,13.62,87139.0,星期二,0.0051,-0.0051
2023-10-09,13.93,13.64,13.93,13.42,159309.0,星期一,-0.0128,-0.0208
2023-09-28,14.18,14.11,14.24,13.96,162412.0,星期四,-0.0042,-0.0049
2023-09-27,13.93,14.24,14.34,13.91,244252.0,星期三,0.0043,0.0223
2023-09-26,13.85,13.87,13.99,13.85,64698.0,星期二,-0.0022,0.0014
2023-09-25,14.09,13.88,14.13,13.86,113673.0,星期一,-0.0105,-0.0149
2023-09-22,13.86,14.24,14.24,13.81,199184.0,星期五,0.0,0.0274
2023-09-21,13.95,13.86,14.05,13.86,97289.0,星期四,-0.0029,-0.0065
2023-09-20,13.95,13.99,14.14,13.95,87944.0,星期三,-0.0064,0.0029
2023-09-19,14.25,14.04,14.25,14.0,138442.0,星期二,0.0064,-0.0147
2023-09-18,14.24,14.16,14.34,14.11,123413.0,星期一,-0.0049,-0.0056
2023-09-15,14.42,14.31,14.46,14.23,104984.0,星期五,0.0035,-0.0076
2023-09-14,14.44,14.37,14.5,14.3,115621.0,星期四,0.0,-0.0048
2023-09-13,14.56,14.44,14.6,14.33,146335.0,星期三,-0.0034,-0.0082
2023-09-12,14.69,14.61,14.76,14.57,135530.0,星期二,-0.0068,-0.0054
2023-09-11,14.7,14.79,14.9,14.34,217844.0,星期一,-0.0034,0.0061
2023-09-08,14.72,14.75,14.93,14.61,178600.0,星期五,-0.0101,0.002
2023-09-07,14.77,14.87,14.96,14.64,227338.0,星期四,-0.0054,0.0068
2023-09-06,14.86,14.85,15.0,14.81,181785.0,星期三,-0.0093,-0.0007
2023-09-05,14.88,15.0,15.04,14.73,266903.0,星期二,-0.0027,0.0081
2023-09-04,14.93,14.92,14.99,14.71,207923.0,星期一,0.004,-0.0007
2023-09-01,15.33,14.87,15.41,14.8,305800.0,星期五,0.0066,-0.03
2023-08-31,15.5,15.23,15.68,15.22,293283.0,星期四,-0.0064,-0.0174
2023-08-30,15.96,15.6,15.96,15.55,410162.0,星期三,-0.0203,-0.0226
2023-08-29,16.11,16.29,16.41,15.46,682854.0,星期二,-0.0248,0.0112
2023-08-28,17.92,16.52,17.92,16.49,887726.0,星期一,0.1001,-0.0781
2023-08-25,16.05,16.29,16.48,16.01,473581.0,星期五,0.0006,0.015
2023-08-24,15.92,16.04,16.54,15.92,565724.0,星期四,0.0,0.0075
2023-08-23,16.52,15.92,16.63,15.9,573172.0,星期三,-0.0225,-0.0363
2023-08-22,16.11,16.9,17.5,15.88,972801.0,星期二,0.0025,0.049
2023-08-21,16.72,16.07,16.88,16.05,655762.0,星期一,0.0,-0.0389
2023-08-18,17.85,16.72,18.13,16.67,912131.0,星期五,-0.0165,-0.0633
2023-08-17,19.2,18.15,19.58,17.66,1448211.0,星期四,-0.0062,-0.0547
2023-08-16,17.95,19.32,19.32,17.5,1335979.0,星期三,0.0222,0.0763
2023-08-15,15.49,17.56,17.56,15.47,926588.0,星期二,-0.0294,0.1336
2023-08-14,15.13,15.96,17.0,14.85,813737.0,星期一,-0.0496,0.0549
2023-08-11,15.31,15.92,16.93,15.12,918522.0,星期五,-0.0236,0.0398
2023-08-10,15.01,15.68,15.85,15.01,475325.0,星期四,-0.0079,0.0446
2023-08-09,15.19,15.13,15.35,15.0,260585.0,星期三,0.0013,-0.0039
2023-08-08,15.61,15.17,15.75,14.95,624996.0,星期二,-0.0268,-0.0282
2023-08-07,15.02,16.04,16.33,14.96,781876.0,星期一,-0.0278,0.0679
2023-08-04,15.21,15.45,16.48,14.9,1072085.0,星期五,0.0154,0.0158
2023-08-03,15.23,14.98,15.5,14.5,798392.0,星期四,0.004,-0.0164
2023-08-02,14.1,15.17,15.4,13.93,989704.0,星期三,0.0071,0.0759
2023-08-01,13.77,14.0,14.24,13.75,241697.0,星期二,-0.0143,0.0167
2023-07-31,14.01,13.97,14.36,13.92,330939.0,星期一,-0.0036,-0.0029
2023-07-28,13.47,14.06,14.19,13.44,428524.0,星期五,0.006,0.0438
2023-07-27,13.42,13.39,13.54,13.36,60041.0,星期四,-0.0059,-0.0022
2023-07-26,13.46,13.5,13.62,13.35,93693.0,星期三,-0.0081,0.003
2023-07-25,13.46,13.57,13.66,13.31,185073.0,星期二,0.0228,0.0082
2023-07-24,13.16,13.16,13.22,13.11,25102.0,星期一,-0.003,0.0
2023-07-21,13.12,13.2,13.26,13.11,30899.0,星期五,-0.003,0.0061
2023-07-20,13.32,13.16,13.34,13.13,38588.0,星期四,0.0053,-0.012
2023-07-19,13.2,13.25,13.27,13.17,35174.0,星期三,0.0008,0.0038
2023-07-18,13.21,13.19,13.28,13.12,40259.0,星期二,0.0023,-0.0015
2023-07-17,13.3,13.18,13.3,13.15,48885.0,星期一,-0.0045,-0.009
2023-07-14,13.48,13.36,13.51,13.35,39113.0,星期五,0.0,-0.0089
2023-07-13,13.45,13.48,13.58,13.42,57924.0,星期四,0.0075,0.0022
2023-07-12,13.54,13.35,13.57,13.35,41110.0,星期三,0.0015,-0.014
2023-07-11,13.61,13.52,13.62,13.5,40483.0,星期二,0.0,-0.0066
2023-07-10,13.65,13.61,13.65,13.55,30663.0,星期一,0.0037,-0.0029
2023-07-07,13.56,13.6,13.66,13.5,33449.0,星期五,-0.0022,0.0029
2023-07-06,13.67,13.59,13.69,13.58,31191.0,星期四,0.0015,-0.0059
2023-07-05,13.68,13.65,13.69,13.56,45771.0,星期三,0.0015,-0.0022
2023-07-04,13.73,13.66,13.74,13.59,54457.0,星期二,-0.0015,-0.0051
2023-07-03,13.64,13.75,13.84,13.59,99947.0,星期一,-0.0029,0.0081
2023-06-30,13.58,13.68,13.76,13.53,102208.0,星期五,-0.0022,0.0074
2023-06-29,13.52,13.61,13.72,13.5,73230.0,星期四,-0.0153,0.0067
2023-06-28,13.37,13.73,14.15,13.35,146910.0,星期三,-0.0067,0.0269
2023-06-27,13.37,13.46,13.48,13.34,36415.0,星期二,-0.0022,0.0067
2023-06-26,13.03,13.4,13.66,13.02,87902.0,星期一,-0.0188,0.0284
2023-06-21,13.49,13.28,13.5,13.28,46462.0,星期三,0.0,-0.0156
2023-06-20,13.5,13.49,13.56,13.41,40776.0,星期二,-0.0015,-0.0007
2023-06-19,13.5,13.52,13.6,13.5,39672.0,星期一,-0.0052,0.0015
2023-06-16,13.59,13.57,13.6,13.52,45349.0,星期五,0.0015,-0.0015
2023-06-15,13.44,13.57,13.62,13.4,70264.0,星期四,0.0,0.0097
2023-06-14,13.52,13.44,13.64,13.43,52324.0,星期三,0.0022,-0.0059
2023-06-13,13.44,13.49,13.56,13.43,41880.0,星期二,-0.003,0.0037
2023-06-12,13.62,13.48,13.66,13.38,67592.0,星期一,-0.0029,-0.0103
2023-06-09,13.73,13.66,13.81,13.64,42383.0,星期五,-0.0015,-0.0051
2023-06-08,13.62,13.75,13.85,13.51,73242.0,星期四,-0.0022,0.0095
2023-06-07,13.75,13.65,13.83,13.62,38758.0,星期三,0.0051,-0.0073
2023-06-06,13.78,13.68,13.86,13.55,59597.0,星期二,-0.0036,-0.0073
2023-06-05,13.8,13.83,13.97,13.74,50728.0,星期一,-0.0007,0.0022
2023-06-02,13.76,13.81,13.94,13.64,79854.0,星期五,0.0,0.0036
2023-06-01,13.38,13.76,13.84,13.35,124511.0,星期四,0.0015,0.0284
2023-05-31,13.81,13.36,13.81,13.34,115781.0,星期三,-0.0014,-0.0326
2023-05-30,13.75,13.83,13.83,13.61,62406.0,星期二,0.0015,0.0058
2023-05-29,14.0,13.73,14.03,13.7,81352.0,星期一,0.0065,-0.0193
2023-05-26,14.0,13.91,14.0,13.8,88632.0,星期五,0.0,-0.0064
2023-05-25,13.71,14.0,14.11,13.67,145025.0,星期四,-0.0101,0.0212
2023-05-24,13.7,13.85,14.19,13.7,153724.0,星期三,0.0,0.0109
2023-05-23,13.88,13.7,13.93,13.7,43182.0,星期二,-0.0014,-0.013
2023-05-22,13.73,13.9,13.92,13.6,51698.0,星期一,-0.0029,0.0124
2023-05-19,13.87,13.77,13.9,13.7,63279.0,星期五,-0.005,-0.0072
2023-05-18,13.97,13.94,14.08,13.88,73674.0,星期四,0.0,-0.0021
2023-05-17,13.86,13.97,14.04,13.85,58302.0,星期三,-0.0086,0.0079
2023-05-16,14.1,13.98,14.14,13.82,125725.0,星期二,-0.0049,-0.0085
2023-05-15,13.6,14.17,14.3,13.53,217545.0,星期一,-0.0015,0.0419
2023-05-12,13.62,13.62,13.82,13.51,83710.0,星期五,-0.0029,0.0
2023-05-11,13.8,13.66,13.87,13.58,97249.0,星期四,0.0007,-0.0101
2023-05-10,14.15,13.79,14.17,13.7,188390.0,星期三,-0.0077,-0.0254
2023-05-09,13.78,14.26,14.81,13.67,376288.0,星期二,0.0007,0.0348
2023-05-08,13.51,13.77,13.92,13.33,156839.0,星期一,-0.0022,0.0192
2023-05-05,13.48,13.54,13.81,13.45,123028.0,星期五,-0.0007,0.0045
2023-05-04,13.4,13.49,13.55,13.22,119688.0,星期四,-0.0255,0.0067
2023-04-28,13.62,13.75,13.92,13.6,126129.0,星期五,0.0052,0.0095
2023-04-27,13.55,13.55,13.65,13.47,75254.0,星期四,-0.0007,0.0
2023-04-26,13.56,13.56,13.66,13.51,61679.0,星期三,-0.0029,0.0
2023-04-25,13.6,13.6,13.69,13.45,95397.0,星期二,0.0059,0.0
2023-04-24,13.68,13.52,13.76,13.42,99648.0,星期一,-0.0022,-0.0117
2023-04-21,14.34,13.71,14.35,13.71,169229.0,星期五,-0.0055,-0.0439
2023-04-20,14.36,14.42,14.64,14.32,113997.0,星期四,0.0,0.0042
2023-04-19,14.6,14.36,14.66,14.34,119574.0,星期三,-0.0027,-0.0164
2023-04-18,15.0,14.64,15.1,14.6,173351.0,星期二,-0.0027,-0.024
2023-04-17,14.8,15.04,15.15,14.76,221412.0,星期一,-0.0027,0.0162
2023-04-14,14.75,14.84,14.96,14.72,122051.0,星期五,0.0014,0.0061
2023-04-13,14.82,14.73,14.89,14.65,94224.0,星期四,-0.004,-0.0061
2023-04-12,14.88,14.88,15.14,14.76,113449.0,星期三,-0.004,0.0
2023-04-11,15.0,14.94,15.19,14.8,163980.0,星期二,0.0067,-0.004
2023-04-10,15.38,14.9,15.49,14.83,186275.0,星期一,0.0065,-0.0312
2023-04-07,15.25,15.28,15.41,15.01,225661.0,星期五,-0.002,0.002
2023-04-06,15.18,15.28,15.72,14.96,294915.0,星期四,0.0073,0.0066
2023-04-04,15.02,15.07,15.18,14.93,213146.0,星期二,-0.0066,0.0033
2023-04-03,14.45,15.12,15.15,14.45,336656.0,星期一,-0.015,0.0464
2023-03-31,14.6,14.67,14.94,14.53,194693.0,星期五,0.0048,0.0048
2023-03-30,14.83,14.53,14.89,14.35,240715.0,星期四,0.0,-0.0202
2023-03-29,14.95,14.83,15.11,14.7,304562.0,星期三,-0.0125,-0.008
2023-03-28,15.08,15.14,15.36,14.63,593964.0,星期二,0.0259,0.004
2023-03-27,13.95,14.7,14.93,13.94,341520.0,星期一,-0.0021,0.0538
2023-03-24,13.96,13.98,14.07,13.94,72075.0,星期五,-0.0021,0.0014
2023-03-23,13.8,13.99,14.0,13.79,78567.0,星期四,-0.0079,0.0138
2023-03-22,14.0,13.91,14.04,13.85,65628.0,星期三,0.0,-0.0064
2023-03-21,13.92,14.0,14.02,13.9,68937.0,星期二,0.0,0.0057
2023-03-20,13.94,13.92,14.09,13.9,80312.0,星期一,-0.0021,-0.0014
2023-03-17,13.8,13.97,14.0,13.8,114794.0,星期五,0.008,0.0123
2023-03-16,13.8,13.69,13.92,13.68,68554.0,星期四,-0.0029,-0.008
2023-03-15,13.9,13.84,14.0,13.8,82832.0,星期三,0.0072,-0.0043
2023-03-14,14.04,13.8,14.05,13.7,96083.0,星期二,-0.0021,-0.0171
2023-03-13,14.19,14.07,14.24,13.85,102612.0,星期一,0.0,-0.0085
2023-03-10,14.16,14.19,14.33,14.08,106896.0,星期五,-0.0063,0.0021
2023-03-09,14.38,14.25,14.41,14.2,66939.0,星期四,0.0007,-0.009
2023-03-08,14.21,14.37,14.37,14.19,111243.0,星期三,-0.0049,0.0113
2023-03-07,14.56,14.28,14.79,14.25,175973.0,星期二,0.0055,-0.0192
2023-03-06,14.75,14.48,14.78,14.45,135957.0,星期一,0.0034,-0.0183
2023-03-03,14.82,14.7,14.9,14.57,144104.0,星期五,0.002,-0.0081
2023-03-02,15.0,14.79,15.0,14.75,158740.0,星期四,-0.0053,-0.014
2023-03-01,14.85,15.08,15.13,14.82,226328.0,星期三,-0.0054,0.0155
2023-02-28,14.78,14.93,15.01,14.72,173275.0,星期二,0.0,0.0101
2023-02-27,14.79,14.78,14.94,14.71,150766.0,星期一,-0.0133,-0.0007
2023-02-24,15.23,14.99,15.35,14.83,321647.0,星期五,-0.011,-0.0158
2023-02-23,14.9,15.4,15.98,14.87,656348.0,星期四,-0.002,0.0336
2023-02-22,14.8,14.93,15.46,14.77,404570.0,星期三,-0.0087,0.0088
2023-02-21,14.62,14.93,15.58,14.55,514029.0,星期二,-0.0048,0.0212
2023-02-20,14.2,14.69,14.99,14.08,359362.0,星期一,0.015,0.0345
2023-02-17,14.35,13.99,14.45,13.97,159606.0,星期五,-0.0055,-0.0251
2023-02-16,14.39,14.43,14.94,14.31,341894.0,星期四,0.0042,0.0028
2023-02-15,14.43,14.33,14.46,14.28,87647.0,星期三,0.0007,-0.0069
2023-02-14,14.59,14.42,14.6,14.31,142519.0,星期二,0.0007,-0.0117
2023-02-13,14.48,14.58,14.63,14.45,100107.0,星期一,-0.0062,0.0069
2023-02-10,14.63,14.57,14.71,14.48,118416.0,星期五,-0.0081,-0.0041
2023-02-09,14.55,14.75,14.85,14.53,193298.0,星期四,-0.0034,0.0137
2023-02-08,14.59,14.6,14.7,14.54,118282.0,星期三,0.0,0.0007
2023-02-07,14.5,14.59,14.7,14.49,123217.0,星期二,0.0028,0.0062
2023-02-06,14.5,14.46,14.64,14.32,152046.0,星期一,-0.0116,-0.0028
2023-02-03,14.52,14.67,14.86,14.51,267718.0,星期五,-0.0062,0.0103
2023-02-02,15.15,14.61,16.2,14.59,610593.0,星期四,0.0007,-0.0356
2023-02-01,14.85,15.14,15.21,14.72,318986.0,星期三,0.0007,0.0195
2023-01-31,14.8,14.84,14.97,14.6,200272.0,星期二,-0.01,0.0027
2023-01-30,14.9,14.95,15.11,14.68,301781.0,星期一,0.0054,0.0034
2023-01-20,15.18,14.82,15.18,14.3,465251.0,星期五,-0.02,-0.0237
2023-01-19,14.05,15.49,15.49,13.99,542281.0,星期四,-0.0021,0.1025
2023-01-18,14.01,14.08,14.26,13.98,144155.0,星期三,-0.0064,0.005
2023-01-17,13.8,14.1,14.12,13.76,174945.0,星期二,-0.0143,0.0217
2023-01-16,13.78,14.0,14.23,13.65,265278.0,星期一,0.0022,0.016
2023-01-13,13.6,13.75,13.95,13.46,152783.0,星期五,-0.0029,0.011
2023-01-12,13.26,13.64,13.65,13.2,103757.0,星期四,-0.0023,0.0287
2023-01-11,13.52,13.29,13.55,13.27,56677.0,星期三,0.006,-0.017
2023-01-10,13.5,13.44,13.62,13.4,53845.0,星期二,-0.0007,-0.0044
2023-01-09,13.33,13.51,13.66,13.33,88308.0,星期一,-0.0052,0.0135
2023-01-06,13.43,13.4,13.67,13.34,85906.0,星期五,-0.0007,-0.0022
2023-01-05,13.33,13.44,13.46,13.29,88709.0,星期四,0.0045,0.0083
2023-01-04,13.17,13.27,13.37,13.17,58187.0,星期三,-0.0068,0.0076
2023-01-03,13.0,13.26,13.26,12.76,73271.0,星期二,-0.0137,0.02
2022-12-30,13.25,13.18,13.29,13.16,37922.0,星期五,0.003,-0.0053
2022-12-29,13.26,13.21,13.37,13.2,37924.0,星期四,-0.0045,-0.0038
2022-12-28,13.38,13.32,13.43,13.25,48946.0,星期三,-0.0052,-0.0045
2022-12-27,13.48,13.45,13.58,13.37,65197.0,星期二,0.0052,-0.0022
2022-12-26,13.33,13.41,13.41,13.25,38762.0,星期一,0.0023,0.006
2022-12-23,13.32,13.3,13.43,13.18,41112.0,星期五,-0.0022,-0.0015
2022-12-22,13.5,13.35,13.62,13.24,46527.0,星期四,0.0067,-0.0111
2022-12-21,13.7,13.41,13.7,13.33,53765.0,星期三,0.0044,-0.0212
2022-12-20,13.55,13.64,13.74,13.55,36660.0,星期二,-0.0059,0.0066
2022-12-19,14.0,13.63,14.05,13.57,79062.0,星期一,-0.0007,-0.0264
2022-12-16,13.99,14.01,14.1,13.95,65442.0,星期五,-0.0014,0.0014
2022-12-15,14.02,14.01,14.06,13.92,54048.0,星期四,0.0,-0.0007
2022-12-14,14.1,14.02,14.13,13.91,67147.0,星期三,0.0057,-0.0057
2022-12-13,14.03,14.02,14.11,13.97,48483.0,星期二,0.0,-0.0007
2022-12-12,14.08,14.03,14.16,14.0,66062.0,星期一,-0.0071,-0.0036
2022-12-09,14.25,14.18,14.33,14.12,86366.0,星期五,0.0014,-0.0049
2022-12-08,14.36,14.23,14.37,14.18,70630.0,星期四,-0.0007,-0.0091
2022-12-07,14.41,14.37,14.54,14.24,106348.0,星期三,-0.0069,-0.0028
2022-12-06,14.29,14.51,14.66,14.21,186446.0,星期二,-0.0035,0.0154
2022-12-05,14.18,14.34,14.4,14.15,150469.0,星期一,0.0085,0.0113
2022-12-02,14.17,14.06,14.26,14.01,91418.0,星期五,-0.0021,-0.0078
2022-12-01,14.32,14.2,14.55,14.17,193289.0,星期四,0.0106,-0.0084
2022-11-30,14.27,14.17,14.32,14.09,109313.0,星期三,0.0035,-0.007
2022-11-29,13.85,14.22,14.29,13.82,165224.0,星期二,0.0,0.0267
2022-11-28,13.77,13.85,13.95,13.59,99843.0,星期一,-0.0206,0.0058
2022-11-25,14.03,14.06,14.18,13.94,97595.0,星期五,0.0,0.0021
2022-11-24,14.25,14.03,14.3,14.03,99611.0,星期四,0.0092,-0.0154
2022-11-23,14.3,14.12,14.31,13.9,166307.0,星期三,-0.0049,-0.0126
2022-11-22,14.3,14.37,14.57,14.26,202679.0,星期二,-0.0063,0.0049
2022-11-21,14.8,14.39,14.87,14.22,371769.0,星期一,-0.0358,-0.0277
2022-11-18,15.73,15.35,16.23,15.14,640425.0,星期五,0.0248,-0.0242
2022-11-17,14.45,15.35,15.92,14.36,524472.0,星期四,-0.0014,0.0623
2022-11-16,14.68,14.47,14.68,14.45,120985.0,星期三,-0.0034,-0.0143
2022-11-15,14.35,14.73,14.97,14.2,251817.0,星期二,0.0014,0.0265
2022-11-14,14.25,14.33,14.7,14.24,180516.0,星期一,-0.0014,0.0056
2022-11-11,14.4,14.27,14.5,14.19,153595.0,星期五,0.0184,-0.009
2022-11-10,14.03,14.14,14.23,14.03,62917.0,星期四,-0.0057,0.0078
2022-11-09,14.19,14.11,14.25,14.1,48976.0,星期三,-0.0014,-0.0056
2022-11-08,14.21,14.21,14.33,14.08,73184.0,星期二,0.0,0.0
2022-11-07,14.16,14.21,14.31,14.13,71427.0,星期一,-0.0049,0.0035
2022-11-04,14.08,14.23,14.36,14.05,111735.0,星期五,0.0007,0.0107
2022-11-03,13.99,14.07,14.09,13.88,62050.0,星期四,-0.0029,0.0057
2022-11-02,14.03,14.03,14.15,13.93,87576.0,星期三,0.0,0.0
2022-11-01,13.69,14.03,14.03,13.64,136355.0,星期二,0.0,0.0248
2022-10-31,13.25,13.69,13.82,13.24,114242.0,星期一,0.0,0.0332
2022-10-28,13.76,13.25,13.81,13.21,94456.0,星期五,0.0015,-0.0371
2022-10-27,13.69,13.74,13.89,13.69,71849.0,星期四,-0.0029,0.0037
2022-10-26,13.7,13.73,13.92,13.64,87871.0,星期三,-0.0022,0.0022
2022-10-25,13.59,13.73,13.93,13.3,95181.0,星期二,-0.0029,0.0103
2022-10-24,13.88,13.63,14.15,13.61,98568.0,星期一,0.0058,-0.018
2022-10-21,14.16,13.8,14.28,13.71,114223.0,星期五,0.0276,-0.0254
2022-10-20,13.76,13.78,14.05,13.71,95547.0,星期四,-0.0029,0.0015
2022-10-19,13.71,13.8,13.86,13.52,80974.0,星期三,-0.0058,0.0066
2022-10-18,13.79,13.79,13.87,13.65,72604.0,星期二,0.0007,0.0
2022-10-17,13.7,13.78,13.83,13.62,67650.0,星期一,-0.0051,0.0058
2022-10-14,13.7,13.77,13.87,13.57,95594.0,星期五,0.0088,0.0051
2022-10-13,13.6,13.58,13.85,13.55,66749.0,星期四,-0.008,-0.0015
2022-10-12,13.32,13.71,13.73,13.3,85613.0,星期三,-0.0045,0.0293
2022-10-11,13.11,13.38,13.64,13.0,90517.0,星期二,0.0038,0.0206
2022-10-10,13.04,13.06,13.2,12.88,61715.0,星期一,0.0,0.0015
2022-09-30,13.33,13.04,13.44,13.04,78117.0,星期五,0.0015,-0.0218
2022-09-29,13.88,13.31,13.89,13.26,147915.0,星期四,0.0007,-0.0411
2022-09-28,13.75,13.87,14.38,13.69,203220.0,星期三,-0.0043,0.0087
2022-09-27,13.58,13.81,13.84,13.52,68039.0,星期二,-0.0037,0.0169
2022-09-26,13.4,13.63,13.86,13.33,92619.0,星期一,-0.0081,0.0172
2022-09-23,13.64,13.51,13.84,13.43,65844.0,星期五,-0.0051,-0.0095
2022-09-22,13.45,13.71,13.73,13.45,76447.0,星期四,-0.0066,0.0193
2022-09-21,13.47,13.54,13.66,13.3,50830.0,星期三,0.0007,0.0052
2022-09-20,13.46,13.46,13.56,13.38,44083.0,星期二,0.0015,0.0
2022-09-19,13.35,13.44,13.47,13.28,49720.0,星期一,-0.0045,0.0067
2022-09-16,13.93,13.41,13.99,13.22,135976.0,星期五,-0.005,-0.0373
2022-09-15,14.25,14.0,14.34,13.87,83515.0,星期四,0.0049,-0.0175
2022-09-14,14.26,14.18,14.32,14.1,85626.0,星期三,-0.0111,-0.0056
2022-09-13,14.46,14.42,14.55,14.39,77048.0,星期二,0.0035,-0.0028
2022-09-09,14.34,14.41,14.49,14.29,97586.0,星期五,0.0049,0.0049
2022-09-08,14.48,14.27,14.48,14.26,63420.0,星期四,0.0105,-0.0145
2022-09-07,14.39,14.33,14.4,14.31,59162.0,星期三,-0.0042,-0.0042
2022-09-06,14.4,14.45,14.49,14.33,83029.0,星期二,0.0,0.0035
2022-09-05,14.24,14.4,14.42,14.21,77070.0,星期一,-0.0104,0.0112
2022-09-02,14.58,14.39,14.69,14.28,164921.0,星期五,-0.0075,-0.013
2022-09-01,14.7,14.69,15.2,14.68,276069.0,星期四,0.0096,-0.0007
2022-08-31,14.45,14.56,14.71,14.41,112124.0,星期三,-0.0034,0.0076
2022-08-30,14.41,14.5,14.64,14.38,87766.0,星期二,0.0049,0.0062
2022-08-29,14.2,14.34,14.39,14.16,54550.0,星期一,-0.0153,0.0099
2022-08-26,14.39,14.42,14.54,14.25,84361.0,星期五,-0.0014,0.0021
2022-08-25,14.35,14.41,14.53,14.12,114463.0,星期四,0.0,0.0042
2022-08-24,14.52,14.35,14.91,14.33,141273.0,星期三,-0.0062,-0.0117
2022-08-23,14.48,14.61,14.85,14.44,115174.0,星期二,0.0,0.009
2022-08-22,14.43,14.48,14.57,14.35,66241.0,星期一,-0.0048,0.0035
2022-08-19,14.68,14.5,14.82,14.45,104204.0,星期五,-0.002,-0.0123
2022-08-18,14.82,14.71,14.85,14.69,105679.0,星期四,-0.0054,-0.0074
2022-08-17,14.69,14.9,15.04,14.58,187556.0,星期三,0.0,0.0143
2022-08-16,14.74,14.69,14.82,14.58,91022.0,星期二,0.002,-0.0034
2022-08-15,14.66,14.71,14.82,14.55,104020.0,星期一,-0.0068,0.0034
2022-08-12,14.75,14.76,14.94,14.66,158181.0,星期五,-0.0134,0.0007
2022-08-11,14.36,14.95,15.11,14.28,325240.0,星期四,0.0063,0.0411
2022-08-10,14.3,14.27,14.48,14.21,89759.0,星期三,-0.0035,-0.0021
2022-08-09,14.52,14.35,14.62,14.3,122445.0,星期二,0.0,-0.0117
2022-08-08,14.33,14.52,14.56,14.3,101516.0,星期一,-0.011,0.0133
2022-08-05,14.24,14.49,14.54,14.2,172189.0,星期五,-0.0021,0.0176
2022-08-04,14.28,14.27,14.41,14.1,127755.0,星期四,0.0085,-0.0007
2022-08-03,14.34,14.16,14.62,14.11,179642.0,星期三,-0.0007,-0.0126
2022-08-02,15.18,14.35,15.18,14.14,232291.0,星期二,-0.0085,-0.0547
2022-08-01,15.19,15.31,15.43,15.04,123970.0,星期一,-0.0052,0.0079
2022-07-29,15.5,15.27,15.68,15.25,188810.0,星期五,-0.0096,-0.0148
2022-07-28,15.97,15.65,16.08,15.63,253740.0,星期四,0.0108,-0.02
2022-07-27,15.7,15.8,15.87,15.5,238273.0,星期三,-0.0126,0.0064
2022-07-26,15.51,15.9,16.38,15.35,401529.0,星期二,0.0,0.0251
2022-07-25,15.19,15.51,15.75,15.15,236839.0,星期一,-0.0046,0.0211
2022-07-22,15.12,15.26,15.35,15.03,141789.0,星期五,0.002,0.0093
2022-07-21,15.13,15.09,15.34,15.0,126956.0,星期四,-0.0039,-0.0026
2022-07-20,15.05,15.19,15.3,14.96,131774.0,星期三,0.0013,0.0093
2022-07-19,14.98,15.03,15.11,14.81,113233.0,星期二,0.0007,0.0033
2022-07-18,14.76,14.97,15.05,14.76,111568.0,星期一,0.002,0.0142
2022-07-15,15.14,14.73,15.25,14.72,151475.0,星期五,-0.002,-0.0271
2022-07-14,15.1,15.17,15.4,15.08,137451.0,星期四,-0.0053,0.0046
2022-07-13,15.14,15.18,15.21,14.94,133021.0,星期三,-0.0007,0.0026
2022-07-12,15.19,15.15,15.5,15.11,182922.0,星期二,0.0007,-0.0026
2022-07-11,14.9,15.18,15.27,14.69,155580.0,星期一,-0.0159,0.0188
2022-07-08,15.76,15.14,15.82,15.09,379886.0,星期五,-0.0168,-0.0393
2022-07-07,15.81,16.03,16.26,15.81,312923.0,星期四,-0.0186,0.0139
2022-07-06,15.53,16.11,16.77,15.45,553141.0,星期三,-0.0038,0.0373
2022-07-05,15.69,15.59,15.88,15.38,217959.0,星期二,-0.0101,-0.0064
2022-07-04,15.22,15.85,16.36,14.78,382744.0,星期一,0.004,0.0414
2022-07-01,15.24,15.16,15.3,15.09,115918.0,星期五,-0.0007,-0.0052
2022-06-30,15.1,15.25,15.45,15.1,169115.0,星期四,0.0013,0.0099
2022-06-29,15.37,15.08,15.59,15.08,253395.0,星期三,-0.0045,-0.0189
2022-06-28,15.36,15.44,15.6,15.12,224815.0,星期二,-0.0013,0.0052
2022-06-27,15.7,15.38,15.75,15.36,229634.0,星期一,0.0096,-0.0204
2022-06-24,15.53,15.55,15.95,15.35,287215.0,星期五,-0.0019,0.0013
2022-06-23,15.13,15.56,15.65,15.1,306932.0,星期四,-0.002,0.0284
2022-06-22,15.65,15.16,15.66,15.14,239365.0,星期三,0.0013,-0.0313
2022-06-21,15.85,15.63,16.02,15.37,231275.0,星期二,-0.0031,-0.0139
2022-06-20,15.77,15.9,16.36,15.7,277291.0,星期一,-0.0019,0.0082
2022-06-17,15.74,15.8,16.11,15.43,372755.0,星期五,-0.0187,0.0038
2022-06-16,16.48,16.04,16.78,16.01,535674.0,星期四,-0.022,-0.0267
2022-06-15,16.79,16.85,18.19,16.79,741922.0,星期三,0.0012,0.0036
2022-06-14,15.51,16.77,17.1,15.22,523814.0,星期二,-0.0171,0.0812
2022-06-13,16.0,15.78,16.24,15.48,425630.0,星期一,-0.0256,-0.0138
2022-06-10,15.55,16.42,16.93,15.4,499992.0,星期五,-0.0195,0.0559
2022-06-09,15.55,15.86,16.91,15.25,560306.0,星期四,0.0019,0.0199
2022-06-08,15.21,15.52,15.83,15.11,441289.0,星期三,0.0046,0.0204
2022-06-07,15.31,15.14,15.66,15.08,464590.0,星期二,-0.0142,-0.0111
2022-06-06,14.42,15.53,15.95,14.27,662990.0,星期一,-0.0055,0.077
2022-06-02,14.35,14.5,14.65,14.14,265353.0,星期四,-0.0021,0.0105
2022-06-01,14.07,14.38,14.78,14.02,347475.0,星期三,-0.0007,0.022
2022-05-31,13.84,14.08,14.12,13.64,250068.0,星期二,0.0014,0.0173
2022-05-30,13.99,13.82,14.03,13.72,136512.0,星期一,0.0072,-0.0122
2022-05-27,13.95,13.89,14.16,13.78,234451.0,星期五,0.0036,-0.0043
2022-05-26,13.74,13.9,14.18,13.55,240349.0,星期四,0.0015,0.0116
2022-05-25,13.49,13.72,13.79,13.49,188196.0,星期三,-0.0015,0.017
2022-05-24,14.11,13.51,14.3,13.5,264504.0,星期二,-0.0049,-0.0425
2022-05-23,14.03,14.18,14.3,13.95,278514.0,星期一,-0.0099,0.0107
2022-05-20,14.31,14.17,14.47,13.89,447407.0,星期五,0.0063,-0.0098
2022-05-19,13.5,14.22,14.28,13.4,364374.0,星期四,-0.0246,0.0533
2022-05-18,13.72,13.84,14.24,13.72,401240.0,星期三,0.0029,0.0087
2022-05-17,13.43,13.68,13.83,13.04,273300.0,星期二,-0.0007,0.0186
2022-05-16,13.97,13.44,13.98,13.3,246942.0,星期一,0.0145,-0.0379
2022-05-13,13.73,13.77,14.0,13.62,219427.0,星期五,0.0,0.0029
2022-05-12,13.52,13.73,14.05,13.28,282933.0,星期四,-0.0131,0.0155
2022-05-11,13.59,13.7,14.21,13.45,439963.0,星期三,-0.0037,0.0081
2022-05-10,13.4,13.64,13.77,13.3,319726.0,星期二,-0.0118,0.0179
2022-05-09,13.52,13.56,13.72,13.23,195216.0,星期一,0.0,0.003
2022-05-06,13.69,13.52,14.2,13.46,329822.0,星期五,-0.0058,-0.0124
2022-05-05,13.67,13.77,13.98,13.36,396578.0,星期四,-0.0137,0.0073
2022-04-29,13.13,13.86,13.86,13.1,533747.0,星期五,0.0421,0.0556
2022-04-28,13.47,12.6,13.58,12.49,382488.0,星期四,-0.0218,-0.0646
2022-04-27,13.24,13.77,14.26,12.68,479770.0,星期三,-0.0543,0.04
2022-04-26,15.3,14.0,15.48,14.0,538411.0,星期二,-0.0167,-0.085
2022-04-25,15.31,15.56,16.1,15.25,554028.0,星期一,-0.0116,0.0163
2022-04-22,14.54,15.49,15.71,14.5,476833.0,星期五,-0.0235,0.0653
2022-04-21,14.4,14.89,15.26,14.26,404397.0,星期四,-0.0123,0.034
2022-04-20,14.8,14.58,15.15,14.46,267802.0,星期三,-0.008,-0.0149
2022-04-19,14.54,14.92,15.17,14.52,289750.0,星期二,0.0028,0.0261
2022-04-18,15.01,14.5,15.28,14.5,310919.0,星期一,-0.0202,-0.034
2022-04-15,15.83,15.32,16.27,15.23,370220.0,星期五,-0.0137,-0.0322
2022-04-14,16.27,16.05,16.58,15.82,417751.0,星期四,0.0162,-0.0135
2022-04-13,15.9,16.01,16.9,15.69,569167.0,星期三,-0.0275,0.0069
2022-04-12,15.18,16.35,16.82,15.01,661646.0,星期二,-0.0091,0.0771
2022-04-11,15.06,15.32,15.85,14.98,501095.0,星期一,-0.0125,0.0173
2022-04-08,14.66,15.25,15.74,14.3,570956.0,星期五,0.0014,0.0402
2022-04-07,14.03,14.64,15.24,13.95,538079.0,星期四,0.0021,0.0435
2022-04-06,14.24,14.0,14.27,13.83,257414.0,星期三,-0.0042,-0.0169
2022-04-01,14.5,14.3,14.59,14.26,275591.0,星期五,-0.0007,-0.0138
2022-03-31,14.64,14.51,14.97,14.45,327342.0,星期四,-0.0155,-0.0089
2022-03-30,14.5,14.87,15.11,14.33,465524.0,星期三,0.014,0.0255
2022-03-29,15.07,14.3,15.16,14.13,436626.0,星期二,0.006,-0.0511
2022-03-28,14.54,14.98,15.32,14.54,479377.0,星期一,-0.1002,0.0303
2022-03-25,16.89,16.16,17.07,16.15,378826.0,星期五,-0.0123,-0.0432
2022-03-24,16.3,17.1,17.39,16.27,544344.0,星期四,-0.0091,0.0491
2022-03-23,16.7,16.45,16.99,16.31,363927.0,星期三,-0.0089,-0.015
2022-03-22,17.0,16.85,17.4,16.77,407180.0,星期二,-0.0058,-0.0088
2022-03-21,17.24,17.1,17.55,17.01,403032.0,星期一,-0.0103,-0.0081
2022-03-18,17.7,17.42,17.92,17.26,473973.0,星期五,-0.0006,-0.0158
2022-03-17,18.5,17.71,19.24,17.65,848771.0,星期四,0.0016,-0.0427
2022-03-16,16.72,18.47,18.47,15.85,808272.0,星期三,-0.0042,0.1047
2022-03-15,16.1,16.79,17.54,16.01,709875.0,星期二,-0.0141,0.0429
2022-03-14,15.87,16.33,17.36,15.83,757143.0,星期一,-0.0258,0.029
2022-03-11,14.61,16.29,16.29,14.57,663853.0,星期五,-0.0135,0.115
2022-03-10,15.21,14.81,15.78,14.76,616751.0,星期四,-0.0085,-0.0263
2022-03-09,15.1,15.34,16.13,14.74,685268.0,星期三,-0.0169,0.0159
2022-03-08,14.6,15.36,16.28,14.57,646997.0,星期二,-0.0148,0.0521
2022-03-07,14.01,14.82,15.2,14.01,459933.0,星期一,-0.0168,0.0578
2022-03-04,13.82,14.25,14.27,13.73,265202.0,星期五,-0.0107,0.0311
2022-03-03,14.33,13.97,14.38,13.88,200388.0,星期四,0.0049,-0.0251
2022-03-02,13.9,14.26,14.35,13.86,221926.0,星期三,-0.0197,0.0259
2022-03-01,13.91,14.18,14.2,13.8,257699.0,星期二,0.0007,0.0194
2022-02-28,13.77,13.9,14.2,13.76,204535.0,星期一,-0.0136,0.0094
2022-02-25,14.4,13.96,14.63,13.94,299085.0,星期五,0.0035,-0.0306
2022-02-24,14.82,14.35,15.05,14.06,453794.0,星期四,-0.008,-0.0317
2022-02-23,15.2,14.94,16.6,14.7,674964.0,星期三,-0.0033,-0.0171
2022-02-22,14.49,15.25,15.74,14.38,738739.0,星期二,0.0126,0.0524
2022-02-21,14.05,14.31,14.39,13.9,253315.0,星期一,-0.0057,0.0185
2022-02-18,13.11,14.13,14.56,13.05,372235.0,星期五,-0.0194,0.0778
2022-02-17,14.22,13.37,14.23,13.31,279311.0,星期四,0.0071,-0.0598
2022-02-16,14.38,14.12,14.49,14.08,176855.0,星期三,-0.0007,-0.0181
2022-02-15,14.3,14.39,14.63,14.21,170123.0,星期二,-0.0192,0.0063
2022-02-14,14.83,14.58,15.24,13.95,402467.0,星期一,-0.0107,-0.0169
2022-02-11,14.52,14.99,15.08,14.45,499283.0,星期五,-0.0075,0.0324
2022-02-10,14.5,14.63,15.05,14.33,419575.0,星期四,-0.0014,0.009
2022-02-09,14.3,14.52,14.72,14.2,434038.0,星期三,-0.0212,0.0154
2022-02-08,13.95,14.61,14.68,13.51,537188.0,星期二,-0.0043,0.0473
2022-02-07,14.08,14.01,14.23,12.7,453786.0,星期一,0.0079,-0.005
2022-01-28,14.07,13.97,14.58,13.85,487073.0,星期五,0.005,-0.0071
2022-01-27,15.08,14.0,15.98,13.97,797971.0,星期四,-0.0284,-0.0716
2022-01-26,14.43,15.52,15.8,14.2,765760.0,星期三,-0.0014,0.0755
2022-01-25,14.0,14.45,15.38,13.7,724767.0,星期二,-0.0148,0.0321
2022-01-24,13.81,14.21,14.82,13.71,619847.0,星期一,-0.0254,0.029
2022-01-21,14.6,14.17,15.76,14.1,1014154.0,星期五,0.0181,-0.0295
2022-01-20,13.12,14.34,14.34,12.9,592049.0,星期四,0.0061,0.093
2022-01-19,13.05,13.04,13.75,13.02,540214.0,星期三,-0.0225,-0.0008
2022-01-18,12.63,13.35,13.85,12.48,778935.0,星期二,0.0032,0.057
2022-01-17,12.01,12.59,12.77,11.99,251605.0,星期一,-0.0423,0.0483
2022-01-14,12.4,12.54,12.7,12.21,218315.0,星期五,-0.0182,0.0113
2022-01-13,12.65,12.63,12.83,12.59,202333.0,星期四,-0.0078,-0.0016
2022-01-12,12.66,12.75,12.83,12.58,188092.0,星期三,0.0,0.0071
2022-01-11,12.72,12.66,12.99,12.58,269051.0,星期二,-0.0117,-0.0047
2022-01-10,12.39,12.87,13.11,12.39,338275.0,星期一,-0.0151,0.0387
2022-01-07,13.22,12.58,13.36,12.51,427617.0,星期五,0.0038,-0.0484
2022-01-06,13.0,13.17,13.47,12.87,356200.0,星期四,-0.0107,0.0131
2022-01-05,13.0,13.14,13.55,12.95,387285.0,星期三,-0.0054,0.0108
2022-01-04,13.5,13.07,13.51,12.85,438050.0,星期二,-0.0117,-0.0319
2021-12-31,13.56,13.66,14.06,13.51,350893.0,星期五,0.0,0.0074
2021-12-30,13.54,13.56,14.16,13.33,450656.0,星期四,-0.016,0.0015
2021-12-29,14.21,13.76,14.22,13.69,412440.0,星期三,-0.0111,-0.0317
2021-12-28,13.67,14.37,14.4,13.6,688889.0,星期二,-0.0007,0.0512
2021-12-27,13.57,13.68,13.86,13.35,369215.0,星期一,-0.0223,0.0081
2021-12-24,13.7,13.88,14.18,13.3,641937.0,星期五,0.0007,0.0131
2021-12-23,13.73,13.69,13.98,13.55,500416.0,星期四,-0.0108,-0.0029
2021-12-22,14.56,13.88,14.68,13.76,706570.0,星期三,-0.0068,-0.0467
2021-12-21,15.36,14.66,15.92,14.41,979389.0,星期二,-0.0204,-0.0456
2021-12-20,15.72,15.68,17.55,15.33,1296430.0,星期一,-0.0415,-0.0025
2021-12-17,14.99,16.4,16.4,14.7,1282301.0,星期五,0.0054,0.0941
2021-12-16,13.33,14.91,14.91,13.19,1131674.0,星期四,-0.0162,0.1185
2021-12-15,13.42,13.55,14.14,13.3,884134.0,星期三,-0.0289,0.0097
2021-12-14,14.68,13.82,14.79,13.82,1171067.0,星期二,-0.0436,-0.0586
2021-12-13,15.76,15.35,15.77,14.93,1447657.0,星期一,0.099,-0.026
2021-12-10,13.68,14.34,14.34,13.41,1200507.0,星期五,0.0491,0.0482
2021-12-09,12.6,13.04,13.04,12.4,537031.0,星期四,0.0633,0.0349
2021-12-08,10.81,11.85,11.85,10.65,214951.0,星期三,0.0037,0.0962
2021-12-07,10.95,10.77,10.97,10.68,109972.0,星期二,0.0064,-0.0164
2021-12-06,10.93,10.88,11.38,10.84,204097.0,星期一,-0.0109,-0.0046
2021-12-03,10.81,11.05,11.54,10.8,219285.0,星期五,0.0131,0.0222
2021-12-02,10.59,10.67,10.79,10.53,92191.0,星期四,0.0,0.0076
2021-12-01,10.4,10.59,10.62,10.36,60594.0,星期三,-0.0048,0.0183
2021-11-30,10.41,10.45,10.54,10.41,47279.0,星期二,0.0048,0.0038
2021-11-29,10.4,10.36,10.42,10.33,31608.0,星期一,-0.0057,-0.0038
2021-11-26,10.43,10.46,10.48,10.39,44732.0,星期五,-0.0029,0.0029
2021-11-25,10.48,10.46,10.55,10.42,35191.0,星期四,0.0,-0.0019
2021-11-24,10.54,10.48,10.58,10.44,42653.0,星期三,0.0009,-0.0057
2021-11-23,10.43,10.53,10.65,10.42,80009.0,星期二,-0.0057,0.0096
2021-11-22,10.45,10.49,10.58,10.4,57881.0,星期一,-0.0048,0.0038
2021-11-19,10.36,10.5,10.56,10.24,77420.0,星期五,0.0039,0.0135
2021-11-18,10.44,10.32,10.44,10.31,36886.0,星期四,0.0,-0.0115
2021-11-17,10.48,10.44,10.5,10.4,40745.0,星期三,0.0,-0.0038
2021-11-16,10.54,10.48,10.7,10.48,62995.0,星期二,0.0,-0.0057
2021-11-15,10.46,10.54,10.61,10.45,39731.0,星期一,-0.001,0.0076
2021-11-12,10.5,10.47,10.55,10.45,37004.0,星期五,-0.0057,-0.0029
2021-11-11,10.43,10.56,10.62,10.41,74724.0,星期四,0.0,0.0125
2021-11-10,10.41,10.43,10.49,10.37,40791.0,星期三,-0.0048,0.0019
2021-11-09,10.44,10.46,10.51,10.37,37318.0,星期二,0.0019,0.0019
2021-11-08,10.28,10.42,10.53,10.25,53673.0,星期一,0.0,0.0136
2021-11-05,10.21,10.28,10.37,10.21,46292.0,星期五,-0.0049,0.0069
2021-11-04,10.23,10.26,10.32,10.21,37672.0,星期四,0.0,0.0029
2021-11-03,10.21,10.23,10.3,10.17,36417.0,星期三,0.0,0.002
2021-11-02,10.5,10.21,10.56,10.11,78789.0,星期二,-0.0019,-0.0276
2021-11-01,10.46,10.52,10.58,10.42,67304.0,星期一,-0.0019,0.0057
2021-10-29,10.4,10.48,10.6,10.34,64338.0,星期五,-0.0019,0.0077
2021-10-28,10.55,10.42,10.56,10.4,59319.0,星期四,-0.0057,-0.0123
2021-10-27,10.5,10.61,10.71,10.47,100471.0,星期三,-0.0019,0.0105
2021-10-26,10.79,10.52,10.79,10.49,126076.0,星期二,-0.0092,-0.025
2021-10-25,11.1,10.89,11.1,10.67,243117.0,星期一,-0.0633,-0.0189
2021-10-22,11.83,11.85,11.9,11.77,40148.0,星期五,-0.0017,0.0017
2021-10-21,11.89,11.85,11.92,11.74,51550.0,星期四,0.0051,-0.0034
2021-10-20,11.96,11.83,11.97,11.83,66220.0,星期三,0.0008,-0.0109
2021-10-19,11.91,11.95,12.01,11.88,49293.0,星期二,0.0017,0.0034
2021-10-18,11.94,11.89,11.97,11.83,41831.0,星期一,0.0,-0.0042
2021-10-15,12.12,11.94,12.22,11.91,78492.0,星期五,-0.0057,-0.0149
2021-10-14,12.28,12.19,12.3,12.12,43146.0,星期四,0.0,-0.0073
2021-10-13,12.3,12.28,12.35,12.05,83227.0,星期三,-0.0152,-0.0016
2021-10-12,12.32,12.49,12.62,12.26,133088.0,星期二,0.0008,0.0138
2021-10-11,12.31,12.31,12.41,12.28,50863.0,星期一,-0.0032,0.0
2021-10-08,12.32,12.35,12.39,12.25,53753.0,星期五,0.0033,0.0024
2021-09-30,12.24,12.28,12.33,12.17,59066.0,星期四,0.0008,0.0033
2021-09-29,12.2,12.23,12.33,12.07,67893.0,星期三,-0.0016,0.0025
2021-09-28,12.15,12.22,12.36,12.12,54032.0,星期二,0.0025,0.0058
2021-09-27,12.41,12.12,12.54,12.11,84367.0,星期一,0.0008,-0.0234
2021-09-24,12.57,12.4,12.65,12.4,70767.0,星期五,0.0,-0.0135
2021-09-23,12.57,12.57,12.68,12.48,75117.0,星期四,0.0088,0.0
2021-09-22,12.53,12.46,12.69,12.4,88998.0,星期三,-0.0126,-0.0056
2021-09-17,12.69,12.69,12.83,12.52,81007.0,星期五,0.0,0.0
2021-09-16,12.98,12.69,13.04,12.65,115589.0,星期四,-0.0023,-0.0223
2021-09-15,12.86,13.01,13.13,12.8,104229.0,星期三,-0.0046,0.0117
2021-09-14,13.35,12.92,13.4,12.85,164150.0,星期二,0.0,-0.0322
2021-09-13,13.57,13.35,13.84,13.29,165594.0,星期一,0.0044,-0.0162
2021-09-10,13.3,13.51,13.68,13.18,274642.0,星期五,0.0099,0.0158
2021-09-09,13.15,13.17,13.27,13.04,142130.0,星期四,-0.012,0.0015
2021-09-08,13.35,13.31,13.65,13.26,233011.0,星期三,-0.006,-0.003
2021-09-07,13.16,13.43,13.49,13.01,220741.0,星期二,0.0,0.0205
2021-09-06,12.95,13.16,13.36,12.91,146629.0,星期一,-0.0038,0.0162
2021-09-03,13.7,13.0,13.7,12.92,247129.0,星期五,0.0347,-0.0511
2021-09-02,12.97,13.24,13.43,12.92,238993.0,星期四,-0.0077,0.0208
2021-09-01,12.66,13.07,13.3,12.55,214194.0,星期三,-0.0016,0.0324
2021-08-31,12.49,12.68,12.78,12.42,93744.0,星期二,-0.004,0.0152
2021-08-30,12.73,12.54,12.86,12.43,97704.0,星期一,-0.0008,-0.0149
2021-08-27,12.9,12.74,13.12,12.69,130412.0,星期五,-0.0138,-0.0124
2021-08-26,12.7,13.08,13.67,12.69,244104.0,星期四,0.0,0.0299
2021-08-25,12.82,12.7,12.85,12.64,87183.0,星期三,-0.0054,-0.0094
2021-08-24,12.84,12.89,13.0,12.65,138326.0,星期二,-0.0039,0.0039
2021-08-23,12.8,12.89,12.94,12.64,131459.0,星期一,0.0047,0.007
2021-08-20,12.5,12.74,12.94,12.35,141374.0,星期五,-0.0024,0.0192
2021-08-19,12.8,12.53,13.08,12.51,177564.0,星期四,-0.0139,-0.0211
2021-08-18,12.6,12.98,13.17,12.4,270359.0,星期三,0.0236,0.0302
2021-08-17,12.25,12.31,12.66,12.19,136457.0,星期二,0.0008,0.0049
2021-08-16,12.16,12.24,12.29,12.1,72692.0,星期一,0.0033,0.0066
2021-08-13,12.03,12.12,12.18,12.02,50156.0,星期五,-0.0058,0.0075
2021-08-12,12.13,12.1,12.22,12.06,52336.0,星期四,-0.0025,-0.0025
2021-08-11,12.35,12.16,12.39,12.15,72574.0,星期三,0.0057,-0.0154
2021-08-10,12.1,12.28,12.29,12.05,86450.0,星期二,-0.0017,0.0149
2021-08-09,11.87,12.12,12.19,11.87,71990.0,星期一,-0.0059,0.0211
2021-08-06,11.85,11.94,12.03,11.85,54128.0,星期五,-0.0042,0.0076
2021-08-05,12.08,11.9,12.18,11.9,99322.0,星期四,-0.0033,-0.0149
2021-08-04,12.2,12.12,12.28,12.08,92230.0,星期三,0.0,-0.0066
2021-08-03,12.18,12.2,12.54,12.15,121697.0,星期二,-0.0106,0.0016
2021-08-02,12.0,12.31,12.57,11.8,149295.0,星期一,-0.0148,0.0258
2021-07-30,12.6,12.18,12.65,12.15,165825.0,星期五,-0.0118,-0.0333
2021-07-29,13.4,12.75,13.4,12.45,289424.0,星期四,0.0324,-0.0485
2021-07-28,13.0,12.98,13.48,12.7,287911.0,星期三,0.0085,-0.0015
2021-07-27,13.28,12.89,13.28,12.66,360864.0,星期二,-0.0119,-0.0294
2021-07-26,12.65,13.44,13.92,12.65,545192.0,星期一,0.0,0.0625
2021-07-23,12.6,12.65,13.1,12.42,136999.0,星期五,0.0016,0.004
2021-07-22,12.4,12.58,12.64,12.36,69764.0,星期四,0.0,0.0145
2021-07-21,12.33,12.4,12.49,12.29,46941.0,星期三,0.0033,0.0057
2021-07-20,12.18,12.29,12.3,12.11,36668.0,星期二,0.0,0.009
2021-07-19,12.5,12.18,12.52,12.11,58639.0,星期一,-0.0024,-0.0256
2021-07-16,12.67,12.53,12.68,12.47,53997.0,星期五,0.0056,-0.011
2021-07-15,12.52,12.6,12.7,12.43,60351.0,星期四,-0.0048,0.0064
2021-07-14,12.58,12.58,12.74,12.4,58676.0,星期三,0.0032,0.0
2021-07-13,12.6,12.54,12.65,12.49,45784.0,星期二,-0.0032,-0.0048
2021-07-12,12.63,12.64,12.78,12.52,83322.0,星期一,0.0112,0.0008
2021-07-09,12.43,12.49,12.58,12.36,47268.0,星期五,-0.0072,0.0048
2021-07-08,12.75,12.52,12.75,12.5,54150.0,星期四,0.0087,-0.018
2021-07-07,12.51,12.64,12.75,12.51,49470.0,星期三,-0.0087,0.0104
2021-07-06,12.5,12.62,12.75,12.48,64073.0,星期二,-0.0111,0.0096
2021-07-05,12.64,12.64,12.73,12.39,69634.0,星期一,-0.0047,0.0
2021-07-02,12.97,12.7,13.0,12.6,86331.0,星期五,0.0062,-0.0208
2021-07-01,13.79,12.89,13.95,12.8,199448.0,星期四,-0.0022,-0.0653
2021-06-30,13.7,13.82,14.26,13.58,210556.0,星期三,0.0201,0.0088
2021-06-29,13.28,13.43,13.96,13.16,185054.0,星期二,0.0,0.0113
2021-06-28,13.2,13.28,13.38,13.0,161781.0,星期一,-0.0023,0.0061
2021-06-25,12.91,13.23,13.43,12.78,216960.0,星期五,0.007,0.0248
2021-06-24,12.8,12.82,13.04,12.77,125958.0,星期四,-0.0078,0.0016
2021-06-23,13.1,12.9,13.48,12.8,212056.0,星期三,0.0046,-0.0153
2021-06-22,12.9,13.04,13.16,12.61,231103.0,星期二,0.0039,0.0109
2021-06-21,12.71,12.85,12.94,12.45,221465.0,星期一,0.0127,0.011
2021-06-18,12.58,12.55,12.7,12.37,145823.0,星期五,-0.0008,-0.0024
2021-06-17,12.2,12.59,12.7,12.12,192452.0,星期四,-0.0129,0.032
2021-06-16,11.9,12.36,12.57,11.88,183124.0,星期三,0.0068,0.0387
2021-06-15,12.07,11.82,12.22,11.81,63570.0,星期二,-0.0025,-0.0207
2021-06-11,12.37,12.1,12.48,12.05,82051.0,星期五,-0.0008,-0.0218
2021-06-10,12.33,12.38,12.55,12.33,58127.0,星期四,-0.0056,0.0041
2021-06-09,12.5,12.4,12.55,12.31,57346.0,星期三,0.004,-0.008
2021-06-08,12.33,12.45,12.59,12.29,80205.0,星期二,-0.0016,0.0097
2021-06-07,12.18,12.35,12.45,12.16,70797.0,星期一,-0.0098,0.014
2021-06-04,12.25,12.3,12.66,12.13,109284.0,星期五,0.0049,0.0041
2021-06-03,12.19,12.19,12.39,12.15,83263.0,星期四,0.0,0.0
2021-06-02,12.38,12.19,12.51,12.11,83618.0,星期三,0.0032,-0.0153
2021-06-01,12.48,12.34,12.58,12.25,113652.0,星期二,-0.0079,-0.0112
2021-05-31,12.55,12.58,12.64,12.45,108827.0,星期一,-0.0165,0.0024
2021-05-28,12.58,12.76,12.95,12.45,208482.0,星期五,-0.0094,0.0143
2021-05-27,12.19,12.7,12.7,12.17,156338.0,星期四,-0.0106,0.0418
2021-05-26,12.41,12.32,12.67,12.3,193546.0,星期三,0.0,-0.0073
2021-05-25,12.07,12.41,12.67,12.04,205440.0,星期二,-0.0008,0.0282
2021-05-24,12.04,12.08,12.35,12.04,101726.0,星期一,0.0,0.0033
2021-05-21,12.33,12.04,12.39,12.0,135877.0,星期五,-0.008,-0.0235
2021-05-20,12.04,12.43,12.76,12.02,225129.0,星期四,-0.0139,0.0324
2021-05-19,11.75,12.21,12.82,11.75,233918.0,星期三,-0.0034,0.0391
2021-05-18,11.82,11.79,12.08,11.72,82457.0,星期二,0.0008,-0.0025
2021-05-17,11.96,11.81,12.0,11.7,133475.0,星期一,-0.0148,-0.0125
2021-05-14,11.32,12.14,12.27,11.32,228535.0,星期五,0.0,0.0724
2021-05-13,11.28,11.32,11.47,11.28,25075.0,星期四,-0.0105,0.0035
2021-05-12,11.39,11.4,11.43,11.25,34075.0,星期三,-0.0009,0.0009
2021-05-11,11.22,11.4,11.48,11.2,45537.0,星期二,-0.008,0.016
2021-05-10,11.43,11.31,11.47,11.23,48468.0,星期一,0.0018,-0.0105
2021-05-07,11.57,11.41,11.67,11.41,50446.0,星期五,-0.0034,-0.0138
2021-05-06,11.74,11.61,11.85,11.57,38727.0,星期四,0.0051,-0.0111
2021-04-30,11.71,11.68,11.95,11.6,62604.0,星期五,-0.0009,-0.0026
2021-04-29,11.46,11.72,11.85,11.46,65754.0,星期四,-0.0069,0.0227
2021-04-28,11.62,11.54,11.75,11.45,53162.0,星期三,-0.0068,-0.0069
2021-04-27,11.43,11.7,11.98,11.33,83054.0,星期二,0.0,0.0236
2021-04-26,11.64,11.43,11.7,11.4,59533.0,星期一,0.0,-0.018
2021-04-23,11.82,11.64,11.89,11.57,51116.0,星期五,-0.0017,-0.0152
2021-04-22,11.83,11.84,11.9,11.76,43932.0,星期四,0.0068,0.0008
2021-04-21,11.7,11.75,11.84,11.7,26012.0,星期三,-0.0076,0.0043
2021-04-20,11.85,11.79,12.03,11.77,56325.0,星期二,-0.0059,-0.0051
2021-04-19,11.68,11.92,11.93,11.63,76638.0,星期一,-0.0009,0.0205
2021-04-16,11.72,11.69,11.79,11.62,44537.0,星期五,0.0009,-0.0026
2021-04-15,11.91,11.71,11.91,11.61,85898.0,星期四,-0.0124,-0.0168
2021-04-14,11.33,12.06,12.4,11.33,141952.0,星期三,-0.0087,0.0644
2021-04-13,11.76,11.43,11.79,11.31,76652.0,星期二,0.0051,-0.0281
2021-04-12,12.06,11.7,12.06,11.68,64414.0,星期一,0.0,-0.0299
2021-04-09,12.1,12.06,12.12,12.04,39683.0,星期五,-0.0025,-0.0033
2021-04-08,12.12,12.13,12.32,12.08,71350.0,星期四,-0.0008,0.0008
2021-04-07,12.15,12.13,12.22,12.06,42429.0,星期三,0.0033,-0.0016
2021-04-06,12.17,12.11,12.21,12.09,37909.0,星期二,0.005,-0.0049
2021-04-02,12.13,12.11,12.17,12.06,44506.0,星期五,0.0,-0.0016
2021-04-01,12.11,12.13,12.18,12.04,40760.0,星期四,-0.0008,0.0017
2021-03-31,12.36,12.12,12.38,12.06,67123.0,星期三,-0.0032,-0.0194
2021-03-30,12.31,12.4,12.5,12.31,45670.0,星期二,-0.0057,0.0073
2021-03-29,12.44,12.38,12.55,12.36,44045.0,星期一,0.0008,-0.0048
2021-03-26,12.46,12.43,12.53,12.32,58292.0,星期五,0.0032,-0.0024
2021-03-25,12.28,12.42,12.6,12.25,74880.0,星期四,-0.0097,0.0114
2021-03-24,12.2,12.4,12.76,12.17,146103.0,星期三,-0.0073,0.0164
2021-03-23,12.14,12.29,12.42,12.06,84552.0,星期二,-0.0033,0.0124
2021-03-22,12.07,12.18,12.26,12.01,58252.0,星期一,0.0117,0.0091
2021-03-19,11.93,11.93,11.99,11.91,40690.0,星期五,-0.0067,0.0
2021-03-18,12.04,12.01,12.14,12.0,36304.0,星期四,-0.0017,-0.0025
2021-03-17,11.99,12.06,12.11,11.96,37911.0,星期三,-0.0033,0.0058
2021-03-16,12.08,12.03,12.08,11.94,32071.0,星期二,0.0025,-0.0041
2021-03-15,12.12,12.05,12.15,11.99,48619.0,星期一,-0.0098,-0.0058
2021-03-12,12.2,12.24,12.46,11.98,91135.0,星期五,-0.0049,0.0033
2021-03-11,12.18,12.26,12.29,12.09,51273.0,星期四,0.0033,0.0066
2021-03-10,12.15,12.14,12.27,12.03,36880.0,星期三,0.0016,-0.0008
2021-03-09,12.42,12.13,12.46,12.02,61627.0,星期二,0.0008,-0.0233
2021-03-08,12.69,12.41,12.76,12.4,67878.0,星期一,0.0071,-0.0221
2021-03-05,12.29,12.6,12.68,12.23,89893.0,星期五,0.0,0.0252
2021-03-04,12.41,12.29,12.5,12.27,53101.0,星期四,-0.004,-0.0097
2021-03-03,12.29,12.46,12.46,12.22,53402.0,星期三,-0.0024,0.0138
2021-03-02,12.6,12.32,12.63,12.27,68606.0,星期二,0.0016,-0.0222
2021-03-01,12.66,12.58,12.73,12.43,62856.0,星期一,0.0032,-0.0063
2021-02-26,12.45,12.62,12.84,12.39,60024.0,星期五,-0.0119,0.0137
2021-02-25,12.78,12.6,12.78,12.58,59696.0,星期四,0.0119,-0.0141
2021-02-24,12.64,12.63,12.84,12.51,69933.0,星期三,-0.0047,-0.0008
2021-02-23,12.67,12.7,12.79,12.61,79055.0,星期二,0.0024,0.0024
2021-02-22,12.88,12.64,13.1,12.62,125067.0,星期一,0.0008,-0.0186
2021-02-19,12.55,12.87,12.89,12.48,80065.0,星期五,-0.0008,0.0255
2021-02-18,12.56,12.56,12.77,12.48,70522.0,星期四,0.0129,0.0
2021-02-10,12.19,12.4,12.5,12.15,68967.0,星期三,-0.0057,0.0172
2021-02-09,12.02,12.26,12.27,11.89,76165.0,星期二,0.0033,0.02
2021-02-08,11.95,11.98,12.15,11.86,60250.0,星期一,0.0059,0.0025
2021-02-05,12.34,11.88,12.54,11.81,107738.0,星期五,-0.0008,-0.0373
2021-02-04,12.85,12.35,12.93,12.31,96432.0,星期四,-0.0008,-0.0389
2021-02-03,12.97,12.86,13.07,12.82,65835.0,星期三,-0.0046,-0.0085
2021-02-02,12.95,13.03,13.1,12.65,99652.0,星期二,0.0054,0.0062
2021-02-01,13.46,12.88,13.6,12.85,161567.0,星期一,-0.003,-0.0431
2021-01-29,13.98,13.5,13.98,13.41,117996.0,星期五,0.0087,-0.0343
2021-01-28,13.77,13.86,14.04,13.71,111671.0,星期四,0.0007,0.0065
2021-01-27,13.84,13.76,13.97,13.7,101987.0,星期三,-0.0036,-0.0058
2021-01-26,14.4,13.89,14.4,13.68,256615.0,星期二,-0.0197,-0.0354
2021-01-25,14.87,14.69,15.39,14.6,265805.0,星期一,-0.0007,-0.0121
2021-01-22,14.56,14.88,15.0,14.5,258128.0,星期五,-0.0061,0.022
2021-01-21,14.38,14.65,14.89,14.33,185756.0,星期四,0.0,0.0188
2021-01-20,14.35,14.38,14.55,14.28,86720.0,星期三,-0.0042,0.0021
2021-01-19,14.46,14.41,14.68,14.35,116602.0,星期二,0.0007,-0.0035
2021-01-18,14.22,14.45,14.55,14.18,105972.0,星期一,-0.0063,0.0162
2021-01-15,14.21,14.31,14.53,14.15,116307.0,星期五,-0.0098,0.007
2021-01-14,14.24,14.35,14.68,14.23,149226.0,星期四,-0.0063,0.0077
2021-01-13,14.8,14.33,14.96,14.23,218265.0,星期三,-0.0192,-0.0318
2021-01-12,14.3,15.09,15.35,14.0,373935.0,星期二,-0.0305,0.0552
2021-01-11,14.56,14.75,15.55,14.42,301171.0,星期一,0.0097,0.013
2021-01-08,14.58,14.42,14.76,14.4,129968.0,星期五,-0.0109,-0.011
2021-01-07,14.64,14.74,14.84,14.25,167615.0,星期四,-0.0027,0.0068
2021-01-06,14.79,14.68,15.07,14.51,137642.0,星期三,-0.0047,-0.0074
2021-01-05,14.8,14.86,15.02,14.5,184898.0,星期二,-0.0094,0.0041
2021-01-04,15.2,14.94,15.22,14.7,227056.0,星期一,0.0086,-0.0171
2020-12-31,14.6,15.07,15.3,14.55,300911.0,星期四,0.0076,0.0322
2020-12-30,14.12,14.49,14.5,14.03,157275.0,星期三,-0.0035,0.0262
2020-12-29,14.12,14.17,14.53,14.03,152389.0,星期二,0.0021,0.0035
2020-12-28,13.98,14.09,14.19,13.85,103208.0,星期一,-0.005,0.0079
2020-12-25,13.84,14.05,14.2,13.7,130357.0,星期五,0.0007,0.0152
2020-12-24,14.08,13.83,14.3,13.77,137339.0,星期四,0.0,-0.0178
2020-12-23,13.99,14.08,14.24,13.9,137653.0,星期三,0.0,0.0064
2020-12-22,14.67,13.99,14.75,13.96,221011.0,星期二,-0.0074,-0.0464
2020-12-21,14.59,14.78,14.92,14.46,147790.0,星期一,-0.0061,0.013
2020-12-18,14.89,14.68,15.03,14.65,173988.0,星期五,-0.0119,-0.0141
2020-12-17,14.47,15.07,15.16,14.34,276626.0,星期四,-0.0123,0.0415
2020-12-16,14.52,14.65,14.98,14.46,230359.0,星期三,0.0007,0.009
2020-12-15,14.45,14.51,14.65,14.32,118472.0,星期二,-0.0069,0.0042
2020-12-14,14.75,14.55,14.82,14.26,176344.0,星期一,-0.0027,-0.0136
2020-12-11,14.82,14.79,14.96,14.53,185611.0,星期五,-0.0067,-0.002
2020-12-10,14.8,14.92,15.06,14.7,252475.0,星期四,-0.0133,0.0081
2020-12-09,15.7,15.0,15.97,14.95,327378.0,星期三,0.0013,-0.0446
2020-12-08,15.96,15.68,16.09,15.47,279097.0,星期二,-0.0019,-0.0175
2020-12-07,16.1,15.99,16.57,15.93,344512.0,星期一,-0.0242,-0.0068
2020-12-04,15.8,16.5,16.98,15.35,738501.0,星期五,-0.0137,0.0443
2020-12-03,16.59,16.02,16.65,15.8,693666.0,星期四,0.0,-0.0344
2020-12-02,15.12,16.59,16.59,14.98,877774.0,星期三,0.0027,0.0972
2020-12-01,14.55,15.08,15.3,14.47,260382.0,星期二,-0.0109,0.0364
2020-11-30,14.64,14.71,15.13,14.61,211070.0,星期一,0.0027,0.0048
2020-11-27,14.33,14.6,14.62,14.32,77024.0,星期五,-0.0035,0.0188
2020-11-26,14.24,14.38,14.5,14.24,57719.0,星期四,-0.0049,0.0098
2020-11-25,14.62,14.31,14.71,14.31,69398.0,星期三,0.0069,-0.0212
2020-11-24,14.64,14.52,14.76,14.51,91832.0,星期二,-0.0048,-0.0082
2020-11-23,14.38,14.71,14.94,14.31,176982.0,星期一,-0.0062,0.0229
2020-11-20,14.4,14.47,14.49,14.35,70591.0,星期五,0.0007,0.0049
2020-11-19,14.23,14.39,14.43,14.08,69076.0,星期四,-0.0084,0.0112
2020-11-18,14.37,14.35,14.56,14.31,84411.0,星期三,0.0007,-0.0014
2020-11-17,14.24,14.36,14.4,14.19,78925.0,星期二,0.0007,0.0084
2020-11-16,14.22,14.23,14.27,14.1,42219.0,星期一,0.0085,0.0007
2020-11-13,14.17,14.1,14.17,14.05,51017.0,星期五,-0.0007,-0.0049
2020-11-12,14.28,14.18,14.34,14.16,46627.0,星期四,0.0007,-0.007
2020-11-11,14.33,14.27,14.44,14.24,60755.0,星期三,-0.0062,-0.0042
2020-11-10,14.7,14.42,14.75,14.38,96021.0,星期二,0.0014,-0.019
2020-11-09,14.42,14.68,14.89,14.29,153810.0,星期一,0.0077,0.018
2020-11-06,14.34,14.31,14.51,14.2,89671.0,星期五,0.0,-0.0021
2020-11-05,14.4,14.34,14.53,14.26,74310.0,星期四,0.0105,-0.0042
2020-11-04,14.29,14.25,14.32,14.1,57726.0,星期三,0.0028,-0.0028
2020-11-03,14.12,14.25,14.39,14.0,79131.0,星期二,0.0136,0.0092
2020-11-02,14.0,13.93,14.25,13.82,78646.0,星期一,0.0057,-0.005
2020-10-30,14.36,13.92,14.51,13.92,89387.0,星期五,-0.0062,-0.0306
2020-10-29,14.17,14.45,14.53,14.16,85509.0,星期四,-0.0153,0.0198
2020-10-28,14.31,14.39,14.44,14.19,66622.0,星期三,0.0,0.0056
2020-10-27,14.13,14.31,14.4,14.13,60884.0,星期二,-0.0084,0.0127
2020-10-26,14.7,14.25,14.73,14.05,123541.0,星期一,-0.0027,-0.0306
2020-10-23,15.0,14.74,15.17,14.7,115666.0,星期五,-0.0119,-0.0173
2020-10-22,15.06,15.18,15.44,14.98,150431.0,星期四,-0.0053,0.008
2020-10-21,15.57,15.14,15.59,15.04,173419.0,星期三,-0.0013,-0.0276
2020-10-20,15.2,15.59,15.78,15.12,256748.0,星期二,-0.0033,0.0257
2020-10-19,15.36,15.25,15.5,15.13,220861.0,星期一,0.0125,-0.0072
2020-10-16,14.87,15.17,15.22,14.81,173767.0,星期五,0.0047,0.0202
2020-10-15,15.01,14.8,15.34,14.76,177006.0,星期四,-0.006,-0.014
2020-10-14,14.45,15.1,15.55,14.42,244388.0,星期三,-0.0076,0.045
2020-10-13,14.63,14.56,14.64,14.4,87892.0,星期二,-0.0095,-0.0048
2020-10-12,14.41,14.77,14.79,14.41,122651.0,星期一,0.0077,0.025
2020-10-09,14.24,14.3,14.34,14.17,53557.0,星期五,0.0135,0.0042
2020-09-30,14.38,14.05,14.45,14.0,63424.0,星期三,0.0028,-0.0229
2020-09-29,14.48,14.34,14.59,14.33,62508.0,星期二,0.007,-0.0097
2020-09-28,14.35,14.38,14.51,14.33,46212.0,星期一,-0.0049,0.0021
2020-09-25,14.3,14.42,14.56,14.17,85313.0,星期五,0.0092,0.0084
2020-09-24,14.36,14.17,14.55,14.16,65263.0,星期四,-0.0076,-0.0132
2020-09-23,14.49,14.47,14.79,14.42,66905.0,星期三,-0.0034,-0.0014
2020-09-22,14.3,14.54,14.88,14.28,125912.0,星期二,-0.0152,0.0168
2020-09-21,14.96,14.52,15.08,14.51,138427.0,星期一,0.0233,-0.0294
2020-09-18,13.91,14.62,14.69,13.91,152223.0,星期五,-0.0071,0.051
2020-09-17,14.0,14.01,14.11,13.89,55206.0,星期四,-0.0014,0.0007
2020-09-16,14.08,14.02,14.23,14.0,55934.0,星期三,-0.0021,-0.0043
2020-09-15,14.1,14.11,14.14,14.0,42583.0,星期二,0.0,0.0007
2020-09-14,14.1,14.1,14.13,13.96,53693.0,星期一,0.0064,0.0
2020-09-11,13.79,14.01,14.06,13.7,65457.0,星期五,-0.0022,0.016
2020-09-10,14.32,13.82,14.38,13.82,95730.0,星期四,0.0106,-0.0349
2020-09-09,14.5,14.17,14.63,14.15,118249.0,星期三,-0.0143,-0.0228
2020-09-08,14.64,14.71,14.88,14.44,114339.0,星期二,0.0055,0.0048
2020-09-07,15.11,14.56,15.19,14.56,110622.0,星期一,-0.0007,-0.0364
2020-09-04,14.98,15.12,15.16,14.9,66100.0,星期五,-0.0158,0.0093
2020-09-03,15.23,15.22,15.5,15.13,98852.0,星期四,-0.0013,-0.0007
2020-09-02,15.33,15.25,15.4,15.08,106032.0,星期三,0.0033,-0.0052
2020-09-01,15.23,15.28,15.4,15.14,90715.0,星期二,-0.0085,0.0033
2020-08-31,15.6,15.36,15.74,15.35,170051.0,星期一,0.0084,-0.0154
2020-08-28,15.12,15.47,15.58,15.03,143923.0,星期五,0.0007,0.0231
2020-08-27,15.15,15.11,15.23,14.91,98243.0,星期四,0.0046,-0.0026
2020-08-26,15.5,15.08,15.66,15.0,164110.0,星期三,-0.0083,-0.0271
2020-08-25,15.82,15.63,15.94,15.6,114062.0,星期二,0.0019,-0.012
2020-08-24,15.98,15.79,15.98,15.68,78121.0,星期一,0.0133,-0.0119
2020-08-21,15.75,15.77,15.99,15.61,104339.0,星期五,0.0057,0.0013
2020-08-20,15.97,15.66,15.97,15.62,120026.0,星期四,-0.0037,-0.0194
2020-08-19,16.25,16.03,16.36,16.01,153029.0,星期三,0.0006,-0.0135
2020-08-18,16.39,16.24,16.46,16.15,196982.0,星期二,-0.0061,-0.0092
2020-08-17,16.18,16.49,16.89,16.09,374838.0,星期一,0.0112,0.0192
2020-08-14,15.58,16.0,16.01,15.42,169250.0,星期五,-0.0038,0.027
2020-08-13,15.65,15.64,15.84,15.49,142504.0,星期四,0.0051,-0.0006
2020-08-12,15.74,15.57,15.86,15.28,173041.0,星期三,0.0025,-0.0108
2020-08-11,16.2,15.7,16.39,15.65,183517.0,星期二,0.0019,-0.0309
2020-08-10,15.99,16.17,16.4,15.87,200368.0,星期一,-0.0087,0.0113
2020-08-07,16.55,16.13,16.55,15.7,306006.0,星期五,-0.0178,-0.0254
2020-08-06,16.68,16.85,16.96,16.2,319398.0,星期四,0.003,0.0102
2020-08-05,16.5,16.63,16.8,16.32,267768.0,星期三,-0.0137,0.0079
2020-08-04,17.36,16.73,17.55,16.6,439004.0,星期二,0.0006,-0.0363
2020-08-03,18.18,17.35,18.18,17.17,729585.0,星期一,0.0682,-0.0457
2020-07-31,15.51,17.02,17.02,15.51,266674.0,星期五,0.0026,0.0974
2020-07-30,15.8,15.47,15.8,15.43,169785.0,星期四,-0.0013,-0.0209
2020-07-29,15.28,15.82,15.95,15.16,222483.0,星期三,-0.0104,0.0353
2020-07-28,15.35,15.44,15.59,15.23,157927.0,星期二,0.0099,0.0059
2020-07-27,15.23,15.2,15.33,14.82,147801.0,星期一,0.0059,-0.002
2020-07-24,15.86,15.14,16.13,15.0,253480.0,星期五,-0.0063,-0.0454
2020-07-23,15.85,15.96,16.29,15.53,243453.0,星期四,-0.0149,0.0069
2020-07-22,16.09,16.09,16.65,16.01,289813.0,星期三,0.0012,0.0
2020-07-21,16.33,16.07,16.44,15.9,204749.0,星期二,-0.0037,-0.0159
2020-07-20,16.19,16.39,16.65,16.01,284967.0,星期一,0.024,0.0124
2020-07-17,16.17,15.81,16.35,15.6,277992.0,星期五,0.0012,-0.0223
2020-07-16,17.0,16.15,17.42,15.94,418415.0,星期四,0.0024,-0.05
2020-07-15,18.37,16.96,18.59,16.88,464867.0,星期三,0.0071,-0.0768
2020-07-14,17.39,18.24,18.25,17.2,588092.0,星期二,-0.0192,0.0489
2020-07-13,17.5,17.73,18.24,17.08,645786.0,星期一,0.0174,0.0131
2020-07-10,16.25,17.2,18.26,16.23,676148.0,星期五,-0.0211,0.0585
2020-07-09,16.49,16.6,16.9,16.17,564908.0,星期四,-0.0185,0.0067
2020-07-08,15.99,16.8,17.45,15.91,668778.0,星期三,-0.0056,0.0507
2020-07-07,16.77,16.08,16.77,15.69,696697.0,星期二,-0.0141,-0.0411
2020-07-06,15.98,17.01,17.17,15.67,745113.0,星期一,0.0217,0.0645
2020-07-03,14.77,15.64,15.94,14.58,811693.0,星期五,0.0,0.0589
2020-07-02,13.91,14.77,14.99,13.85,533457.0,星期四,0.0,0.0618
2020-07-01,13.79,13.91,13.91,13.71,143376.0,星期三,-0.0014,0.0087
2020-06-30,13.67,13.81,13.94,13.57,142584.0,星期二,0.0074,0.0102
2020-06-29,13.75,13.57,13.8,13.45,159219.0,星期一,-0.0172,-0.0131
2020-06-24,14.21,13.99,14.28,13.98,141441.0,星期三,0.0035,-0.0155
2020-06-23,14.03,14.16,14.21,13.95,173185.0,星期二,-0.0106,0.0093
2020-06-22,14.01,14.18,14.7,13.9,358497.0,星期一,0.0007,0.0121
2020-06-19,13.73,14.0,14.19,13.7,269772.0,星期五,0.0007,0.0197
2020-06-18,13.67,13.72,13.88,13.63,110510.0,星期四,-0.0044,0.0037
2020-06-17,13.71,13.73,13.77,13.61,76630.0,星期三,0.0015,0.0015
2020-06-16,13.65,13.69,13.77,13.6,88087.0,星期二,0.0066,0.0029
2020-06-15,13.76,13.56,13.94,13.56,126932.0,星期一,0.0066,-0.0145
2020-06-12,13.46,13.67,13.78,13.42,93174.0,星期五,-0.0182,0.0156
2020-06-11,13.7,13.71,13.98,13.66,107890.0,星期四,-0.0029,0.0007
2020-06-10,13.8,13.74,13.86,13.68,92682.0,星期三,-0.0072,-0.0043
2020-06-09,13.84,13.9,14.04,13.79,110615.0,星期二,0.0007,0.0043
2020-06-08,13.97,13.83,14.0,13.76,99989.0,星期一,0.0,-0.01
2020-06-05,13.88,13.97,13.99,13.71,131948.0,星期五,0.0043,0.0065
2020-06-04,13.9,13.82,13.98,13.77,99835.0,星期四,0.0043,-0.0058
2020-06-03,14.11,13.84,14.17,13.81,158422.0,星期三,0.0036,-0.0191
2020-06-02,14.13,14.06,14.26,14.02,172853.0,星期二,-0.0056,-0.005
2020-06-01,13.98,14.21,14.35,13.82,264963.0,星期一,0.0279,0.0165
2020-05-29,13.58,13.6,13.7,13.52,68835.0,星期五,-0.0109,0.0015
2020-05-28,13.54,13.73,13.97,13.5,144385.0,星期四,0.0045,0.014
2020-05-27,13.73,13.48,13.81,13.44,85036.0,星期三,-0.0007,-0.0182
2020-05-26,13.62,13.74,13.74,13.58,90425.0,星期二,0.0044,0.0088
2020-05-25,13.47,13.56,13.64,13.38,75908.0,星期一,-0.0052,0.0067
2020-05-22,13.78,13.54,13.94,13.52,119240.0,星期五,-0.0014,-0.0174
2020-05-21,14.05,13.8,14.08,13.8,105962.0,星期四,0.0029,-0.0178
2020-05-20,14.06,14.01,14.2,13.94,117758.0,星期三,-0.0014,-0.0036
2020-05-19,14.18,14.08,14.23,14.01,96616.0,星期二,0.0121,-0.0071
2020-05-18,14.13,14.01,14.25,14.0,128162.0,星期一,-0.0035,-0.0085
2020-05-15,14.36,14.18,14.4,14.16,128051.0,星期五,0.007,-0.0125
2020-05-14,14.45,14.26,14.47,14.24,135653.0,星期四,-0.0062,-0.0131
2020-05-13,14.39,14.54,14.62,14.29,154941.0,星期三,-0.0007,0.0104
2020-05-12,14.5,14.4,14.55,14.22,120658.0,星期二,0.0021,-0.0069
2020-05-11,14.65,14.47,14.67,14.35,187148.0,星期一,0.0055,-0.0123
2020-05-08,14.36,14.57,14.9,14.21,354306.0,星期五,0.0148,0.0146
2020-05-07,14.18,14.15,14.39,14.1,168422.0,星期四,-0.0042,-0.0021
2020-05-06,13.84,14.24,14.26,13.78,195855.0,星期三,-0.0177,0.0289
2020-04-30,13.86,14.09,14.2,13.78,199555.0,星期四,0.0095,0.0166
2020-04-29,13.63,13.73,13.87,13.61,99705.0,星期三,-0.0109,0.0073
2020-04-28,13.93,13.78,13.98,13.4,186591.0,星期二,0.0235,-0.0108
2020-04-27,13.84,13.61,13.98,13.6,126129.0,星期一,0.0036,-0.0166
2020-04-24,13.99,13.79,14.24,13.71,176645.0,星期五,-0.0014,-0.0143
2020-04-23,14.25,14.01,14.3,14.0,153668.0,星期四,0.0007,-0.0168
2020-04-22,14.1,14.24,14.32,14.03,132347.0,星期三,-0.0077,0.0099
2020-04-21,14.51,14.21,14.52,14.11,210294.0,星期二,-0.0062,-0.0207
2020-04-20,14.6,14.6,14.68,14.46,186285.0,星期一,0.0007,0.0
2020-04-17,14.73,14.59,14.92,14.56,292602.0,星期五,0.002,-0.0095
2020-04-16,14.51,14.7,14.95,14.45,258924.0,星期四,-0.0068,0.0131
2020-04-15,14.79,14.61,14.99,14.6,265525.0,星期三,-0.008,-0.0122
2020-04-14,14.6,14.91,15.09,14.53,329226.0,星期二,0.0041,0.0212
2020-04-13,14.25,14.54,14.61,14.2,161118.0,星期一,-0.0097,0.0204
2020-04-10,14.75,14.39,14.84,14.36,243851.0,星期五,0.0007,-0.0244
2020-04-09,14.75,14.74,15.09,14.69,353572.0,星期四,0.011,-0.0007
2020-04-08,14.6,14.59,14.78,14.42,264152.0,星期三,-0.0068,-0.0007
2020-04-07,14.61,14.7,14.95,14.4,395646.0,星期二,0.0281,0.0062
2020-04-03,14.5,14.21,14.66,14.15,237600.0,星期五,-0.0123,-0.02
2020-04-02,14.18,14.68,14.68,14.12,277048.0,星期四,-0.0035,0.0353
2020-04-01,14.23,14.23,14.76,14.18,270635.0,星期三,-0.0125,0.0
2020-03-31,14.8,14.41,14.94,14.39,351366.0,星期二,0.002,-0.0264
2020-03-30,14.0,14.77,14.97,13.92,456764.0,星期一,-0.0398,0.055
2020-03-27,14.11,14.58,15.22,14.05,581445.0,星期五,0.0195,0.0333
2020-03-26,14.06,13.84,14.19,13.8,236020.0,星期四,-0.014,-0.0156
2020-03-25,14.4,14.26,14.44,14.05,334530.0,星期三,0.0242,-0.0097
2020-03-24,14.2,14.06,14.27,13.3,365776.0,星期二,0.0208,-0.0099
2020-03-23,14.5,13.91,14.79,13.71,367162.0,星期一,-0.0435,-0.0407
2020-03-20,15.46,15.16,15.55,14.9,383626.0,星期五,0.0032,-0.0194
2020-03-19,14.9,15.41,15.84,14.59,587653.0,星期四,-0.0053,0.0342
2020-03-18,16.08,14.98,16.29,14.8,624258.0,星期三,0.0019,-0.0684
2020-03-17,16.92,16.05,16.99,15.6,571535.0,星期二,0.0317,-0.0514
2020-03-16,17.3,16.4,17.58,16.4,999594.0,星期一,-0.0505,-0.052
2020-03-13,15.99,18.22,18.47,15.98,1347164.0,星期五,-0.0476,0.1395
2020-03-12,15.82,16.79,16.9,15.68,806590.0,星期四,-0.0038,0.0613
2020-03-11,16.69,15.88,17.05,15.83,1000369.0,星期三,0.0246,-0.0485
2020-03-10,14.81,16.29,16.29,14.7,788114.0,星期二,0.0,0.0999
2020-03-09,14.48,14.81,15.13,14.34,366356.0,星期一,-0.017,0.0228
2020-03-06,15.05,14.73,15.23,14.68,357411.0,星期五,-0.0227,-0.0213
2020-03-05,14.99,15.4,15.98,14.61,662757.0,星期四,0.0218,0.0274
2020-03-04,14.12,14.67,14.69,14.02,360403.0,星期三,-0.0035,0.039
2020-03-03,14.25,14.17,14.47,13.93,304463.0,星期二,0.0193,-0.0056
2020-03-02,13.6,13.98,14.23,13.43,270378.0,星期一,0.0119,0.0279
2020-02-28,14.0,13.44,14.44,13.32,380119.0,星期五,-0.0541,-0.04
2020-02-27,15.19,14.8,15.42,14.71,342680.0,星期四,0.0181,-0.0257
2020-02-26,14.8,14.92,15.46,14.71,493820.0,星期三,-0.0199,0.0081
2020-02-25,14.67,15.1,15.29,14.21,448873.0,星期二,-0.0213,0.0293
2020-02-24,14.58,14.99,15.21,14.46,410199.0,星期一,-0.0208,0.0281
2020-02-21,14.9,14.89,15.6,14.5,685829.0,星期五,-0.01,-0.0007
2020-02-20,13.8,15.05,15.05,13.66,601217.0,星期四,0.0088,0.0906
2020-02-19,13.65,13.68,13.97,13.5,286835.0,星期三,0.0007,0.0022
2020-02-18,13.7,13.64,13.8,13.47,258386.0,星期二,-0.0036,-0.0044
2020-02-17,13.4,13.75,13.86,13.26,355661.0,星期一,0.0152,0.0261
2020-02-14,13.0,13.2,13.37,12.98,226599.0,星期五,-0.0076,0.0154
2020-02-13,13.3,13.1,13.39,13.06,208644.0,星期四,-0.0052,-0.015
2020-02-12,13.1,13.37,13.48,13.01,251322.0,星期三,-0.0068,0.0206
2020-02-11,13.37,13.19,13.62,13.15,225364.0,星期二,0.0053,-0.0135
2020-02-10,13.11,13.3,13.5,13.1,234518.0,星期一,0.0023,0.0145
2020-02-07,13.03,13.08,13.33,12.88,269349.0,星期五,-0.0031,0.0038
2020-02-06,12.81,13.07,13.29,12.58,311130.0,星期四,0.0008,0.0203
2020-02-05,12.66,12.8,13.37,12.66,275161.0,星期三,0.0008,0.0111
2020-02-04,11.84,12.65,12.98,11.84,377383.0,星期二,-0.0989,0.0684
2020-02-03,13.14,13.14,13.14,13.14,37686.0,星期一,-0.1,0.0
2020-01-23,14.71,14.6,15.1,14.42,384964.0,星期四,-0.0322,-0.0075
2020-01-22,14.65,15.2,15.67,14.55,574265.0,星期三,0.009,0.0375
2020-01-21,14.54,14.52,14.86,14.43,324501.0,星期二,-0.0162,-0.0014
2020-01-20,14.69,14.78,14.85,14.3,504220.0,星期一,-0.0148,0.0061
2020-01-17,13.84,14.91,15.21,13.84,804508.0,星期五,0.0007,0.0773
2020-01-16,13.79,13.83,13.92,13.75,123060.0,星期四,0.0,0.0029
2020-01-15,13.81,13.79,13.9,13.71,112618.0,星期三,-0.005,-0.0014
2020-01-14,13.86,13.88,13.95,13.74,181830.0,星期二,0.0007,0.0014
2020-01-13,13.7,13.85,13.85,13.43,162394.0,星期一,-0.0051,0.0109
2020-01-10,13.85,13.77,13.93,13.72,119552.0,星期五,0.0095,-0.0058
2020-01-09,13.82,13.72,13.95,13.64,148917.0,星期四,0.0154,-0.0072
2020-01-08,13.9,13.61,13.97,13.56,197510.0,星期三,-0.0071,-0.0209
2020-01-07,13.87,14.0,14.08,13.84,268195.0,星期二,-0.0093,0.0094
2020-01-06,13.38,14.0,14.39,13.38,466406.0,星期一,-0.0953,0.0463
2020-01-03,14.92,14.79,15.08,14.7,227672.0,星期五,-0.0073,-0.0087
2020-01-02,15.25,15.03,15.48,14.95,373401.0,星期四,0.0207,-0.0144
2019-12-31,15.0,14.94,15.12,14.82,261742.0,星期二,-0.004,-0.004
2019-12-30,14.36,15.06,15.3,14.22,434991.0,星期一,-0.0198,0.0487
2019-12-27,15.19,14.65,15.29,14.6,408649.0,星期五,0.002,-0.0355
2019-12-26,14.71,15.16,15.19,14.64,394673.0,星期四,-0.0068,0.0306
2019-12-25,14.67,14.81,15.2,14.53,403845.0,星期三,-0.0233,0.0095
2019-12-24,14.35,15.02,15.4,14.35,458401.0,星期二,0.0127,0.0467
2019-12-23,15.0,14.17,15.07,14.02,326016.0,星期一,-0.0053,-0.0553
2019-12-20,14.91,15.08,15.7,14.86,447673.0,星期五,-0.0027,0.0114
2019-12-19,14.78,14.95,15.06,14.74,280521.0,星期四,-0.0034,0.0115
2019-12-18,14.61,14.83,15.2,14.61,426188.0,星期三,-0.0108,0.0151
2019-12-17,14.39,14.77,15.76,14.3,583817.0,星期二,-0.0062,0.0264
2019-12-16,14.06,14.48,14.73,13.74,447418.0,星期一,0.0014,0.0299
2019-12-13,13.33,14.04,14.35,13.31,487770.0,星期五,0.0145,0.0533
2019-12-12,13.18,13.14,13.26,13.1,122164.0,星期四,-0.0083,-0.003
2019-12-11,13.15,13.29,13.69,13.08,223602.0,星期三,0.0,0.0106
2019-12-10,13.16,13.15,13.24,13.03,114639.0,星期二,-0.006,-0.0008
2019-12-09,13.4,13.24,13.45,13.23,120411.0,星期一,0.003,-0.0119
2019-12-06,13.45,13.36,13.47,13.21,166696.0,星期五,0.0,-0.0067
2019-12-05,13.29,13.45,13.69,13.21,262669.0,星期四,0.0076,0.012
2019-12-04,13.0,13.19,13.19,12.94,156677.0,星期三,-0.0137,0.0146
2019-12-03,12.73,13.18,13.38,12.73,261529.0,星期二,0.0008,0.0353
2019-12-02,12.86,12.72,12.95,12.67,102393.0,星期一,0.0223,-0.0109
2019-11-29,12.52,12.58,12.7,12.43,80692.0,星期五,0.0008,0.0048
2019-11-28,12.71,12.51,12.75,12.49,81871.0,星期四,0.0039,-0.0157
2019-11-27,12.65,12.66,12.79,12.65,60232.0,星期三,-0.0047,0.0008
2019-11-26,12.96,12.71,12.97,12.59,99873.0,星期二,0.0023,-0.0193
2019-11-25,13.05,12.93,13.07,12.79,95881.0,星期一,0.0031,-0.0092
2019-11-22,13.08,13.01,13.22,12.85,128161.0,星期五,0.0046,-0.0054
2019-11-21,12.89,13.02,13.14,12.82,82734.0,星期四,-0.0069,0.0101
2019-11-20,13.13,12.98,13.21,12.96,129629.0,星期三,-0.0083,-0.0114
2019-11-19,12.9,13.24,13.34,12.81,189377.0,星期二,0.007,0.0264
2019-11-18,12.65,12.81,12.95,12.6,104556.0,星期一,0.0008,0.0126
2019-11-15,12.93,12.64,12.99,12.63,120374.0,星期五,-0.0046,-0.0224
2019-11-14,13.12,12.99,13.25,12.61,196003.0,星期四,0.0,-0.0099
2019-11-13,13.61,13.12,13.61,13.0,139781.0,星期三,0.0015,-0.036
2019-11-12,13.64,13.59,13.64,13.45,75080.0,星期二,0.0104,-0.0037
2019-11-11,13.61,13.5,13.8,13.48,107447.0,星期一,-0.0173,-0.0081
2019-11-08,14.09,13.85,14.18,13.85,120365.0,星期五,0.0159,-0.017
2019-11-07,13.97,13.87,14.0,13.71,95038.0,星期四,0.0007,-0.0072
2019-11-06,14.21,13.96,14.27,13.88,134953.0,星期三,0.0014,-0.0176
2019-11-05,14.15,14.19,14.48,14.05,231698.0,星期二,0.0014,0.0028
2019-11-04,13.76,14.13,14.51,13.75,269440.0,星期一,0.0095,0.0269
2019-11-01,13.45,13.63,13.68,13.4,84045.0,星期五,-0.0044,0.0134
2019-10-31,13.72,13.51,13.88,13.5,89495.0,星期四,0.0029,-0.0153
2019-10-30,13.8,13.68,14.01,13.67,100577.0,星期三,-0.0058,-0.0087
2019-10-29,14.2,13.88,14.22,13.88,124225.0,星期二,-0.0035,-0.0225
2019-10-28,13.89,14.25,14.37,13.81,166485.0,星期一,-0.0093,0.0259
2019-10-25,13.95,14.02,14.12,13.69,143748.0,星期五,0.0029,0.005
2019-10-24,13.84,13.91,14.03,13.4,152058.0,星期四,-0.0007,0.0051
2019-10-23,14.19,13.85,14.19,13.76,137381.0,星期三,0.005,-0.024
2019-10-22,13.99,14.12,14.24,13.8,167175.0,星期二,-0.0043,0.0093
2019-10-21,14.86,14.05,14.88,13.56,210750.0,星期一,-0.012,-0.0545
2019-10-18,15.92,15.04,15.96,14.84,183526.0,星期五,0.0,-0.0553
2019-10-17,15.82,15.92,15.97,15.77,78226.0,星期四,-0.0019,0.0063
2019-10-16,15.99,15.85,16.15,15.81,109846.0,星期三,0.0031,-0.0088
2019-10-15,16.2,15.94,16.2,15.93,143484.0,星期二,-0.0055,-0.016
2019-10-14,16.51,16.29,16.73,16.26,259848.0,星期一,0.0173,-0.0133
2019-10-11,16.11,16.23,16.64,15.8,272469.0,星期五,0.0006,0.0074
2019-10-10,16.0,16.1,16.19,15.96,153116.0,星期四,-0.0056,0.0063
2019-10-09,15.7,16.09,16.12,15.65,148364.0,星期三,-0.007,0.0248
2019-10-08,15.75,15.81,16.07,15.69,137959.0,星期二,-0.0107,0.0038
2019-09-30,16.0,15.92,16.36,15.9,187476.0,星期一,0.0006,-0.005
2019-09-27,15.9,15.99,16.14,15.81,188196.0,星期五,-0.0062,0.0057
2019-09-26,17.5,16.0,17.59,15.64,447712.0,星期四,0.0069,-0.0857
2019-09-25,17.11,17.38,17.76,17.06,298218.0,星期三,-0.0098,0.0158
2019-09-24,17.45,17.28,17.69,17.26,265323.0,星期二,-0.0063,-0.0097
2019-09-23,17.16,17.56,17.64,17.0,277456.0,星期一,-0.0172,0.0233
2019-09-20,17.7,17.46,17.78,17.35,280174.0,星期五,-0.0051,-0.0136
2019-09-19,17.83,17.79,17.9,17.34,326013.0,星期四,0.0034,-0.0022
2019-09-18,18.0,17.77,18.18,17.6,403466.0,星期三,-0.0104,-0.0128
2019-09-17,17.55,18.19,18.8,17.51,765003.0,星期二,-0.0146,0.0365
2019-09-16,18.28,17.81,18.28,17.7,392179.0,星期一,0.0033,-0.0257
2019-09-12,18.15,18.22,18.4,17.76,603343.0,星期四,-0.0027,0.0039
2019-09-11,17.71,18.2,18.5,17.3,919821.0,星期三,0.0166,0.0277
2019-09-10,17.1,17.42,17.85,16.82,555487.0,星期二,-0.0018,0.0187
2019-09-09,17.25,17.13,17.38,17.0,377080.0,星期一,0.0213,-0.007
2019-09-06,17.18,16.89,17.27,16.7,391016.0,星期五,0.0017,-0.0169
2019-09-05,17.0,17.15,18.08,16.94,734422.0,星期四,0.0125,0.0088
2019-09-04,16.52,16.79,17.14,16.52,422383.0,星期三,-0.0102,0.0163
2019-09-03,16.41,16.69,16.75,16.25,339024.0,星期二,-0.0006,0.0171
2019-09-02,16.15,16.42,16.63,16.15,260659.0,星期一,-0.0037,0.0167
2019-08-30,16.6,16.21,16.84,16.12,254939.0,星期五,0.0079,-0.0235
2019-08-29,16.56,16.47,16.64,16.41,198832.0,星期四,0.0006,-0.0054
2019-08-28,16.8,16.55,16.87,16.51,291686.0,星期三,-0.0083,-0.0149
2019-08-27,16.9,16.94,17.35,16.81,333361.0,星期二,0.0096,0.0024
2019-08-26,16.6,16.74,17.06,16.41,262720.0,星期一,-0.0287,0.0084
2019-08-23,17.3,17.09,17.5,17.02,254568.0,星期五,0.0012,-0.0121
2019-08-22,17.4,17.28,17.63,17.11,296089.0,星期四,-0.0097,-0.0069
2019-08-21,17.76,17.57,17.99,17.55,325779.0,星期三,-0.0056,-0.0107
2019-08-20,18.12,17.86,18.6,17.66,589246.0,星期二,-0.0163,-0.0143
2019-08-19,17.55,18.42,18.9,17.1,852592.0,星期一,0.0162,0.0496
2019-08-16,16.9,17.27,17.91,16.83,636084.0,星期五,-0.0111,0.0219
2019-08-15,16.23,17.09,17.22,16.15,378683.0,星期四,-0.0362,0.053
2019-08-14,17.49,16.84,17.58,16.75,407858.0,星期三,0.03,-0.0372
2019-08-13,16.72,16.98,17.0,16.55,368214.0,星期二,-0.0307,0.0156
2019-08-12,16.54,17.25,17.49,16.54,603354.0,星期一,0.0185,0.0429
2019-08-09,16.67,16.24,16.8,16.1,318466.0,星期五,0.0018,-0.0258
2019-08-08,17.18,16.64,17.48,16.56,529807.0,星期四,0.0527,-0.0314
2019-08-07,16.91,16.32,16.91,16.22,386700.0,星期三,-0.0029,-0.0349
2019-08-06,15.9,16.96,17.77,15.81,688876.0,星期二,-0.0263,0.0667
2019-08-05,16.1,16.33,16.62,16.03,275440.0,星期一,-0.0123,0.0143
2019-08-02,15.8,16.3,16.34,15.6,312780.0,星期五,-0.0342,0.0316
2019-08-01,16.21,16.36,16.48,16.04,217396.0,星期四,-0.0128,0.0093
2019-07-31,16.63,16.42,16.64,16.3,257012.0,星期三,-0.0131,-0.0126
2019-07-30,16.55,16.85,17.18,16.55,437717.0,星期二,0.0055,0.0181
2019-07-29,16.6,16.46,16.78,16.28,237807.0,星期一,0.0024,-0.0084
2019-07-26,16.52,16.56,16.77,16.51,239990.0,星期五,-0.0161,0.0024
2019-07-25,17.18,16.79,17.19,16.55,535312.0,星期四,-0.0138,-0.0227
2019-07-24,18.13,17.42,18.22,17.34,617524.0,星期三,0.0039,-0.0392
2019-07-23,17.84,18.06,18.38,17.78,388102.0,星期二,0.0,0.0123
2019-07-22,18.5,17.84,18.68,17.5,644189.0,星期一,0.0137,-0.0357
2019-07-19,17.3,18.25,18.32,17.26,736323.0,星期五,0.0093,0.0549
2019-07-18,16.74,17.14,17.21,16.48,461058.0,星期四,-0.0077,0.0239
2019-07-17,16.52,16.87,17.3,16.52,519214.0,星期三,-0.0048,0.0212
2019-07-16,16.55,16.6,16.69,16.37,315338.0,星期二,-0.0084,0.003
2019-07-15,15.79,16.69,17.28,15.61,603910.0,星期一,0.0019,0.057
2019-07-12,15.9,15.76,15.99,15.62,288741.0,星期五,-0.0056,-0.0088
2019-07-11,16.49,15.99,16.54,15.66,422753.0,星期四,0.0098,-0.0303
2019-07-10,17.0,16.33,17.06,16.01,506160.0,星期三,-0.0116,-0.0394
2019-07-09,17.5,17.2,17.81,16.79,563769.0,星期二,-0.0169,-0.0171
2019-07-08,17.11,17.8,18.35,17.05,797128.0,星期一,0.0006,0.0403
2019-07-05,17.21,17.1,17.39,16.95,334989.0,星期五,-0.0006,-0.0064
2019-07-04,17.78,17.22,17.78,17.06,447922.0,星期四,0.004,-0.0315
2019-07-03,17.42,17.71,17.71,17.21,555294.0,星期三,0.0093,0.0166
2019-07-02,17.97,17.26,17.99,17.2,780991.0,星期二,-0.0318,-0.0395
2019-07-01,19.26,18.56,19.26,18.5,883937.0,星期一,0.0411,-0.0363
2019-06-28,18.27,18.5,18.88,17.86,720897.0,星期五,-0.0188,0.0126
2019-06-27,19.0,18.62,20.26,18.38,1158793.0,星期四,-0.0161,-0.02
2019-06-26,19.31,19.31,19.95,19.31,776934.0,星期三,-0.0998,0.0
2019-06-25,19.74,21.45,21.45,18.42,1552457.0,星期二,0.0123,0.0866
2019-06-24,20.2,19.5,20.77,19.22,1539563.0,星期一,0.0699,-0.0347
2019-06-21,18.87,18.88,18.88,18.32,491551.0,星期五,0.0997,0.0005
2019-06-20,15.61,17.16,17.16,15.3,960458.0,星期四,0.0006,0.0993
2019-06-19,15.6,15.6,15.6,15.48,645813.0,星期三,0.1001,0.0
2019-06-18,13.8,14.18,14.28,13.63,581342.0,星期二,0.0102,0.0275
2019-06-17,13.97,13.66,14.25,13.61,544946.0,星期一,0.0,-0.0222
2019-06-14,15.48,13.97,15.6,13.97,936633.0,星期五,-0.0026,-0.0975
2019-06-13,15.51,15.52,16.25,15.14,1074119.0,星期四,-0.0165,0.0006
2019-06-12,15.6,15.77,16.61,15.38,1524429.0,星期三,0.0304,0.0109
2019-06-11,13.56,15.14,15.14,13.46,884124.0,星期二,-0.0145,0.1165
2019-06-10,13.6,13.76,13.79,12.68,621068.0,星期一,-0.0123,0.0118
2019-06-06,13.1,13.77,13.97,13.01,801816.0,星期四,-0.0296,0.0511
2019-06-05,13.3,13.5,13.95,12.72,1012587.0,星期三,0.0489,0.015
2019-06-04,12.0,12.68,12.88,11.8,697550.0,星期二,-0.0315,0.0567
2019-06-03,12.38,12.39,12.98,12.05,807932.0,星期一,0.0492,0.0008
2019-05-31,11.6,11.8,12.29,11.55,458986.0,星期五,-0.0085,0.0172
2019-05-30,11.6,11.7,11.75,11.31,482685.0,星期四,-0.0325,0.0086
2019-05-29,11.12,11.99,12.28,11.08,721309.0,星期三,-0.0036,0.0782
2019-05-28,11.1,11.16,11.4,11.06,305947.0,星期二,-0.016,0.0054
2019-05-27,10.57,11.28,11.56,10.44,379099.0,星期一,0.0048,0.0672
2019-05-24,10.28,10.52,10.63,10.27,180577.0,星期五,-0.0115,0.0233
2019-05-23,10.24,10.4,10.76,10.16,176170.0,星期四,-0.0097,0.0156
2019-05-22,10.56,10.34,10.59,10.16,136728.0,星期三,-0.0028,-0.0208
2019-05-21,10.43,10.59,10.77,10.41,185284.0,星期二,-0.0095,0.0153
2019-05-20,10.15,10.53,11.01,9.9,240601.0,星期一,-0.0558,0.0374
2019-05-17,11.32,10.75,11.39,10.56,188840.0,星期五,-0.0009,-0.0504
2019-05-16,11.28,11.33,11.39,11.22,131546.0,星期四,-0.0044,0.0044
2019-05-15,11.42,11.33,11.48,11.21,179378.0,星期三,0.016,-0.0079
2019-05-14,11.04,11.24,11.5,11.04,216946.0,星期二,-0.0063,0.0181
2019-05-13,11.15,11.11,11.38,11.01,186127.0,星期一,-0.0253,-0.0036
2019-05-10,11.47,11.44,11.91,11.01,414121.0,星期五,0.038,-0.0026
2019-05-09,10.45,11.05,11.61,10.44,333619.0,星期四,-0.0188,0.0574
2019-05-08,10.4,10.65,10.88,10.33,247687.0,星期三,-0.0361,0.024
2019-05-07,10.22,10.79,10.83,10.02,347204.0,星期二,0.0129,0.0558
2019-05-06,10.45,10.09,10.82,10.09,195075.0,星期一,-0.0678,-0.0344
2019-04-30,11.18,11.21,11.33,10.99,136390.0,星期二,0.0045,0.0027
2019-04-29,12.15,11.13,12.25,10.95,284140.0,星期一,-0.0016,-0.084
2019-04-26,12.93,12.17,12.96,12.16,259446.0,星期五,-0.0054,-0.0588
2019-04-25,13.91,13.0,14.07,13.0,236453.0,星期四,0.0,-0.0654
2019-04-24,14.03,13.91,14.13,13.81,136827.0,星期三,-0.0043,-0.0086
2019-04-23,13.79,14.09,14.49,13.5,274029.0,星期二,-0.0022,0.0218
2019-04-22,14.1,13.82,14.16,13.77,151551.0,星期一,0.0093,-0.0199
2019-04-19,13.98,13.97,14.15,13.85,130688.0,星期五,0.0072,-0.0007
2019-04-18,14.19,13.88,14.31,13.86,219123.0,星期四,-0.0063,-0.0218
2019-04-17,14.5,14.28,14.5,14.11,177468.0,星期三,0.0154,-0.0152
2019-04-16,13.85,14.28,14.28,13.8,169570.0,星期二,-0.0142,0.031
2019-04-15,14.55,14.05,14.65,14.02,163232.0,星期一,0.0225,-0.0344
2019-04-12,14.15,14.23,14.56,14.1,174555.0,星期五,-0.0007,0.0057
2019-04-11,14.4,14.16,14.49,14.07,189042.0,星期四,-0.0089,-0.0167
2019-04-10,14.9,14.53,14.99,14.2,292994.0,星期三,0.0,-0.0248
2019-04-09,14.81,14.9,15.25,14.58,346770.0,星期二,0.0214,0.0061
2019-04-08,15.1,14.5,15.19,14.29,296622.0,星期一,0.008,-0.0397
2019-04-04,15.23,14.98,15.3,14.91,359271.0,星期四,0.0,-0.0164
2019-04-03,14.71,15.23,15.36,14.59,522455.0,星期三,-0.0134,0.0354
2019-04-02,15.1,14.91,15.4,14.8,515009.0,星期二,-0.0105,-0.0126
2019-04-01,15.01,15.26,15.79,14.7,690838.0,星期一,-0.0092,0.0167
2019-03-29,14.0,15.15,15.25,14.0,620108.0,星期五,0.0065,0.0821
2019-03-28,14.02,13.91,14.43,13.81,258177.0,星期四,-0.0223,-0.0078
2019-03-27,14.29,14.34,14.46,13.93,287952.0,星期三,0.0164,0.0035
2019-03-26,14.31,14.06,14.43,13.67,296029.0,星期二,0.0063,-0.0175
2019-03-25,14.62,14.22,14.94,14.13,383980.0,星期一,-0.0324,-0.0274
2019-03-22,15.49,15.11,15.68,14.68,477084.0,星期五,-0.0159,-0.0245
2019-03-21,15.6,15.74,16.5,15.28,777119.0,星期四,0.0058,0.009
2019-03-20,14.99,15.51,15.66,14.88,555187.0,星期三,-0.0119,0.0347
2019-03-19,14.74,15.17,15.69,14.6,550403.0,星期二,-0.0047,0.0292
2019-03-18,14.53,14.81,14.82,13.88,371786.0,星期一,0.0014,0.0193
2019-03-15,14.6,14.51,14.95,14.2,355907.0,星期五,0.0167,-0.0062
2019-03-14,14.5,14.36,15.12,14.02,395225.0,星期四,-0.0268,-0.0097
2019-03-13,15.61,14.9,15.66,14.61,540277.0,星期三,0.0,-0.0455
2019-03-12,15.58,15.61,16.08,15.31,600404.0,星期二,0.0176,0.0019
2019-03-11,15.08,15.31,15.78,14.39,665496.0,星期一,-0.0534,0.0153
2019-03-08,15.93,15.93,16.8,15.93,948369.0,星期五,-0.1,0.0
2019-03-07,16.71,17.7,18.35,15.42,1383694.0,星期四,0.0018,0.0592
2019-03-06,15.24,16.68,16.68,14.96,1324156.0,星期三,0.0053,0.0945
2019-03-05,14.58,15.16,15.36,14.4,937104.0,星期二,-0.0383,0.0398
2019-03-04,14.7,15.16,16.06,14.04,1412353.0,星期一,0.0068,0.0313
2019-03-01,14.03,14.6,15.15,13.62,1096694.0,星期五,0.0123,0.0406
2019-02-28,14.51,13.86,14.78,13.75,884716.0,星期四,-0.0504,-0.0448
2019-02-27,14.0,15.28,15.28,13.8,1610857.0,星期三,0.0079,0.0914
2019-02-26,13.89,13.89,13.89,13.89,177573.0,星期二,0.0998,0.0
2019-02-25,12.63,12.63,12.63,12.1,763197.0,星期一,0.1002,0.0
2019-02-22,10.57,11.48,11.48,10.39,1232127.0,星期五,0.0125,0.0861
2019-02-21,10.44,10.44,10.94,10.2,889086.0,星期四,-0.0076,0.0
2019-02-20,10.71,10.52,10.78,10.21,677423.0,星期三,0.0056,-0.0177
2019-02-19,10.68,10.65,11.29,10.55,1095413.0,星期二,-0.0148,-0.0028
2019-02-18,10.79,10.84,11.19,10.48,1087502.0,星期一,0.0266,0.0046
2019-02-15,10.41,10.51,10.76,10.34,812483.0,星期五,-0.0161,0.0096
2019-02-14,10.53,10.58,10.73,10.29,1180867.0,星期四,-0.0331,0.0047
2019-02-13,9.94,10.89,10.89,9.85,1527909.0,星期三,0.004,0.0956
2019-02-12,9.79,9.9,10.48,9.66,1263204.0,星期二,0.0,0.0112
2019-02-11,9.19,9.79,10.18,9.07,1051482.0,星期一,-0.0118,0.0653
2019-02-01,9.0,9.3,9.5,9.0,861606.0,星期五,0.0393,0.0333
2019-01-31,9.34,8.66,9.42,8.66,969390.0,星期四,-0.0291,-0.0728
2019-01-30,9.44,9.62,9.78,9.4,892129.0,星期三,0.0011,0.0191
2019-01-29,9.5,9.43,9.88,9.27,1204967.0,星期二,-0.0073,-0.0074
2019-01-28,10.14,9.57,10.14,9.51,1844183.0,星期一,0.0998,-0.0562
2019-01-25,9.22,9.22,9.22,9.22,23441.0,星期五,0.1002,0.0
2019-01-24,8.38,8.38,8.38,8.38,20974.0,星期四,0.0997,0.0
2019-01-23,7.62,7.62,7.62,7.62,20010.0,星期三,0.0996,0.0
2019-01-22,6.93,6.93,6.93,6.93,10261.0,星期二,0.1,0.0
2019-01-21,6.3,6.3,6.3,6.3,5765.0,星期一,0.0995,0.0
2019-01-18,5.73,5.73,5.73,5.73,2523.0,星期五,0.0998,0.0
2019-01-17,4.34,5.21,5.21,4.34,3151.0,星期四,,0.2005
