time,open,close,high,low,vol,day,open-percent,close-percent
2026-06-26,4.49,4.4,4.51,4.39,193631.0,星期五,0.0,-0.02
2026-06-25,4.53,4.49,4.58,4.47,188024.0,星期四,0.0,-0.0088
2026-06-24,4.59,4.53,4.6,4.48,186020.0,星期三,0.0022,-0.0131
2026-06-23,4.51,4.58,4.62,4.5,236762.0,星期二,-0.0066,0.0155
2026-06-22,4.46,4.54,4.56,4.38,285842.0,星期一,-0.0067,0.0179
2026-06-18,4.62,4.49,4.65,4.48,274073.0,星期四,-0.0355,-0.0281
2026-06-17,4.75,4.79,4.83,4.7,290261.0,星期三,0.0,0.0084
2026-06-16,4.73,4.75,4.8,4.68,283967.0,星期二,-0.0063,0.0042
2026-06-15,4.7,4.76,4.85,4.65,451323.0,星期一,0.0043,0.0128
2026-06-12,4.64,4.68,4.76,4.56,564612.0,星期五,0.0043,0.0086
2026-06-11,4.75,4.62,4.76,4.57,428588.0,星期四,-0.0021,-0.0274
2026-06-10,4.81,4.76,4.83,4.73,286085.0,星期三,-0.0041,-0.0104
2026-06-09,4.85,4.83,4.9,4.8,207751.0,星期二,-0.0021,-0.0041
2026-06-08,4.93,4.86,4.98,4.81,297161.0,星期一,-0.01,-0.0142
2026-06-05,5.05,4.98,5.17,4.96,291082.0,星期五,0.008,-0.0139
2026-06-04,5.12,5.01,5.19,5.0,293810.0,星期四,-0.0039,-0.0215
2026-06-03,5.22,5.14,5.25,5.08,246719.0,星期三,-0.0057,-0.0153
2026-06-02,5.3,5.25,5.36,5.2,277210.0,星期二,-0.0075,-0.0094
2026-06-01,5.2,5.34,5.35,5.12,414405.0,星期一,-0.017,0.0269
2026-05-29,4.98,5.29,5.34,4.96,434176.0,星期五,0.004,0.0622
2026-05-28,4.99,4.96,5.07,4.93,184679.0,星期四,-0.002,-0.006
2026-05-27,5.06,5.0,5.1,4.93,220779.0,星期三,-0.002,-0.0119
2026-05-26,5.09,5.07,5.09,5.04,172774.0,星期二,-0.002,-0.0039
2026-05-25,5.1,5.1,5.14,5.04,191374.0,星期一,0.002,0.0
2026-05-22,5.05,5.09,5.13,5.01,205941.0,星期五,0.002,0.0079
2026-05-21,5.12,5.04,5.17,5.03,233695.0,星期四,0.0,-0.0156
2026-05-20,5.18,5.12,5.18,5.07,200236.0,星期三,-0.0038,-0.0116
2026-05-19,5.15,5.2,5.21,5.1,217955.0,星期二,0.0039,0.0097
2026-05-18,5.2,5.13,5.23,5.06,283642.0,星期一,-0.0038,-0.0135
2026-05-15,5.35,5.22,5.36,5.17,281984.0,星期五,0.0019,-0.0243
2026-05-14,5.47,5.34,5.5,5.33,249224.0,星期四,0.0,-0.0238
2026-05-13,5.52,5.47,5.59,5.43,324636.0,星期三,-0.0018,-0.0091
2026-05-12,5.39,5.53,5.57,5.39,409368.0,星期二,-0.0019,0.026
2026-05-11,5.41,5.4,5.43,5.36,329563.0,星期一,0.0037,-0.0018
2026-05-08,5.4,5.39,5.41,5.33,203123.0,星期五,-0.0037,-0.0019
2026-05-07,5.35,5.42,5.42,5.32,324398.0,星期四,0.0056,0.0131
2026-05-06,5.41,5.32,5.44,5.3,448715.0,星期三,0.0037,-0.0166
2026-04-30,5.47,5.39,5.47,5.34,303370.0,星期四,0.0,-0.0146
2026-04-29,5.36,5.47,5.54,5.3,390284.0,星期三,-0.0056,0.0205
2026-04-28,5.52,5.39,5.52,5.24,543149.0,星期二,0.011,-0.0236
2026-04-27,5.73,5.46,5.77,5.45,822689.0,星期一,-0.0155,-0.0471
2026-04-24,5.93,5.82,5.96,5.76,417406.0,星期五,-0.01,-0.0185
2026-04-23,5.9,5.99,6.04,5.89,365525.0,星期四,-0.0067,0.0153
2026-04-22,5.97,5.94,6.03,5.84,403868.0,星期三,-0.01,-0.005
2026-04-21,5.92,6.03,6.13,5.9,571461.0,星期二,0.0051,0.0186
2026-04-20,5.91,5.89,5.94,5.82,437840.0,星期一,-0.0067,-0.0034
2026-04-17,5.82,5.95,5.96,5.81,513568.0,星期五,-0.0017,0.0223
2026-04-16,5.82,5.83,5.99,5.78,583595.0,星期四,-0.0068,0.0017
2026-04-15,5.76,5.86,5.92,5.67,683872.0,星期三,-0.0103,0.0174
2026-04-14,5.64,5.82,5.89,5.61,795744.0,星期二,0.0,0.0319
2026-04-13,5.6,5.64,5.66,5.54,654516.0,星期一,0.0054,0.0071
2026-04-10,5.57,5.57,5.72,5.5,923534.0,星期五,0.0091,0.0
2026-04-09,5.6,5.52,5.62,5.39,893137.0,星期四,0.0127,-0.0143
2026-04-08,5.39,5.53,5.55,5.37,966258.0,星期三,0.0019,0.026
2026-04-07,5.27,5.38,5.4,5.16,1098555.0,星期二,0.0019,0.0209
2026-04-03,5.5,5.26,5.71,5.25,1693350.0,星期五,-0.0248,-0.0436
2026-04-02,5.43,5.64,5.75,5.37,2272903.0,星期四,-0.0216,0.0387
2026-04-01,6.03,5.55,6.19,5.55,3019772.0,星期三,0.071,-0.0796
2026-03-31,5.43,5.63,5.63,5.35,1708973.0,星期二,0.0605,0.0368
2026-03-30,5.07,5.12,5.12,5.02,620773.0,星期一,0.0903,0.0099
2026-03-27,4.7,4.65,4.74,4.62,234233.0,星期五,-0.0063,-0.0106
2026-03-26,4.77,4.73,4.8,4.72,204595.0,星期四,-0.0021,-0.0084
2026-03-25,4.58,4.78,4.8,4.56,312698.0,星期三,0.0,0.0437
2026-03-24,4.55,4.58,4.6,4.47,232650.0,星期二,0.0156,0.0066
2026-03-23,4.7,4.48,4.71,4.43,414907.0,星期一,-0.0042,-0.0468
2026-03-20,4.83,4.72,4.86,4.7,234052.0,星期五,0.0,-0.0228
2026-03-19,4.85,4.83,4.9,4.81,189965.0,星期四,-0.0061,-0.0041
2026-03-18,4.93,4.88,4.94,4.85,216904.0,星期三,0.002,-0.0101
2026-03-17,4.94,4.92,4.98,4.91,190058.0,星期二,-0.002,-0.004
2026-03-16,4.98,4.95,5.03,4.91,297253.0,星期一,-0.004,-0.006
2026-03-13,4.98,5.0,5.05,4.96,308892.0,星期五,0.004,0.004
2026-03-12,4.99,4.96,5.01,4.93,294421.0,星期四,0.0,-0.006
2026-03-11,4.89,4.99,5.01,4.86,311683.0,星期三,0.0,0.0204
2026-03-10,4.84,4.89,4.89,4.8,225394.0,星期二,0.0,0.0103
2026-03-09,4.83,4.84,4.85,4.78,251010.0,星期一,0.0042,0.0021
2026-03-06,4.73,4.81,4.83,4.71,240672.0,星期五,0.0,0.0169
2026-03-05,4.72,4.73,4.76,4.7,222042.0,星期四,0.0064,0.0021
2026-03-04,4.76,4.69,4.78,4.68,252020.0,星期三,-0.0021,-0.0147
2026-03-03,4.82,4.77,4.85,4.75,247237.0,星期二,0.0021,-0.0104
2026-03-02,4.78,4.81,4.83,4.76,206192.0,星期一,-0.0104,0.0063
2026-02-27,4.78,4.83,4.85,4.77,185165.0,星期五,0.0,0.0105
2026-02-26,4.79,4.78,4.8,4.75,152622.0,星期四,0.0021,-0.0021
2026-02-25,4.78,4.78,4.85,4.77,223972.0,星期三,0.0021,0.0
2026-02-24,4.71,4.77,4.79,4.69,217384.0,星期二,0.0086,0.0127
2026-02-13,4.74,4.67,4.74,4.67,124764.0,星期五,0.0021,-0.0148
2026-02-12,4.76,4.73,4.77,4.71,160344.0,星期四,0.0021,-0.0063
2026-02-11,4.73,4.75,4.75,4.7,147513.0,星期三,0.0042,0.0042
2026-02-10,4.71,4.71,4.73,4.69,130978.0,星期二,-0.0021,0.0
2026-02-09,4.73,4.72,4.75,4.7,182808.0,星期一,-0.0166,-0.0021
2026-02-06,4.82,4.81,4.86,4.79,194790.0,星期五,-0.0021,-0.0021
2026-02-05,4.82,4.83,4.86,4.8,210640.0,星期四,0.0,0.0021
2026-02-04,4.75,4.82,4.84,4.73,246511.0,星期三,0.0021,0.0147
2026-02-03,4.73,4.74,4.77,4.71,179025.0,星期二,0.0107,0.0021
2026-02-02,4.79,4.68,4.81,4.68,213360.0,星期一,0.0021,-0.023
2026-01-30,4.75,4.78,4.82,4.74,243622.0,星期五,-0.0021,0.0063
2026-01-29,4.76,4.76,4.79,4.72,177832.0,星期四,0.0021,0.0
2026-01-28,4.72,4.75,4.81,4.7,201075.0,星期三,-0.0021,0.0064
2026-01-27,4.78,4.73,4.79,4.69,205857.0,星期二,0.0021,-0.0105
2026-01-26,4.8,4.77,4.81,4.74,266456.0,星期一,0.0,-0.0063
2026-01-23,4.82,4.8,4.84,4.78,186360.0,星期五,0.0,-0.0041
2026-01-22,4.77,4.82,4.84,4.75,194957.0,星期四,0.0,0.0105
2026-01-21,4.8,4.77,4.85,4.76,270735.0,星期三,0.0084,-0.0063
2026-01-20,4.7,4.76,4.77,4.69,234288.0,星期二,0.0,0.0128
2026-01-19,4.67,4.7,4.71,4.65,129590.0,星期一,0.0,0.0064
2026-01-16,4.69,4.67,4.75,4.67,203629.0,星期五,0.0021,-0.0043
2026-01-15,4.68,4.68,4.69,4.66,113741.0,星期四,0.0,0.0
2026-01-14,4.74,4.68,4.75,4.66,233864.0,星期三,0.0,-0.0127
2026-01-13,4.73,4.74,4.76,4.7,202245.0,星期二,0.0,0.0021
2026-01-12,4.69,4.73,4.73,4.68,187775.0,星期一,-0.0042,0.0085
2026-01-09,4.7,4.71,4.72,4.69,137353.0,星期五,0.0,0.0021
2026-01-08,4.7,4.7,4.71,4.68,138938.0,星期四,0.0,0.0
2026-01-07,4.72,4.7,4.74,4.7,122137.0,星期三,0.0,-0.0042
2026-01-06,4.7,4.72,4.73,4.68,148056.0,星期二,0.0021,0.0043
2026-01-05,4.71,4.69,4.71,4.67,144593.0,星期一,0.0043,-0.0042
2025-12-31,4.65,4.69,4.71,4.64,141623.0,星期三,0.0,0.0086
2025-12-30,4.65,4.65,4.67,4.63,99224.0,星期二,0.0,0.0
2025-12-29,4.66,4.65,4.69,4.65,97487.0,星期一,-0.0021,-0.0021
2025-12-26,4.69,4.67,4.7,4.66,101971.0,星期五,0.0021,-0.0043
2025-12-25,4.7,4.68,4.7,4.67,72107.0,星期四,0.0043,-0.0043
2025-12-24,4.65,4.68,4.7,4.64,94121.0,星期三,0.0,0.0065
2025-12-23,4.67,4.65,4.69,4.64,102795.0,星期二,0.0021,-0.0043
2025-12-22,4.69,4.66,4.7,4.66,104233.0,星期一,0.0043,-0.0064
2025-12-19,4.65,4.67,4.7,4.64,114718.0,星期五,0.0022,0.0043
2025-12-18,4.61,4.64,4.66,4.6,85574.0,星期四,-0.0022,0.0065
2025-12-17,4.63,4.62,4.66,4.57,153475.0,星期三,-0.0022,-0.0022
2025-12-16,4.66,4.64,4.68,4.63,129427.0,星期二,-0.0021,-0.0043
2025-12-15,4.64,4.67,4.7,4.63,208393.0,星期一,-0.0022,0.0065
2025-12-12,4.76,4.65,4.78,4.64,467919.0,星期五,0.0,-0.0231
2025-12-11,4.83,4.76,4.85,4.75,277004.0,星期四,-0.0021,-0.0145
2025-12-10,4.8,4.84,4.85,4.79,196894.0,星期三,-0.0062,0.0083
2025-12-09,4.82,4.83,4.85,4.81,145675.0,星期二,-0.0021,0.0021
2025-12-08,4.86,4.83,4.88,4.83,144806.0,星期一,0.0,-0.0062
2025-12-05,4.87,4.86,4.87,4.84,145847.0,星期五,0.0,-0.0021
2025-12-04,4.85,4.87,4.88,4.83,195214.0,星期四,0.0021,0.0041
2025-12-03,4.8,4.84,4.85,4.79,204427.0,星期三,0.0,0.0083
2025-12-02,4.76,4.8,4.82,4.72,208758.0,星期二,0.0,0.0084
2025-12-01,4.79,4.76,4.81,4.75,285964.0,星期一,0.0063,-0.0063
2025-11-28,4.72,4.76,4.77,4.7,109719.0,星期五,0.0021,0.0085
2025-11-27,4.73,4.71,4.74,4.7,100459.0,星期四,-0.0021,-0.0042
2025-11-26,4.72,4.74,4.76,4.7,143102.0,星期三,0.0043,0.0042
2025-11-25,4.72,4.7,4.74,4.69,128463.0,星期二,0.0,-0.0042
2025-11-24,4.7,4.72,4.74,4.67,120426.0,星期一,0.0108,0.0043
2025-11-21,4.79,4.65,4.79,4.65,201001.0,星期五,-0.0021,-0.0292
2025-11-20,4.76,4.8,4.82,4.76,130906.0,星期四,0.0,0.0084
2025-11-19,4.8,4.76,4.82,4.75,133209.0,星期三,0.0,-0.0083
2025-11-18,4.86,4.8,4.87,4.78,197568.0,星期二,0.0,-0.0123
2025-11-17,4.88,4.86,4.89,4.84,201363.0,星期一,-0.002,-0.0041
2025-11-14,4.91,4.89,4.94,4.88,200074.0,星期五,0.002,-0.0041
2025-11-13,4.87,4.9,4.92,4.86,237241.0,星期四,0.0,0.0062
2025-11-12,4.87,4.87,4.88,4.85,154516.0,星期三,-0.002,0.0
2025-11-11,4.84,4.88,4.88,4.83,216445.0,星期二,-0.0021,0.0083
2025-11-10,4.81,4.85,4.86,4.8,194505.0,星期一,0.0021,0.0083
2025-11-07,4.79,4.8,4.82,4.78,198213.0,星期五,-0.0021,0.0021
2025-11-06,4.81,4.8,4.82,4.78,227340.0,星期四,0.0,-0.0021
2025-11-05,4.76,4.81,4.82,4.75,215751.0,星期三,-0.0021,0.0105
2025-11-04,4.77,4.77,4.79,4.75,173590.0,星期二,-0.0021,0.0
2025-11-03,4.74,4.78,4.79,4.73,189442.0,星期一,0.0,0.0084
2025-10-31,4.76,4.74,4.78,4.73,255012.0,星期五,-0.0083,-0.0042
2025-10-30,4.8,4.8,4.82,4.76,209114.0,星期四,0.0,0.0
2025-10-29,4.82,4.8,4.82,4.75,269751.0,星期三,0.0021,-0.0041
2025-10-28,4.87,4.81,4.88,4.79,381480.0,星期二,-0.0041,-0.0123
2025-10-27,4.84,4.89,4.91,4.81,722015.0,星期一,-0.0262,0.0103
2025-10-24,4.79,4.97,5.28,4.74,1039412.0,星期五,-0.0021,0.0376
2025-10-23,4.75,4.8,4.8,4.72,205457.0,星期四,0.0021,0.0105
2025-10-22,4.73,4.74,4.77,4.72,151780.0,星期三,0.0021,0.0021
2025-10-21,4.68,4.72,4.75,4.67,193800.0,星期二,0.0,0.0085
2025-10-20,4.67,4.68,4.7,4.63,168792.0,星期一,0.0043,0.0021
2025-10-17,4.69,4.65,4.71,4.65,140082.0,星期五,0.0,-0.0085
2025-10-16,4.75,4.69,4.75,4.67,150142.0,星期四,0.0021,-0.0126
2025-10-15,4.69,4.74,4.75,4.68,190306.0,星期三,-0.0021,0.0107
2025-10-14,4.65,4.7,4.7,4.64,224147.0,星期二,0.0,0.0108
2025-10-13,4.62,4.65,4.66,4.57,204343.0,星期一,-0.0107,0.0065
2025-10-10,4.62,4.67,4.68,4.59,236763.0,星期五,0.0022,0.0108
2025-10-09,4.58,4.61,4.64,4.58,224046.0,星期四,0.0022,0.0066
2025-09-30,4.58,4.57,4.59,4.54,158092.0,星期二,0.0,-0.0022
2025-09-29,4.56,4.58,4.61,4.53,162400.0,星期一,-0.0022,0.0044
2025-09-26,4.57,4.57,4.59,4.55,150026.0,星期五,0.0044,0.0
2025-09-25,4.61,4.55,4.61,4.55,188613.0,星期四,0.0,-0.013
2025-09-24,4.65,4.61,4.66,4.58,212074.0,星期三,-0.0021,-0.0086
2025-09-23,4.59,4.66,4.67,4.52,286972.0,星期二,-0.0022,0.0153
2025-09-22,4.65,4.6,4.66,4.58,148665.0,星期一,0.0,-0.0108
2025-09-19,4.67,4.65,4.7,4.64,159349.0,星期五,0.0,-0.0043
2025-09-18,4.73,4.67,4.75,4.64,288285.0,星期四,-0.0021,-0.0127
2025-09-17,4.78,4.74,4.79,4.69,352617.0,星期三,-0.0021,-0.0084
2025-09-16,4.75,4.79,4.82,4.71,293067.0,星期二,-0.0021,0.0084
2025-09-15,4.73,4.76,4.78,4.68,280343.0,星期一,0.0,0.0063
2025-09-12,4.66,4.73,4.75,4.64,327508.0,星期五,0.0043,0.015
2025-09-11,4.62,4.64,4.65,4.59,131599.0,星期四,0.0,0.0043
2025-09-10,4.63,4.62,4.63,4.6,117886.0,星期三,0.0,-0.0022
2025-09-09,4.62,4.63,4.64,4.6,128096.0,星期二,0.0,0.0022
2025-09-08,4.62,4.62,4.62,4.59,125555.0,星期一,0.0,0.0
2025-09-05,4.62,4.62,4.62,4.56,145929.0,星期五,0.0022,0.0
2025-09-04,4.53,4.61,4.61,4.52,226053.0,星期四,0.0,0.0177
2025-09-03,4.59,4.53,4.59,4.53,167925.0,星期三,0.0022,-0.0131
2025-09-02,4.64,4.58,4.64,4.53,290722.0,星期二,0.0022,-0.0129
2025-09-01,4.66,4.63,4.7,4.6,451915.0,星期一,-0.021,-0.0064
2025-08-29,4.75,4.76,4.82,4.74,185645.0,星期五,0.0042,0.0021
2025-08-28,4.78,4.73,4.81,4.67,296019.0,星期四,-0.0021,-0.0105
2025-08-27,4.88,4.79,4.89,4.79,243605.0,星期三,0.0,-0.0184
2025-08-26,4.88,4.88,4.89,4.85,157339.0,星期二,0.0,0.0
2025-08-25,4.85,4.88,4.9,4.84,301975.0,星期一,0.0021,0.0062
2025-08-22,4.83,4.84,4.85,4.8,203057.0,星期五,0.0,0.0021
2025-08-21,4.82,4.83,4.85,4.81,210159.0,星期四,0.0,0.0021
2025-08-20,4.8,4.82,4.82,4.78,190402.0,星期三,0.0,0.0042
2025-08-19,4.84,4.8,4.85,4.79,180578.0,星期二,0.0021,-0.0083
2025-08-18,4.84,4.83,4.86,4.82,215749.0,星期一,0.0,-0.0021
2025-08-15,4.82,4.84,4.85,4.8,171770.0,星期五,0.0,0.0041
2025-08-14,4.88,4.82,4.89,4.81,175438.0,星期四,0.0021,-0.0123
2025-08-13,4.9,4.87,4.91,4.87,153405.0,星期三,0.002,-0.0061
2025-08-12,4.91,4.89,4.92,4.88,125673.0,星期二,0.0,-0.0041
2025-08-11,4.92,4.91,4.94,4.88,215040.0,星期一,0.0,-0.002
2025-08-08,4.84,4.92,4.92,4.82,264430.0,星期五,0.0,0.0165
2025-08-07,4.86,4.84,4.89,4.83,183731.0,星期四,0.0062,-0.0041
2025-08-06,4.85,4.83,4.85,4.82,151248.0,星期三,0.0,-0.0041
2025-08-05,4.85,4.85,4.86,4.83,146472.0,星期二,0.0021,0.0
2025-08-04,4.85,4.84,4.86,4.78,218137.0,星期一,0.0021,-0.0021
2025-08-01,4.87,4.84,4.89,4.83,183199.0,星期五,0.0,-0.0062
2025-07-31,4.94,4.87,4.95,4.86,226381.0,星期四,-0.002,-0.0142
2025-07-30,4.97,4.95,4.98,4.92,177154.0,星期三,0.002,-0.004
2025-07-29,4.96,4.96,4.97,4.89,215801.0,星期二,0.002,0.0
2025-07-28,4.95,4.95,4.99,4.93,228604.0,星期一,0.002,0.0
2025-07-25,5.1,4.94,5.12,4.94,396692.0,星期五,0.0,-0.0314
2025-07-24,5.05,5.1,5.14,4.99,445775.0,星期四,-0.0098,0.0099
2025-07-23,5.39,5.1,5.39,5.09,837136.0,星期三,0.0405,-0.0538
2025-07-22,4.98,5.18,5.19,4.94,664304.0,星期二,0.002,0.0402
2025-07-21,4.88,4.97,4.99,4.88,409051.0,星期一,0.0167,0.0184
2025-07-18,4.79,4.8,4.81,4.77,132826.0,星期五,0.0,0.0021
2025-07-17,4.85,4.79,4.86,4.79,204155.0,星期四,0.0021,-0.0124
2025-07-16,4.86,4.84,4.88,4.82,130525.0,星期三,0.0,-0.0041
2025-07-15,4.9,4.86,4.92,4.82,229761.0,星期二,0.0,-0.0082
2025-07-14,4.87,4.9,4.92,4.86,161571.0,星期一,0.0021,0.0062
2025-07-11,4.88,4.86,4.91,4.84,205631.0,星期五,0.0,-0.0041
2025-07-10,4.84,4.88,4.89,4.82,176453.0,星期四,0.0,0.0083
2025-07-09,4.83,4.84,4.85,4.82,151033.0,星期三,0.0,0.0021
2025-07-08,4.84,4.83,4.85,4.78,189901.0,星期二,0.0,-0.0021
2025-07-07,4.79,4.84,4.84,4.76,159354.0,星期一,0.0021,0.0104
2025-07-04,4.74,4.78,4.79,4.73,152266.0,星期五,0.0021,0.0084
2025-07-03,4.72,4.73,4.75,4.71,101686.0,星期四,0.0,0.0021
2025-07-02,4.71,4.72,4.74,4.69,148126.0,星期三,0.0,0.0021
2025-07-01,4.71,4.71,4.73,4.68,189062.0,星期二,0.0021,0.0
2025-06-30,4.77,4.7,4.77,4.68,270576.0,星期一,-0.0325,-0.0147
2025-06-27,4.89,4.93,4.97,4.89,278969.0,星期五,0.0,0.0082
2025-06-26,4.86,4.89,4.9,4.86,166569.0,星期四,-0.0021,0.0062
2025-06-25,4.81,4.87,4.88,4.8,165444.0,星期三,0.0,0.0125
2025-06-24,4.8,4.81,4.82,4.79,174962.0,星期二,0.0042,0.0021
2025-06-23,4.81,4.78,4.82,4.76,153667.0,星期一,-0.0021,-0.0062
2025-06-20,4.79,4.82,4.83,4.78,136476.0,星期五,0.0,0.0063
2025-06-19,4.8,4.79,4.81,4.75,154437.0,星期四,-0.0041,-0.0021
2025-06-18,4.82,4.82,4.82,4.76,115338.0,星期三,0.0,0.0
2025-06-17,4.78,4.82,4.82,4.76,121707.0,星期二,0.0021,0.0084
2025-06-16,4.77,4.77,4.79,4.74,148835.0,星期一,0.0,0.0
2025-06-13,4.8,4.77,4.84,4.76,232677.0,星期五,-0.0041,-0.0063
2025-06-12,4.81,4.82,4.82,4.79,118613.0,星期四,-0.0021,0.0021
2025-06-11,4.76,4.82,4.82,4.74,229641.0,星期三,0.0021,0.0126
2025-06-10,4.75,4.75,4.79,4.71,164392.0,星期二,0.0021,0.0
2025-06-09,4.77,4.74,4.78,4.73,122384.0,星期一,0.0021,-0.0063
2025-06-06,4.73,4.76,4.78,4.72,140708.0,星期五,0.0,0.0063
2025-06-05,4.73,4.73,4.74,4.72,102491.0,星期四,0.0,0.0
2025-06-04,4.72,4.73,4.74,4.71,118934.0,星期三,-0.0021,0.0021
2025-06-03,4.71,4.73,4.74,4.7,131478.0,星期二,-0.0063,0.0042
2025-05-30,4.71,4.74,4.75,4.69,194138.0,星期五,0.0,0.0064
2025-05-29,4.69,4.71,4.71,4.67,116505.0,星期四,0.0,0.0043
2025-05-28,4.65,4.69,4.69,4.64,101871.0,星期三,0.0,0.0086
2025-05-27,4.65,4.65,4.67,4.63,91319.0,星期二,0.0,0.0
2025-05-26,4.62,4.65,4.65,4.62,107319.0,星期一,0.0022,0.0065
2025-05-23,4.66,4.61,4.69,4.61,177979.0,星期五,0.0,-0.0107
2025-05-22,4.69,4.66,4.7,4.65,153133.0,星期四,-0.0042,-0.0064
2025-05-21,4.67,4.71,4.73,4.67,122774.0,星期三,-0.0021,0.0086
2025-05-20,4.7,4.68,4.71,4.66,111014.0,星期二,0.0043,-0.0043
2025-05-19,4.66,4.68,4.7,4.65,148250.0,星期一,0.0,0.0043
2025-05-16,4.69,4.66,4.7,4.65,178297.0,星期五,0.0043,-0.0064
2025-05-15,4.69,4.67,4.71,4.67,133667.0,星期四,0.0,-0.0043
2025-05-14,4.68,4.69,4.7,4.64,157374.0,星期三,0.0,0.0021
2025-05-13,4.67,4.68,4.68,4.64,178459.0,星期二,0.0043,0.0021
2025-05-12,4.66,4.65,4.68,4.62,160854.0,星期一,0.0,-0.0021
2025-05-09,4.64,4.66,4.68,4.63,217839.0,星期五,0.0022,0.0043
2025-05-08,4.62,4.63,4.64,4.6,148863.0,星期四,-0.0022,0.0022
2025-05-07,4.65,4.63,4.68,4.61,229814.0,星期三,0.0043,-0.0043
2025-05-06,4.61,4.63,4.64,4.6,266965.0,星期二,0.0022,0.0043
2025-04-30,4.65,4.6,4.66,4.58,291601.0,星期三,0.0065,-0.0108
2025-04-29,4.65,4.62,4.67,4.6,197562.0,星期二,0.0,-0.0065
2025-04-28,4.76,4.65,4.76,4.61,320464.0,星期一,0.0021,-0.0231
2025-04-25,4.76,4.75,4.8,4.73,158599.0,星期五,-0.0042,-0.0021
2025-04-24,4.71,4.78,4.78,4.7,197000.0,星期四,0.0,0.0149
2025-04-23,4.76,4.71,4.77,4.69,191077.0,星期三,0.0,-0.0105
2025-04-22,4.62,4.76,4.77,4.61,344759.0,星期二,-0.0022,0.0303
2025-04-21,4.64,4.63,4.67,4.6,162473.0,星期一,0.0,-0.0022
2025-04-18,4.6,4.64,4.64,4.57,149839.0,星期五,-0.015,0.0087
2025-04-17,4.64,4.67,4.72,4.61,202916.0,星期四,0.0,0.0065
2025-04-16,4.64,4.64,4.65,4.61,128340.0,星期三,0.0,0.0
2025-04-15,4.69,4.64,4.7,4.62,152201.0,星期二,0.0021,-0.0107
2025-04-14,4.66,4.68,4.71,4.62,306807.0,星期一,0.0043,0.0043
2025-04-11,4.68,4.64,4.7,4.63,263840.0,星期五,-0.0064,-0.0085
2025-04-10,4.74,4.71,4.78,4.67,323964.0,星期四,-0.0021,-0.0063
2025-04-09,4.6,4.75,4.77,4.47,497532.0,星期三,-0.0171,0.0326
2025-04-08,4.54,4.68,4.73,4.5,629777.0,星期二,0.0157,0.0308
2025-04-07,4.7,4.47,4.73,4.4,523717.0,星期一,-0.0229,-0.0489
2025-04-03,4.83,4.81,4.86,4.79,244036.0,星期四,0.0042,-0.0041
2025-04-02,4.82,4.81,4.87,4.79,214414.0,星期三,-0.0062,-0.0021
2025-04-01,4.79,4.85,4.85,4.71,412920.0,星期二,0.0,0.0125
2025-03-31,4.61,4.79,4.8,4.59,792386.0,星期一,0.0066,0.039
2025-03-28,4.61,4.58,4.64,4.55,179573.0,星期五,-0.0022,-0.0065
2025-03-27,4.64,4.62,4.65,4.6,132210.0,星期四,0.0,-0.0043
2025-03-26,4.64,4.64,4.67,4.62,155085.0,星期三,-0.0043,0.0
2025-03-25,4.59,4.66,4.66,4.57,214595.0,星期二,-0.0022,0.0153
2025-03-24,4.57,4.6,4.61,4.51,213695.0,星期一,0.0022,0.0066
2025-03-21,4.56,4.56,4.61,4.54,197385.0,星期五,0.0,0.0
2025-03-20,4.56,4.56,4.59,4.54,126861.0,星期四,0.0044,0.0
2025-03-19,4.56,4.54,4.58,4.54,106271.0,星期三,-0.0022,-0.0044
2025-03-18,4.58,4.57,4.59,4.55,107996.0,星期二,0.0022,-0.0022
2025-03-17,4.56,4.57,4.59,4.55,156382.0,星期一,0.0022,0.0022
2025-03-14,4.49,4.55,4.56,4.48,212494.0,星期五,0.0,0.0134
2025-03-13,4.48,4.49,4.5,4.46,139507.0,星期四,0.0,0.0022
2025-03-12,4.45,4.48,4.52,4.43,191931.0,星期三,0.0045,0.0067
2025-03-11,4.42,4.43,4.45,4.39,135378.0,星期二,-0.0045,0.0023
2025-03-10,4.47,4.44,4.47,4.42,119544.0,星期一,0.0,-0.0067
2025-03-07,4.49,4.47,4.52,4.46,174160.0,星期五,0.0,-0.0045
2025-03-06,4.45,4.49,4.5,4.42,166230.0,星期四,0.0023,0.009
2025-03-05,4.47,4.44,4.48,4.41,143325.0,星期三,0.0022,-0.0067
2025-03-04,4.48,4.46,4.49,4.45,131211.0,星期二,-0.0022,-0.0045
2025-03-03,4.51,4.49,4.54,4.48,197529.0,星期一,0.0022,-0.0044
2025-02-28,4.52,4.5,4.54,4.48,161205.0,星期五,-0.0022,-0.0044
2025-02-27,4.55,4.53,4.58,4.49,182771.0,星期四,0.0,-0.0044
2025-02-26,4.52,4.55,4.59,4.51,187256.0,星期三,0.0,0.0066
2025-02-25,4.57,4.52,4.57,4.51,169295.0,星期二,-0.0044,-0.0109
2025-02-24,4.53,4.59,4.61,4.51,292292.0,星期一,0.0,0.0132
2025-02-21,4.54,4.53,4.55,4.5,147240.0,星期五,0.0,-0.0022
2025-02-20,4.56,4.54,4.57,4.52,151324.0,星期四,-0.0022,-0.0044
2025-02-19,4.57,4.57,4.6,4.55,160673.0,星期三,0.0022,0.0
2025-02-18,4.57,4.56,4.6,4.54,226336.0,星期二,-0.0022,-0.0022
2025-02-17,4.59,4.58,4.6,4.55,150543.0,星期一,0.0022,-0.0022
2025-02-14,4.62,4.58,4.64,4.57,157156.0,星期五,0.0022,-0.0087
2025-02-13,4.56,4.61,4.65,4.55,256352.0,星期四,-0.0044,0.011
2025-02-12,4.56,4.58,4.6,4.54,143747.0,星期三,-0.0022,0.0044
2025-02-11,4.56,4.57,4.61,4.54,205351.0,星期二,0.0,0.0022
2025-02-10,4.56,4.56,4.62,4.54,228285.0,星期一,0.0,0.0
2025-02-07,4.51,4.56,4.61,4.49,305967.0,星期五,-0.0022,0.0111
2025-02-06,4.5,4.52,4.53,4.46,139665.0,星期四,-0.0022,0.0044
2025-02-05,4.58,4.51,4.6,4.49,178347.0,星期三,0.0022,-0.0153
2025-01-27,4.53,4.57,4.6,4.52,172209.0,星期一,0.0022,0.0088
2025-01-24,4.49,4.52,4.54,4.47,147797.0,星期五,0.0,0.0067
2025-01-23,4.48,4.49,4.54,4.47,145616.0,星期四,0.0067,0.0022
2025-01-22,4.45,4.45,4.48,4.43,102315.0,星期三,-0.0067,0.0
2025-01-21,4.51,4.48,4.52,4.46,89975.0,星期二,0.0022,-0.0067
2025-01-20,4.52,4.5,4.56,4.49,126167.0,星期一,0.0067,-0.0044
2025-01-17,4.46,4.49,4.52,4.43,166411.0,星期五,-0.0022,0.0067
2025-01-16,4.48,4.47,4.53,4.44,162584.0,星期四,0.0067,-0.0022
2025-01-15,4.48,4.45,4.48,4.42,128087.0,星期三,0.0045,-0.0067
2025-01-14,4.37,4.46,4.47,4.37,174061.0,星期二,0.0,0.0206
2025-01-13,4.33,4.37,4.37,4.31,138810.0,星期一,-0.0069,0.0092
2025-01-10,4.43,4.36,4.45,4.36,166905.0,星期五,0.0,-0.0158
2025-01-09,4.47,4.43,4.5,4.42,187776.0,星期四,-0.0089,-0.0089
2025-01-08,4.57,4.51,4.58,4.44,230230.0,星期三,-0.0044,-0.0131
2025-01-07,4.58,4.59,4.61,4.5,249378.0,星期二,0.0,0.0022
2025-01-06,4.58,4.58,4.65,4.53,228565.0,星期一,0.0022,0.0
2025-01-03,4.65,4.57,4.71,4.56,209200.0,星期五,0.0043,-0.0172
2025-01-02,4.78,4.63,4.82,4.6,268950.0,星期四,0.0,-0.0314
2024-12-31,4.9,4.78,4.91,4.78,244609.0,星期二,0.0,-0.0245
2024-12-30,4.91,4.9,4.93,4.89,165459.0,星期一,0.0,-0.002
2024-12-27,4.88,4.91,4.92,4.86,199415.0,星期五,0.0041,0.0061
2024-12-26,4.89,4.86,4.91,4.86,130128.0,星期四,-0.002,-0.0061
2024-12-25,4.89,4.9,4.91,4.85,171709.0,星期三,0.002,0.002
2024-12-24,4.85,4.88,4.9,4.84,150541.0,星期二,0.0021,0.0062
2024-12-23,4.89,4.84,4.92,4.83,178497.0,星期一,0.002,-0.0102
2024-12-20,4.92,4.88,4.95,4.87,164641.0,星期五,-0.004,-0.0081
2024-12-19,4.88,4.94,4.94,4.85,170766.0,星期四,-0.0061,0.0123
2024-12-18,4.94,4.91,4.99,4.9,198994.0,星期三,0.0041,-0.0061
2024-12-17,4.94,4.92,4.97,4.88,243141.0,星期二,0.0,-0.004
2024-12-16,4.99,4.94,5.02,4.92,203268.0,星期一,0.004,-0.01
2024-12-13,5.07,4.97,5.07,4.97,315531.0,星期五,-0.0059,-0.0197
2024-12-12,5.08,5.1,5.1,5.02,364995.0,星期四,0.0079,0.0039
2024-12-11,4.99,5.04,5.07,4.98,237145.0,星期三,0.0,0.01
2024-12-10,5.1,4.99,5.13,4.98,375235.0,星期二,0.022,-0.0216
2024-12-09,5.01,4.99,5.05,4.95,279466.0,星期一,0.004,-0.004
2024-12-06,4.89,4.99,5.0,4.89,342534.0,星期五,0.002,0.0204
2024-12-05,4.89,4.88,4.9,4.86,186826.0,星期四,0.0,-0.002
2024-12-04,4.98,4.89,4.98,4.88,270527.0,星期三,0.0,-0.0181
2024-12-03,5.0,4.98,5.0,4.94,229331.0,星期二,0.002,-0.004
2024-12-02,4.95,4.99,5.01,4.95,264972.0,星期一,-0.004,0.0081
2024-11-29,4.94,4.97,5.01,4.92,236317.0,星期五,0.0,0.0061
2024-11-28,4.92,4.94,4.98,4.91,172757.0,星期四,-0.004,0.0041
2024-11-27,4.86,4.94,4.94,4.77,229473.0,星期三,-0.0021,0.0165
2024-11-26,4.87,4.87,4.9,4.85,140322.0,星期二,-0.0041,0.0
2024-11-25,4.87,4.89,4.92,4.81,209391.0,星期一,-0.002,0.0041
2024-11-22,5.0,4.88,5.03,4.86,268078.0,星期五,0.0,-0.024
2024-11-21,5.04,5.0,5.07,4.96,243153.0,星期四,-0.002,-0.0079
2024-11-20,5.0,5.05,5.05,4.96,316532.0,星期三,-0.002,0.01
2024-11-19,5.05,5.01,5.11,4.92,420479.0,星期二,0.0,-0.0079
2024-11-18,4.97,5.05,5.18,4.97,919764.0,星期一,0.0122,0.0161
2024-11-15,4.93,4.91,5.0,4.9,245743.0,星期五,-0.002,-0.0041
2024-11-14,5.01,4.94,5.03,4.93,306198.0,星期四,0.0,-0.014
2024-11-13,5.03,5.01,5.1,4.97,317859.0,星期三,0.002,-0.004
2024-11-12,5.09,5.02,5.14,4.98,584314.0,星期二,-0.0059,-0.0138
2024-11-11,5.15,5.12,5.3,5.05,655860.0,星期一,0.0078,-0.0058
2024-11-08,5.33,5.11,5.33,5.08,583099.0,星期五,0.0211,-0.0413
2024-11-07,5.0,5.22,5.25,4.98,743177.0,星期四,-0.004,0.044
2024-11-06,5.04,5.02,5.08,4.95,429334.0,星期三,-0.0059,-0.004
2024-11-05,4.93,5.07,5.09,4.92,571499.0,星期二,0.002,0.0284
2024-11-04,4.86,4.92,4.95,4.78,389580.0,星期一,0.0021,0.0123
2024-11-01,4.84,4.85,4.97,4.83,514062.0,星期五,-0.0021,0.0021
2024-10-31,4.8,4.85,4.88,4.8,308547.0,星期四,-0.0021,0.0104
2024-10-30,4.82,4.81,4.86,4.78,216959.0,星期三,0.0,-0.0021
2024-10-29,4.96,4.82,4.99,4.82,365187.0,星期二,0.0,-0.0282
2024-10-28,4.86,4.96,4.96,4.82,401529.0,星期一,-0.0082,0.0206
2024-10-25,4.85,4.9,4.9,4.84,249135.0,星期五,0.0,0.0103
2024-10-24,4.88,4.85,4.89,4.83,221141.0,星期四,-0.002,-0.0061
2024-10-23,4.86,4.89,4.94,4.86,335401.0,星期三,-0.0021,0.0062
2024-10-22,4.86,4.87,4.89,4.83,285801.0,星期二,-0.0061,0.0021
2024-10-21,4.9,4.89,4.93,4.84,404790.0,星期一,0.002,-0.002
2024-10-18,4.89,4.89,4.94,4.73,606378.0,星期五,-0.002,0.0
2024-10-17,5.08,4.9,5.09,4.89,460313.0,星期四,0.004,-0.0354
2024-10-16,4.88,5.06,5.1,4.87,532344.0,星期三,-0.0101,0.0369
2024-10-15,5.05,4.93,5.09,4.93,709240.0,星期二,-0.0175,-0.0238
2024-10-14,4.98,5.14,5.15,4.88,971696.0,星期一,0.0332,0.0321
2024-10-11,5.02,4.82,5.03,4.78,482066.0,星期五,0.004,-0.0398
2024-10-10,4.92,5.0,5.22,4.79,783460.0,星期四,0.0144,0.0163
2024-10-09,5.05,4.85,5.05,4.72,727980.0,星期三,-0.0175,-0.0396
2024-10-08,5.34,5.14,5.34,4.87,1011485.0,星期二,0.0988,-0.0375
2024-09-30,4.66,4.86,4.9,4.59,868868.0,星期一,0.0287,0.0429
2024-09-27,4.55,4.53,4.57,4.46,299746.0,星期五,0.0202,-0.0044
2024-09-26,4.29,4.46,4.47,4.29,309177.0,星期四,-0.0023,0.0396
2024-09-25,4.29,4.3,4.39,4.27,277517.0,星期三,0.0118,0.0023
2024-09-24,4.17,4.24,4.24,4.15,210931.0,星期二,0.0048,0.0168
2024-09-23,4.13,4.15,4.16,4.1,105602.0,星期一,0.0024,0.0048
2024-09-20,4.14,4.12,4.14,4.09,134671.0,星期五,-0.0024,-0.0048
2024-09-19,4.1,4.15,4.16,4.09,182758.0,星期四,0.0024,0.0122
2024-09-18,4.01,4.09,4.1,4.0,208298.0,星期三,-0.0025,0.02
2024-09-13,4.01,4.02,4.06,3.96,279295.0,星期五,0.0075,0.0025
2024-09-12,3.97,3.98,4.03,3.95,202387.0,星期四,0.0051,0.0025
2024-09-11,3.91,3.95,3.98,3.87,181229.0,星期三,0.0,0.0102
2024-09-10,3.91,3.91,3.93,3.82,143667.0,星期二,0.0,0.0
2024-09-09,3.95,3.91,3.96,3.89,140212.0,星期一,0.0,-0.0101
2024-09-06,4.0,3.95,4.03,3.95,135236.0,星期五,0.0025,-0.0125
2024-09-05,3.95,3.99,4.0,3.94,133840.0,星期四,0.0,0.0101
2024-09-04,4.02,3.95,4.03,3.95,177450.0,星期三,-0.005,-0.0174
2024-09-03,4.06,4.04,4.06,4.02,151128.0,星期二,0.0025,-0.0049
2024-09-02,4.12,4.05,4.13,4.05,196180.0,星期一,0.0024,-0.017
2024-08-30,4.08,4.11,4.19,4.05,212875.0,星期五,-0.0024,0.0074
2024-08-29,4.11,4.09,4.13,4.06,142155.0,星期四,-0.0024,-0.0049
2024-08-28,4.16,4.12,4.18,4.1,112535.0,星期三,-0.0024,-0.0096
2024-08-27,4.19,4.17,4.2,4.13,92112.0,星期二,0.0024,-0.0048
2024-08-26,4.14,4.18,4.19,4.13,105685.0,星期一,0.0,0.0097
2024-08-23,4.12,4.14,4.15,4.09,113619.0,星期五,0.0,0.0049
2024-08-22,4.16,4.12,4.18,4.12,85192.0,星期四,0.0024,-0.0096
2024-08-21,4.18,4.15,4.2,4.13,118407.0,星期三,-0.0048,-0.0072
2024-08-20,4.27,4.2,4.27,4.18,116357.0,星期二,0.0023,-0.0164
2024-08-19,4.21,4.26,4.26,4.2,110375.0,星期一,0.0024,0.0119
2024-08-16,4.26,4.2,4.27,4.2,132473.0,星期五,0.0,-0.0141
2024-08-15,4.23,4.26,4.27,4.2,150227.0,星期四,-0.0024,0.0071
2024-08-14,4.23,4.24,4.29,4.22,135052.0,星期三,0.0,0.0024
2024-08-13,4.18,4.23,4.24,4.17,132122.0,星期二,-0.0024,0.012
2024-08-12,4.19,4.19,4.22,4.17,118695.0,星期一,0.0,0.0
2024-08-09,4.17,4.19,4.24,4.16,184919.0,星期五,0.0048,0.0048
2024-08-08,4.13,4.15,4.17,4.09,129151.0,星期四,0.0024,0.0048
2024-08-07,4.16,4.12,4.16,4.11,101346.0,星期三,0.0048,-0.0096
2024-08-06,4.13,4.14,4.17,4.09,148446.0,星期二,0.0024,0.0024
2024-08-05,4.16,4.12,4.22,4.11,197593.0,星期一,-0.0048,-0.0096
2024-08-02,4.18,4.18,4.22,4.15,157968.0,星期五,-0.0048,0.0
2024-08-01,4.23,4.2,4.24,4.19,162289.0,星期四,0.0048,-0.0071
2024-07-31,4.1,4.21,4.21,4.1,207887.0,星期三,-0.0049,0.0268
2024-07-30,4.08,4.12,4.13,4.06,129805.0,星期二,0.0,0.0098
2024-07-29,4.08,4.08,4.1,4.05,112444.0,星期一,0.0,0.0
2024-07-26,4.04,4.08,4.09,4.04,122023.0,星期五,0.0025,0.0099
2024-07-25,3.99,4.03,4.05,3.98,119502.0,星期四,-0.0025,0.01
2024-07-24,4.02,4.0,4.06,3.99,146042.0,星期三,0.0,-0.005
2024-07-23,4.04,4.02,4.1,4.02,179851.0,星期二,0.0,-0.005
2024-07-22,4.11,4.04,4.12,4.03,201707.0,星期一,0.0024,-0.017
2024-07-19,4.12,4.1,4.13,4.09,126323.0,星期五,-0.0048,-0.0049
2024-07-18,4.14,4.14,4.15,4.08,179363.0,星期四,0.0,0.0
2024-07-17,4.14,4.14,4.15,4.11,136027.0,星期三,0.0,0.0
2024-07-16,4.17,4.14,4.17,4.12,128611.0,星期二,0.0024,-0.0072
2024-07-15,4.18,4.16,4.19,4.12,151479.0,星期一,-0.0048,-0.0048
2024-07-12,4.22,4.2,4.28,4.2,151348.0,星期五,0.0,-0.0047
2024-07-11,4.2,4.22,4.24,4.19,150192.0,星期四,0.0169,0.0048
2024-07-10,4.22,4.13,4.22,4.13,127720.0,星期三,0.0,-0.0213
2024-07-09,4.2,4.22,4.23,4.09,196553.0,星期二,0.0,0.0048
2024-07-08,4.28,4.2,4.29,4.18,164697.0,星期一,-0.0023,-0.0187
2024-07-05,4.32,4.29,4.32,4.26,119726.0,星期五,0.0047,-0.0069
2024-07-04,4.41,4.3,4.41,4.28,146576.0,星期四,0.0046,-0.0249
2024-07-03,4.39,4.39,4.45,4.38,135697.0,星期三,0.0,0.0
2024-07-02,4.39,4.39,4.41,4.36,135237.0,星期二,-0.0023,0.0
2024-07-01,4.32,4.4,4.41,4.3,207976.0,星期一,0.0047,0.0185
2024-06-28,4.25,4.3,4.35,4.24,195252.0,星期五,0.0,0.0118
2024-06-27,4.33,4.25,4.34,4.25,162657.0,星期四,0.0,-0.0185
2024-06-26,4.26,4.33,4.33,4.24,202669.0,星期三,0.0024,0.0164
2024-06-25,4.28,4.25,4.3,4.23,268077.0,星期二,-0.0635,-0.007
2024-06-24,4.64,4.57,4.69,4.54,306396.0,星期一,-0.0022,-0.0151
2024-06-21,4.61,4.65,4.68,4.61,173706.0,星期五,0.0,0.0087
2024-06-20,4.7,4.61,4.71,4.59,228695.0,星期四,-0.0021,-0.0191
2024-06-19,4.73,4.71,4.76,4.7,192556.0,星期三,0.0107,-0.0042
2024-06-18,4.61,4.68,4.7,4.61,166283.0,星期二,0.0,0.0152
2024-06-17,4.66,4.61,4.7,4.61,165469.0,星期一,-0.0043,-0.0107
2024-06-14,4.64,4.68,4.69,4.62,144607.0,星期五,-0.0022,0.0086
2024-06-13,4.71,4.65,4.72,4.64,192769.0,星期四,-0.0021,-0.0127
2024-06-12,4.75,4.72,4.75,4.64,296304.0,星期三,0.0021,-0.0063
2024-06-11,4.79,4.74,4.81,4.71,214360.0,星期二,-0.0062,-0.0104
2024-06-07,4.76,4.82,4.83,4.76,154276.0,星期五,0.0,0.0126
2024-06-06,4.83,4.76,4.85,4.74,246512.0,星期四,-0.0021,-0.0145
2024-06-05,4.89,4.84,4.92,4.83,179655.0,星期三,0.0,-0.0102
2024-06-04,4.8,4.89,4.9,4.77,246723.0,星期二,0.0,0.0187
2024-06-03,4.88,4.8,4.88,4.75,264446.0,星期一,-0.002,-0.0164
2024-05-31,4.91,4.89,4.92,4.88,141335.0,星期五,0.002,-0.0041
2024-05-30,4.95,4.9,4.97,4.87,201403.0,星期四,0.002,-0.0101
2024-05-29,4.95,4.94,5.0,4.93,158968.0,星期三,0.0,-0.002
2024-05-28,5.04,4.95,5.06,4.94,237960.0,星期二,0.0,-0.0179
2024-05-27,5.01,5.04,5.05,4.97,177793.0,星期一,0.004,0.006
2024-05-24,5.01,4.99,5.06,4.98,193363.0,星期五,0.0,-0.004
2024-05-23,5.11,5.01,5.12,4.99,306553.0,星期四,-0.0039,-0.0196
2024-05-22,5.11,5.13,5.19,5.1,283856.0,星期三,0.0,0.0039
2024-05-21,5.16,5.11,5.18,5.09,245066.0,星期二,-0.0019,-0.0097
2024-05-20,5.23,5.17,5.24,5.15,340528.0,星期一,0.0097,-0.0115
2024-05-17,5.14,5.18,5.18,5.06,375444.0,星期五,0.0039,0.0078
2024-05-16,5.07,5.12,5.16,5.07,366659.0,星期四,0.002,0.0099
2024-05-15,5.1,5.06,5.12,5.06,268889.0,星期三,0.0,-0.0078
2024-05-14,5.09,5.1,5.12,5.06,253956.0,星期二,-0.002,0.002
2024-05-13,5.04,5.1,5.14,4.99,416238.0,星期一,-0.0059,0.0119
2024-05-10,4.97,5.07,5.08,4.97,478103.0,星期五,0.0,0.0201
2024-05-09,4.9,4.97,4.99,4.9,395323.0,星期四,0.0,0.0143
2024-05-08,4.95,4.9,5.0,4.9,379571.0,星期三,0.0041,-0.0101
2024-05-07,4.97,4.93,4.97,4.9,282516.0,星期二,0.004,-0.008
2024-05-06,4.9,4.95,4.98,4.89,420102.0,星期一,0.0103,0.0102
2024-04-30,4.98,4.85,4.99,4.84,513609.0,星期二,0.002,-0.0261
2024-04-29,4.95,4.97,4.98,4.9,576022.0,星期一,-0.002,0.004
2024-04-26,5.01,4.96,5.03,4.87,830515.0,星期五,-0.0215,-0.01
2024-04-25,5.14,5.12,5.16,5.09,313846.0,星期四,-0.0039,-0.0039
2024-04-24,5.1,5.16,5.17,5.1,323941.0,星期三,0.0,0.0118
2024-04-23,5.18,5.1,5.22,5.08,431365.0,星期二,0.0,-0.0154
2024-04-22,5.28,5.18,5.33,5.18,497693.0,星期一,0.0,-0.0189
2024-04-19,5.16,5.28,5.32,5.15,596414.0,星期五,-0.0058,0.0233
2024-04-18,5.16,5.19,5.29,5.16,627057.0,星期四,0.0019,0.0058
2024-04-17,4.98,5.15,5.15,4.97,669995.0,星期三,-0.008,0.0341
2024-04-16,4.96,5.02,5.14,4.95,757923.0,星期二,-0.002,0.0121
2024-04-15,4.87,4.97,4.98,4.82,480588.0,星期一,0.0041,0.0205
2024-04-12,4.88,4.85,4.92,4.84,191433.0,星期五,-0.002,-0.0061
2024-04-11,4.81,4.89,4.93,4.8,295904.0,星期四,-0.0041,0.0166
2024-04-10,4.9,4.83,4.91,4.78,288031.0,星期三,-0.0041,-0.0143
2024-04-09,4.92,4.92,4.96,4.87,236575.0,星期二,0.0,0.0
2024-04-08,4.87,4.92,4.97,4.87,362575.0,星期一,-0.0041,0.0103
2024-04-03,4.85,4.89,4.9,4.82,258671.0,星期三,-0.0021,0.0082
2024-04-02,4.88,4.86,4.9,4.84,277855.0,星期二,-0.002,-0.0041
2024-04-01,4.86,4.89,4.89,4.84,356049.0,星期一,0.0021,0.0062
2024-03-29,4.84,4.85,4.86,4.79,258389.0,星期五,0.0021,0.0021
2024-03-28,4.74,4.83,4.85,4.73,383939.0,星期四,0.0,0.019
2024-03-27,4.88,4.74,4.9,4.74,542455.0,星期三,-0.0141,-0.0287
2024-03-26,4.8,4.95,4.95,4.79,440470.0,星期二,0.0021,0.0313
2024-03-25,4.72,4.79,4.85,4.72,299029.0,星期一,-0.0042,0.0148
2024-03-22,4.82,4.74,4.82,4.72,252373.0,星期五,0.0,-0.0166
2024-03-21,4.74,4.82,4.87,4.72,396429.0,星期四,0.0021,0.0169
2024-03-20,4.7,4.73,4.73,4.68,161162.0,星期三,-0.0021,0.0064
2024-03-19,4.72,4.71,4.74,4.7,210562.0,星期二,-0.0042,-0.0021
2024-03-18,4.71,4.74,4.75,4.69,223086.0,星期一,0.0043,0.0064
2024-03-15,4.69,4.69,4.7,4.66,233613.0,星期五,0.0021,0.0
2024-03-14,4.67,4.68,4.73,4.66,208619.0,星期四,0.0,0.0021
2024-03-13,4.72,4.67,4.74,4.65,184782.0,星期三,-0.0042,-0.0106
2024-03-12,4.7,4.74,4.75,4.65,297206.0,星期二,0.0,0.0085
2024-03-11,4.65,4.7,4.7,4.64,269706.0,星期一,0.0,0.0108
2024-03-08,4.62,4.65,4.65,4.6,142693.0,星期五,-0.0022,0.0065
2024-03-07,4.63,4.63,4.7,4.62,202304.0,星期四,0.0022,0.0
2024-03-06,4.63,4.62,4.67,4.6,174799.0,星期三,0.0,-0.0022
2024-03-05,4.66,4.63,4.67,4.61,201325.0,星期二,-0.0043,-0.0064
2024-03-04,4.71,4.68,4.72,4.63,222976.0,星期一,-0.0042,-0.0064
2024-03-01,4.73,4.73,4.75,4.68,196116.0,星期五,0.0,0.0
2024-02-29,4.63,4.73,4.73,4.62,241971.0,星期四,-0.0022,0.0216
2024-02-28,4.71,4.64,4.79,4.63,380528.0,星期三,-0.0021,-0.0149
2024-02-27,4.65,4.72,4.72,4.63,229164.0,星期二,0.0,0.0151
2024-02-26,4.7,4.65,4.74,4.64,282003.0,星期一,-0.0021,-0.0106
2024-02-23,4.71,4.71,4.72,4.66,204247.0,星期五,0.0021,0.0
2024-02-22,4.67,4.7,4.71,4.65,239748.0,星期四,-0.0064,0.0064
2024-02-21,4.61,4.7,4.76,4.59,362469.0,星期三,-0.0043,0.0195
2024-02-20,4.65,4.63,4.65,4.59,252097.0,星期二,-0.0021,-0.0043
2024-02-19,4.65,4.66,4.71,4.61,385503.0,星期一,0.0043,0.0022
2024-02-08,4.57,4.63,4.67,4.52,402141.0,星期四,0.0178,0.0131
2024-02-07,4.33,4.49,4.53,4.29,439598.0,星期三,-0.0092,0.037
2024-02-06,4.14,4.37,4.44,4.06,418522.0,星期二,-0.0119,0.0556
2024-02-05,4.47,4.19,4.47,4.08,535440.0,星期一,-0.0067,-0.0626
2024-02-02,4.56,4.5,4.66,4.36,349375.0,星期五,0.0,-0.0132
2024-02-01,4.67,4.56,4.71,4.54,361455.0,星期四,-0.0021,-0.0236
2024-01-31,4.8,4.68,4.84,4.66,333908.0,星期三,-0.0041,-0.025
2024-01-30,4.84,4.82,4.96,4.82,324443.0,星期二,-0.0122,-0.0041
2024-01-29,4.95,4.9,5.01,4.87,380345.0,星期一,0.0,-0.0101
2024-01-26,4.9,4.95,4.99,4.86,395511.0,星期五,0.0041,0.0102
2024-01-25,4.67,4.88,4.9,4.66,496354.0,星期四,0.0021,0.045
2024-01-24,4.51,4.66,4.66,4.45,284845.0,星期三,0.0045,0.0333
2024-01-23,4.47,4.49,4.51,4.38,283827.0,星期二,-0.0022,0.0045
2024-01-22,4.69,4.48,4.69,4.43,252173.0,星期一,0.0021,-0.0448
2024-01-19,4.7,4.68,4.74,4.65,131913.0,星期五,-0.0042,-0.0043
2024-01-18,4.74,4.72,4.76,4.58,243670.0,星期四,-0.0063,-0.0042
2024-01-17,4.84,4.77,4.87,4.77,170445.0,星期三,0.0,-0.0145
2024-01-16,4.82,4.84,4.85,4.77,178951.0,星期二,0.0021,0.0041
2024-01-15,4.77,4.81,4.84,4.74,152125.0,星期一,-0.0042,0.0084
2024-01-12,4.78,4.79,4.85,4.77,141826.0,星期五,0.0,0.0021
2024-01-11,4.73,4.78,4.8,4.73,145386.0,星期四,-0.0063,0.0106
2024-01-10,4.78,4.76,4.8,4.74,120247.0,星期三,0.0,-0.0042
2024-01-09,4.72,4.78,4.79,4.69,198276.0,星期二,-0.0042,0.0127
2024-01-08,4.82,4.74,4.82,4.74,202809.0,星期一,0.0126,-0.0166
2024-01-05,4.72,4.76,4.85,4.72,289822.0,星期五,-0.0063,0.0085
2024-01-04,4.72,4.75,4.77,4.68,217210.0,星期四,0.0043,0.0064
2024-01-03,4.67,4.7,4.72,4.66,132404.0,星期三,-0.0021,0.0064
2024-01-02,4.63,4.68,4.72,4.63,169987.0,星期二,-0.0043,0.0108
2023-12-29,4.63,4.65,4.66,4.61,126312.0,星期五,0.0022,0.0043
2023-12-28,4.52,4.62,4.62,4.51,151133.0,星期四,-0.0022,0.0221
2023-12-27,4.54,4.53,4.55,4.48,93908.0,星期三,0.0044,-0.0022
2023-12-26,4.53,4.52,4.55,4.5,92899.0,星期二,-0.0044,-0.0022
2023-12-25,4.6,4.55,4.6,4.52,117309.0,星期一,0.0022,-0.0109
2023-12-22,4.6,4.59,4.65,4.57,125930.0,星期五,0.0,-0.0022
2023-12-21,4.55,4.6,4.63,4.54,133039.0,星期四,-0.0066,0.011
2023-12-20,4.58,4.58,4.63,4.57,98481.0,星期三,-0.0043,0.0
2023-12-19,4.64,4.6,4.64,4.56,100347.0,星期二,0.0043,-0.0086
2023-12-18,4.65,4.62,4.71,4.6,142406.0,星期一,-0.0043,-0.0065
2023-12-15,4.68,4.67,4.71,4.66,113343.0,星期五,0.0,-0.0021
2023-12-14,4.66,4.68,4.73,4.66,129559.0,星期四,0.0043,0.0043
2023-12-13,4.68,4.64,4.72,4.64,114721.0,星期三,-0.0021,-0.0085
2023-12-12,4.62,4.69,4.69,4.61,127298.0,星期二,0.0,0.0152
2023-12-11,4.61,4.62,4.64,4.54,159973.0,星期一,0.0022,0.0022
2023-12-08,4.66,4.6,4.67,4.6,123844.0,星期五,0.0043,-0.0129
2023-12-07,4.67,4.64,4.68,4.64,102862.0,星期四,0.0,-0.0064
2023-12-06,4.66,4.67,4.69,4.63,121899.0,星期三,-0.0021,0.0021
2023-12-05,4.72,4.67,4.74,4.66,127205.0,星期二,-0.0063,-0.0106
2023-12-04,4.71,4.75,4.76,4.71,162031.0,星期一,-0.0021,0.0085
2023-12-01,4.64,4.72,4.73,4.63,184070.0,星期五,0.0,0.0172
2023-11-30,4.61,4.64,4.66,4.6,145022.0,星期四,-0.0065,0.0065
2023-11-29,4.71,4.64,4.71,4.64,159511.0,星期三,0.0,-0.0149
2023-11-28,4.71,4.71,4.72,4.67,105991.0,星期二,-0.0021,0.0
2023-11-27,4.73,4.72,4.74,4.66,206532.0,星期一,-0.0021,-0.0021
2023-11-24,4.77,4.74,4.79,4.72,145069.0,星期五,0.0021,-0.0063
2023-11-23,4.73,4.76,4.77,4.71,146738.0,星期四,0.0,0.0063
2023-11-22,4.76,4.73,4.8,4.73,150977.0,星期三,-0.0042,-0.0063
2023-11-21,4.76,4.78,4.84,4.76,213755.0,星期二,-0.0021,0.0042
2023-11-20,4.78,4.77,4.79,4.73,155512.0,星期一,0.0042,-0.0021
2023-11-17,4.78,4.76,4.79,4.72,221651.0,星期五,-0.0021,-0.0042
2023-11-16,4.83,4.79,4.83,4.78,154012.0,星期四,0.0021,-0.0083
2023-11-15,4.83,4.82,4.87,4.82,232033.0,星期三,0.0063,-0.0021
2023-11-14,4.78,4.8,4.84,4.78,160498.0,星期二,-0.0042,0.0042
2023-11-13,4.75,4.8,4.8,4.72,182190.0,星期一,0.0021,0.0105
2023-11-10,4.79,4.74,4.8,4.71,221020.0,星期五,0.0,-0.0104
2023-11-09,4.79,4.79,4.83,4.78,178106.0,星期四,-0.0021,0.0
2023-11-08,4.82,4.8,4.83,4.76,199279.0,星期三,0.0,-0.0041
2023-11-07,4.86,4.82,4.87,4.79,222300.0,星期二,0.0,-0.0082
2023-11-06,4.82,4.86,4.86,4.78,306113.0,星期一,0.0042,0.0083
2023-11-03,4.75,4.8,4.81,4.74,224976.0,星期五,0.0042,0.0105
2023-11-02,4.78,4.73,4.81,4.73,227254.0,星期四,0.0,-0.0105
2023-11-01,4.84,4.78,4.85,4.75,304854.0,星期三,0.0041,-0.0124
2023-10-31,4.79,4.82,4.84,4.79,286269.0,星期二,-0.0042,0.0063
2023-10-30,4.85,4.81,4.85,4.79,451958.0,星期一,-0.0061,-0.0082
2023-10-27,4.94,4.88,4.97,4.82,676856.0,星期五,-0.004,-0.0121
2023-10-26,5.0,4.96,5.0,4.88,957465.0,星期四,-0.006,-0.008
2023-10-25,5.01,5.03,5.03,4.93,759133.0,星期三,0.0963,0.004
2023-10-24,4.49,4.57,4.59,4.47,242899.0,星期二,0.009,0.0178
2023-10-23,4.56,4.45,4.57,4.43,203772.0,星期一,-0.0044,-0.0241
2023-10-20,4.59,4.58,4.66,4.56,158036.0,星期五,-0.0022,-0.0022
2023-10-19,4.61,4.6,4.66,4.58,148627.0,星期四,-0.0043,-0.0022
2023-10-18,4.71,4.63,4.72,4.62,151026.0,星期三,-0.0021,-0.017
2023-10-17,4.73,4.72,4.75,4.68,126451.0,星期二,0.0021,-0.0021
2023-10-16,4.76,4.72,4.77,4.7,156037.0,星期一,0.0021,-0.0084
2023-10-13,4.81,4.75,4.81,4.73,122043.0,星期五,-0.0062,-0.0125
2023-10-12,4.82,4.84,4.87,4.81,176308.0,星期四,0.0084,0.0041
2023-10-11,4.74,4.78,4.86,4.73,300966.0,星期三,0.0021,0.0084
2023-10-10,4.88,4.73,4.9,4.7,387823.0,星期二,0.0021,-0.0307
2023-10-09,4.91,4.87,4.91,4.83,216462.0,星期一,0.0,-0.0081
2023-09-28,4.9,4.91,4.93,4.87,178494.0,星期四,-0.0041,0.002
2023-09-27,4.87,4.92,4.94,4.86,166185.0,星期三,-0.002,0.0103
2023-09-26,4.89,4.88,4.93,4.88,149442.0,星期二,-0.002,-0.002
2023-09-25,4.96,4.9,4.98,4.89,204937.0,星期一,-0.002,-0.0121
2023-09-22,4.93,4.97,4.98,4.88,273946.0,星期五,0.0,0.0081
2023-09-21,4.97,4.93,4.99,4.91,240299.0,星期四,-0.002,-0.008
2023-09-20,5.05,4.98,5.06,4.97,285686.0,星期三,0.002,-0.0139
2023-09-19,5.05,5.04,5.1,5.03,294444.0,星期二,-0.0039,-0.002
2023-09-18,5.02,5.07,5.08,5.02,177015.0,星期一,-0.0079,0.01
2023-09-15,5.07,5.06,5.08,5.0,208114.0,星期五,0.004,-0.002
2023-09-14,5.07,5.05,5.07,5.01,157978.0,星期四,0.002,-0.0039
2023-09-13,5.06,5.06,5.11,5.03,165439.0,星期三,0.0,0.0
2023-09-12,5.05,5.06,5.1,5.05,154872.0,星期二,0.0,0.002
2023-09-11,4.99,5.05,5.06,4.96,254474.0,星期一,0.0,0.012
2023-09-08,5.02,4.99,5.05,4.97,198753.0,星期五,-0.004,-0.006
2023-09-07,5.08,5.04,5.11,5.03,207760.0,星期四,-0.0039,-0.0079
2023-09-06,5.13,5.1,5.14,5.05,221417.0,星期三,-0.0039,-0.0058
2023-09-05,5.22,5.15,5.22,5.12,243897.0,星期二,0.0,-0.0134
2023-09-04,5.12,5.22,5.25,5.12,303402.0,星期一,0.002,0.0195
2023-09-01,5.08,5.11,5.13,5.07,220038.0,星期五,0.004,0.0059
2023-08-31,5.19,5.06,5.22,5.04,357069.0,星期四,-0.0019,-0.025
2023-08-30,5.29,5.2,5.33,5.18,252082.0,星期三,-0.0038,-0.017
2023-08-29,5.23,5.31,5.33,5.21,314892.0,星期二,-0.0038,0.0153
2023-08-28,5.35,5.25,5.42,5.24,550408.0,星期一,0.049,-0.0187
2023-08-25,5.03,5.1,5.16,5.0,301433.0,星期五,-0.002,0.0139
2023-08-24,5.25,5.04,5.29,5.04,378050.0,星期四,0.0038,-0.04
2023-08-23,5.34,5.23,5.37,5.22,259866.0,星期三,-0.0037,-0.0206
2023-08-22,5.36,5.36,5.46,5.29,382287.0,星期二,-0.0056,0.0
2023-08-21,5.3,5.39,5.55,5.25,488998.0,星期一,0.0095,0.017
2023-08-18,5.36,5.25,5.4,5.24,228265.0,星期五,0.0,-0.0205
2023-08-17,5.36,5.36,5.37,5.29,176771.0,星期四,0.0,0.0
2023-08-16,5.34,5.36,5.42,5.28,175728.0,星期三,-0.0074,0.0037
2023-08-15,5.41,5.38,5.42,5.32,157398.0,星期二,0.0037,-0.0055
2023-08-14,5.32,5.39,5.43,5.28,214495.0,星期一,-0.013,0.0132
2023-08-11,5.5,5.39,5.54,5.38,203853.0,星期五,0.0,-0.02
2023-08-10,5.51,5.5,5.56,5.48,165167.0,星期四,-0.0036,-0.0018
2023-08-09,5.58,5.53,5.64,5.52,223063.0,星期三,0.009,-0.009
2023-08-08,5.6,5.53,5.63,5.5,204758.0,星期二,0.0054,-0.0125
2023-08-07,5.7,5.57,5.7,5.55,303091.0,星期一,-0.0018,-0.0228
2023-08-04,5.71,5.71,5.75,5.68,279144.0,星期五,0.0053,0.0
2023-08-03,5.66,5.68,5.72,5.62,222968.0,星期四,-0.007,0.0035
2023-08-02,5.73,5.7,5.81,5.65,330349.0,星期三,0.0053,-0.0052
2023-08-01,5.67,5.7,5.78,5.62,429841.0,星期二,0.0,0.0053
2023-07-31,5.54,5.67,5.71,5.53,531720.0,星期一,0.0054,0.0235
2023-07-28,5.46,5.51,5.52,5.39,275411.0,星期五,0.0,0.0092
2023-07-27,5.5,5.46,5.54,5.45,377520.0,星期四,-0.0108,-0.0073
2023-07-26,5.46,5.56,5.58,5.45,463753.0,星期三,-0.0036,0.0183
2023-07-25,5.37,5.48,5.5,5.36,509721.0,星期二,0.0019,0.0205
2023-07-24,5.33,5.36,5.4,5.23,441831.0,星期一,0.0152,0.0056
2023-07-21,5.23,5.25,5.29,5.19,177228.0,星期五,0.0,0.0038
2023-07-20,5.28,5.23,5.29,5.22,139300.0,星期四,0.0019,-0.0095
2023-07-19,5.23,5.27,5.28,5.2,166501.0,星期三,0.0019,0.0076
2023-07-18,5.22,5.22,5.25,5.18,133162.0,星期二,-0.0038,0.0
2023-07-17,5.29,5.24,5.3,5.18,214350.0,星期一,0.0,-0.0095
2023-07-14,5.3,5.29,5.33,5.27,146438.0,星期五,-0.0019,-0.0019
2023-07-13,5.27,5.31,5.35,5.27,158569.0,星期四,0.0,0.0076
2023-07-12,5.4,5.27,5.4,5.26,212605.0,星期三,0.0037,-0.0241
2023-07-11,5.42,5.38,5.43,5.33,174902.0,星期二,0.0018,-0.0074
2023-07-10,5.34,5.41,5.41,5.32,221799.0,星期一,0.0019,0.0131
2023-07-07,5.35,5.33,5.38,5.29,167703.0,星期五,-0.0037,-0.0037
2023-07-06,5.33,5.37,5.42,5.32,244553.0,星期四,-0.0019,0.0075
2023-07-05,5.33,5.34,5.42,5.32,213997.0,星期三,-0.0037,0.0019
2023-07-04,5.37,5.35,5.38,5.31,208849.0,星期二,0.0019,-0.0037
2023-07-03,5.28,5.36,5.38,5.26,243357.0,星期一,0.0,0.0152
2023-06-30,5.22,5.28,5.3,5.18,203946.0,星期五,-0.0038,0.0115
2023-06-29,5.24,5.24,5.27,5.2,148773.0,星期四,-0.0019,0.0
2023-06-28,5.31,5.25,5.31,5.19,174263.0,星期三,0.0019,-0.0113
2023-06-27,5.14,5.3,5.32,5.13,231162.0,星期二,0.0,0.0311
2023-06-26,5.21,5.14,5.22,5.09,234504.0,星期一,0.0019,-0.0134
2023-06-21,5.29,5.2,5.32,5.2,205184.0,星期三,-0.0019,-0.017
2023-06-20,5.39,5.3,5.41,5.3,247821.0,星期二,-0.0019,-0.0167
2023-06-19,5.47,5.4,5.49,5.37,280303.0,星期一,-0.037,-0.0128
2023-06-16,5.58,5.68,5.7,5.57,358700.0,星期五,0.0,0.0179
2023-06-15,5.56,5.58,5.61,5.52,215672.0,星期四,-0.0018,0.0036
2023-06-14,5.51,5.57,5.63,5.51,309124.0,星期三,-0.0054,0.0109
2023-06-13,5.7,5.54,5.72,5.5,439521.0,星期二,0.0035,-0.0281
2023-06-12,5.67,5.68,5.71,5.62,253755.0,星期一,-0.0053,0.0018
2023-06-09,5.74,5.7,5.76,5.68,205471.0,星期五,-0.0035,-0.007
2023-06-08,5.6,5.76,5.78,5.57,339576.0,星期四,-0.0018,0.0286
2023-06-07,5.59,5.61,5.67,5.59,184045.0,星期三,-0.0036,0.0036
2023-06-06,5.68,5.61,5.74,5.6,288225.0,星期二,-0.0018,-0.0123
2023-06-05,5.74,5.69,5.76,5.67,198107.0,星期一,0.0,-0.0087
2023-06-02,5.71,5.74,5.77,5.7,227222.0,星期五,-0.0035,0.0053
2023-06-01,5.69,5.73,5.77,5.64,252199.0,星期四,-0.0035,0.007
2023-05-31,5.71,5.71,5.8,5.69,247225.0,星期三,-0.007,0.0
2023-05-30,5.54,5.75,5.79,5.51,532596.0,星期二,-0.0036,0.0379
2023-05-29,5.71,5.56,5.74,5.55,425510.0,星期一,0.0018,-0.0263
2023-05-26,5.84,5.7,5.87,5.66,602836.0,星期五,0.0561,-0.024
2023-05-25,5.45,5.53,5.55,5.44,292673.0,星期四,-0.0037,0.0147
2023-05-24,5.52,5.47,5.54,5.44,270634.0,星期三,-0.0054,-0.0091
2023-05-23,5.65,5.55,5.67,5.54,273687.0,星期二,-0.0035,-0.0177
2023-05-22,5.66,5.67,5.71,5.61,338363.0,星期一,0.0035,0.0018
2023-05-19,5.73,5.64,5.73,5.6,285313.0,星期五,0.0,-0.0157
2023-05-18,5.76,5.73,5.77,5.7,282394.0,星期四,0.0035,-0.0052
2023-05-17,5.75,5.74,5.79,5.67,262061.0,星期三,-0.0035,-0.0017
2023-05-16,5.9,5.77,5.91,5.76,311300.0,星期二,-0.0017,-0.022
2023-05-15,6.03,5.91,6.05,5.77,457697.0,星期一,0.0067,-0.0199
2023-05-12,6.16,5.99,6.2,5.99,424728.0,星期五,-0.0048,-0.0276
2023-05-11,6.34,6.19,6.35,6.17,354802.0,星期四,0.0079,-0.0237
2023-05-10,6.48,6.29,6.5,6.23,643541.0,星期三,-0.0031,-0.0293
2023-05-09,6.53,6.5,6.72,6.46,1005396.0,星期二,0.0015,-0.0046
2023-05-08,6.55,6.52,6.64,6.44,934926.0,星期一,0.0139,-0.0046
2023-05-05,6.3,6.46,6.54,6.26,813414.0,星期五,0.0,0.0254
2023-05-04,6.29,6.3,6.34,6.1,565896.0,星期四,0.0,0.0016
2023-04-28,6.3,6.29,6.35,6.11,612690.0,星期五,0.0032,-0.0016
2023-04-27,6.2,6.28,6.41,6.19,358270.0,星期四,-0.0048,0.0129
2023-04-26,6.25,6.23,6.3,6.08,405021.0,星期三,-0.0095,-0.0032
2023-04-25,6.32,6.31,6.39,6.22,400646.0,星期二,0.0,-0.0016
2023-04-24,6.39,6.32,6.47,6.28,504568.0,星期一,0.0016,-0.011
2023-04-21,6.44,6.38,6.57,6.37,462611.0,星期五,0.0,-0.0093
2023-04-20,6.37,6.44,6.48,6.31,431923.0,星期四,0.0031,0.011
2023-04-19,6.43,6.35,6.5,6.31,462154.0,星期三,-0.0016,-0.0124
2023-04-18,6.48,6.44,6.56,6.37,486452.0,星期二,-0.0077,-0.0062
2023-04-17,6.43,6.53,6.71,6.35,923481.0,星期一,0.0016,0.0156
2023-04-14,6.28,6.42,6.48,6.22,707652.0,星期五,0.0016,0.0223
2023-04-13,6.29,6.27,6.36,6.2,445788.0,星期四,-0.0032,-0.0032
2023-04-12,6.19,6.31,6.42,6.16,595898.0,星期三,-0.0032,0.0194
2023-04-11,6.07,6.21,6.22,6.01,524937.0,星期二,-0.0082,0.0231
2023-04-10,6.14,6.12,6.25,6.1,386646.0,星期一,0.0016,-0.0033
2023-04-07,6.18,6.13,6.24,6.07,541767.0,星期五,-0.0064,-0.0081
2023-04-06,6.18,6.22,6.29,6.13,607147.0,星期四,0.0,0.0065
2023-04-04,6.09,6.18,6.29,6.02,807301.0,星期二,-0.0049,0.0148
2023-04-03,6.11,6.12,6.17,5.97,746168.0,星期一,0.0116,0.0016
2023-03-31,6.08,6.04,6.34,6.02,1530465.0,星期五,0.005,-0.0066
2023-03-30,5.8,6.05,6.05,5.71,1705166.0,星期四,0.0545,0.0431
2023-03-29,5.61,5.5,5.63,5.47,338260.0,星期三,0.0018,-0.0196
2023-03-28,5.67,5.6,5.7,5.56,302058.0,星期二,0.0018,-0.0123
2023-03-27,5.67,5.66,5.77,5.62,347466.0,星期一,0.0018,-0.0018
2023-03-24,5.8,5.66,5.81,5.61,565915.0,星期五,-0.0034,-0.0241
2023-03-23,5.77,5.82,5.84,5.68,472611.0,星期四,-0.0035,0.0087
2023-03-22,5.92,5.79,5.93,5.74,569280.0,星期三,0.0068,-0.022
2023-03-21,6.05,5.88,6.06,5.8,678650.0,星期二,0.0083,-0.0281
2023-03-20,6.13,6.0,6.3,5.98,773740.0,星期一,-0.0065,-0.0212
2023-03-17,6.09,6.17,6.27,6.09,760376.0,星期五,0.0016,0.0131
2023-03-16,6.17,6.08,6.18,6.04,672217.0,星期四,-0.0032,-0.0146
2023-03-15,5.81,6.19,6.28,5.75,1231776.0,星期三,0.0035,0.0654
2023-03-14,5.85,5.79,5.93,5.78,348241.0,星期二,-0.0051,-0.0103
2023-03-13,5.84,5.88,5.95,5.82,334370.0,星期一,0.0,0.0068
2023-03-10,5.9,5.84,5.9,5.8,369613.0,星期五,-0.0084,-0.0102
2023-03-09,6.03,5.95,6.05,5.81,505181.0,星期四,0.0084,-0.0133
2023-03-08,5.91,5.98,6.02,5.84,665514.0,星期三,-0.0117,0.0118
2023-03-07,5.85,5.98,6.13,5.82,1360001.0,星期二,-0.0017,0.0222
2023-03-06,6.11,5.86,6.11,5.73,1530173.0,星期一,-0.0016,-0.0409
2023-03-03,5.8,6.12,6.12,5.79,1538011.0,星期五,0.0052,0.0552
2023-03-02,5.51,5.77,5.81,5.49,1103842.0,星期四,-0.0018,0.0472
2023-03-01,5.42,5.52,5.54,5.41,331399.0,星期三,-0.0055,0.0185
2023-02-28,5.37,5.45,5.45,5.33,279987.0,星期二,-0.0074,0.0149
2023-02-27,5.43,5.41,5.47,5.39,192370.0,星期一,0.0,-0.0037
2023-02-24,5.48,5.43,5.49,5.39,230429.0,星期五,-0.0018,-0.0091
2023-02-23,5.47,5.49,5.57,5.45,376518.0,星期四,-0.0018,0.0037
2023-02-22,5.45,5.48,5.48,5.39,352009.0,星期三,0.0,0.0055
2023-02-21,5.36,5.45,5.49,5.34,597097.0,星期二,0.0075,0.0168
2023-02-20,5.19,5.32,5.34,5.17,331102.0,星期一,0.0,0.025
2023-02-17,5.21,5.19,5.26,5.18,217574.0,星期五,0.0019,-0.0038
2023-02-16,5.3,5.2,5.35,5.15,335541.0,星期四,0.0019,-0.0189
2023-02-15,5.35,5.29,5.37,5.27,324031.0,星期三,0.0,-0.0112
2023-02-14,5.45,5.35,5.52,5.33,413996.0,星期二,0.013,-0.0183
2023-02-13,5.29,5.38,5.39,5.28,397907.0,星期一,0.0,0.017
2023-02-10,5.25,5.29,5.31,5.23,259859.0,星期五,0.0,0.0076
2023-02-09,5.2,5.25,5.27,5.18,234877.0,星期四,-0.0019,0.0096
2023-02-08,5.27,5.21,5.29,5.2,265548.0,星期三,-0.0057,-0.0114
2023-02-07,5.28,5.3,5.31,5.23,310350.0,星期二,-0.0019,0.0038
2023-02-06,5.17,5.29,5.32,5.15,612970.0,星期一,0.0,0.0232
2023-02-03,5.18,5.17,5.19,5.09,292499.0,星期五,-0.0038,-0.0019
2023-02-02,5.18,5.2,5.24,5.16,323345.0,星期四,-0.0019,0.0039
2023-02-01,5.12,5.19,5.2,5.1,342098.0,星期三,0.0039,0.0137
2023-01-31,5.05,5.1,5.11,5.02,227013.0,星期二,-0.002,0.0099
2023-01-30,5.14,5.06,5.18,5.04,330771.0,星期一,0.0178,-0.0156
2023-01-20,4.92,5.05,5.07,4.91,411933.0,星期五,0.002,0.0264
2023-01-19,4.88,4.91,4.92,4.87,173817.0,星期四,-0.002,0.0061
2023-01-18,4.86,4.89,4.9,4.85,155819.0,星期三,0.0021,0.0062
2023-01-17,4.86,4.85,4.88,4.83,132708.0,星期二,-0.0041,-0.0021
2023-01-16,4.83,4.88,4.89,4.81,201893.0,星期一,-0.0021,0.0104
2023-01-13,4.81,4.84,4.85,4.8,168690.0,星期五,0.0063,0.0062
2023-01-12,4.82,4.78,4.82,4.76,144685.0,星期四,0.0042,-0.0083
2023-01-11,4.84,4.8,4.88,4.8,184553.0,星期三,0.0041,-0.0083
2023-01-10,4.89,4.82,4.9,4.81,206874.0,星期二,-0.002,-0.0143
2023-01-09,4.92,4.9,4.95,4.88,229377.0,星期一,0.0,-0.0041
2023-01-06,4.95,4.92,5.0,4.92,238069.0,星期五,0.0,-0.0061
2023-01-05,4.99,4.95,5.0,4.9,258691.0,星期四,0.0081,-0.008
2023-01-04,4.9,4.95,4.99,4.88,245260.0,星期三,-0.002,0.0102
2023-01-03,4.8,4.91,4.92,4.78,228193.0,星期二,0.0,0.0229
2022-12-30,4.79,4.8,4.82,4.76,148380.0,星期五,0.0042,0.0021
2022-12-29,4.89,4.77,4.9,4.76,273567.0,星期四,-0.002,-0.0245
2022-12-28,4.92,4.9,5.02,4.8,348247.0,星期三,-0.0081,-0.0041
2022-12-27,4.82,4.96,5.11,4.81,544115.0,星期二,0.0063,0.029
2022-12-26,4.76,4.79,4.81,4.74,153479.0,星期一,0.0042,0.0063
2022-12-23,4.73,4.74,4.8,4.7,150152.0,星期五,-0.0063,0.0021
2022-12-22,4.91,4.76,4.91,4.72,228475.0,星期四,0.0061,-0.0305
2022-12-21,4.92,4.88,4.92,4.83,188674.0,星期三,0.0061,-0.0081
2022-12-20,4.91,4.89,4.95,4.86,208533.0,星期二,0.002,-0.0041
2022-12-19,5.12,4.9,5.13,4.87,426235.0,星期一,0.002,-0.043
2022-12-16,5.08,5.11,5.16,5.05,333866.0,星期五,0.002,0.0059
2022-12-15,5.09,5.07,5.13,5.05,225493.0,星期四,0.0039,-0.0039
2022-12-14,5.1,5.07,5.13,5.06,251341.0,星期三,-0.0058,-0.0059
2022-12-13,5.12,5.13,5.17,5.1,247047.0,星期二,-0.0019,0.002
2022-12-12,5.27,5.13,5.27,5.12,401061.0,星期一,0.0,-0.0266
2022-12-09,5.33,5.27,5.36,5.25,337238.0,星期五,0.0019,-0.0113
2022-12-08,5.31,5.32,5.38,5.27,358476.0,星期四,-0.0019,0.0019
2022-12-07,5.36,5.32,5.38,5.27,439231.0,星期三,-0.0056,-0.0075
2022-12-06,5.56,5.39,5.59,5.35,776884.0,星期二,-0.0071,-0.0306
2022-12-05,5.48,5.6,5.65,5.43,778440.0,星期一,0.0074,0.0219
2022-12-02,5.46,5.44,5.48,5.36,389306.0,星期五,0.0018,-0.0037
2022-12-01,5.5,5.45,5.57,5.42,602443.0,星期四,-0.0018,-0.0091
2022-11-30,5.56,5.51,5.67,5.48,952395.0,星期三,-0.0036,-0.009
2022-11-29,5.36,5.58,5.63,5.33,1577952.0,星期二,0.019,0.041
2022-11-28,5.26,5.26,5.32,5.15,481869.0,星期一,-0.0113,0.0
2022-11-25,5.26,5.32,5.39,5.25,651457.0,星期五,-0.0057,0.0114
2022-11-24,5.32,5.29,5.4,5.24,666127.0,星期四,0.0057,-0.0056
2022-11-23,5.2,5.29,5.44,5.17,992661.0,星期三,-0.0038,0.0173
2022-11-22,5.14,5.22,5.37,5.08,717101.0,星期二,0.0118,0.0156
2022-11-21,5.07,5.08,5.1,5.02,169033.0,星期一,-0.0039,0.002
2022-11-18,5.15,5.09,5.17,5.09,254515.0,星期五,-0.0019,-0.0117
2022-11-17,5.13,5.16,5.23,5.11,252308.0,星期四,-0.0019,0.0058
2022-11-16,5.2,5.14,5.23,5.13,266262.0,星期三,-0.0019,-0.0115
2022-11-15,5.18,5.21,5.23,5.15,368453.0,星期二,-0.0038,0.0058
2022-11-14,5.33,5.2,5.41,5.14,495953.0,星期一,0.0114,-0.0244
2022-11-11,5.23,5.27,5.32,5.16,559653.0,星期五,0.0195,0.0076
2022-11-10,5.1,5.13,5.18,5.06,300899.0,星期四,-0.0078,0.0059
2022-11-09,5.19,5.14,5.24,5.13,406586.0,星期三,0.0137,-0.0096
2022-11-08,5.04,5.12,5.2,5.02,504704.0,星期二,-0.002,0.0159
2022-11-07,5.02,5.05,5.09,5.01,367414.0,星期一,0.0101,0.006
2022-11-04,4.91,4.97,4.99,4.91,433839.0,星期五,-0.0081,0.0122
2022-11-03,4.76,4.95,5.02,4.74,710123.0,星期四,-0.0083,0.0399
2022-11-02,4.75,4.8,4.84,4.73,286018.0,星期三,0.0,0.0105
2022-11-01,4.6,4.75,4.76,4.6,329206.0,星期二,-0.0022,0.0326
2022-10-31,4.64,4.61,4.7,4.58,290958.0,星期一,-0.0064,-0.0065
2022-10-28,4.89,4.67,4.89,4.66,410329.0,星期五,-0.0081,-0.045
2022-10-27,5.0,4.93,5.0,4.92,261039.0,星期四,0.006,-0.014
2022-10-26,4.98,4.97,5.05,4.94,348273.0,星期三,0.0,-0.002
2022-10-25,4.93,4.98,5.0,4.86,314650.0,星期二,0.002,0.0101
2022-10-24,5.16,4.92,5.17,4.91,511078.0,星期一,0.0058,-0.0465
2022-10-21,5.12,5.13,5.27,5.1,604300.0,星期五,0.0119,0.002
2022-10-20,5.06,5.06,5.16,4.98,359781.0,星期四,-0.0059,0.0
2022-10-19,5.11,5.09,5.18,5.09,394940.0,星期三,0.0,-0.0039
2022-10-18,5.18,5.11,5.19,5.09,286402.0,星期二,0.0058,-0.0135
2022-10-17,5.06,5.15,5.17,5.02,373724.0,星期一,-0.0098,0.0178
2022-10-14,5.09,5.11,5.16,5.08,360737.0,星期五,0.0079,0.0039
2022-10-13,5.06,5.05,5.1,5.01,331020.0,星期四,-0.0078,-0.002
2022-10-12,5.01,5.1,5.1,4.93,329337.0,星期三,0.004,0.018
2022-10-11,4.96,4.99,5.03,4.85,251266.0,星期二,0.0,0.006
2022-10-10,4.99,4.96,5.09,4.93,303177.0,星期一,0.004,-0.006
2022-09-30,4.96,4.97,5.06,4.93,288666.0,星期五,-0.006,0.002
2022-09-29,5.05,4.99,5.17,4.96,407265.0,星期四,0.012,-0.0119
2022-09-28,5.14,4.99,5.17,4.99,344542.0,星期三,-0.0058,-0.0292
2022-09-27,5.13,5.17,5.24,5.08,356770.0,星期二,0.0138,0.0078
2022-09-26,5.14,5.06,5.23,5.05,349317.0,星期一,-0.0191,-0.0156
2022-09-23,5.25,5.24,5.36,5.21,356849.0,星期五,-0.0019,-0.0019
2022-09-22,5.3,5.26,5.42,5.26,302709.0,星期四,-0.0075,-0.0075
2022-09-21,5.21,5.34,5.37,5.13,383936.0,星期三,-0.0057,0.025
2022-09-20,5.31,5.24,5.37,5.22,362207.0,星期二,0.0172,-0.0132
2022-09-19,5.32,5.22,5.35,5.19,523410.0,星期一,-0.0239,-0.0188
2022-09-16,5.67,5.45,5.67,5.45,572625.0,星期五,-0.0105,-0.0388
2022-09-15,5.91,5.73,5.95,5.56,832668.0,星期四,0.0034,-0.0305
2022-09-14,5.82,5.89,5.99,5.78,566927.0,星期三,-0.0136,0.012
2022-09-13,6.0,5.9,6.0,5.86,778526.0,星期二,-0.005,-0.0167
2022-09-09,5.79,6.03,6.1,5.79,1422572.0,星期五,0.0017,0.0415
2022-09-08,5.87,5.78,5.9,5.75,504647.0,星期四,0.0,-0.0153
2022-09-07,5.87,5.87,5.95,5.81,528867.0,星期三,-0.0051,0.0
2022-09-06,5.86,5.9,5.95,5.83,571635.0,星期二,-0.0068,0.0068
2022-09-05,5.78,5.9,5.93,5.76,652822.0,星期一,-0.0052,0.0208
2022-09-02,5.84,5.81,5.89,5.73,602822.0,星期五,-0.0085,-0.0051
2022-09-01,5.71,5.89,6.05,5.69,1146935.0,星期四,0.0035,0.0315
2022-08-31,5.63,5.69,5.76,5.53,740853.0,星期三,-0.0018,0.0107
2022-08-30,5.61,5.64,5.67,5.57,359805.0,星期二,0.0018,0.0053
2022-08-29,5.49,5.6,5.62,5.4,415120.0,星期一,-0.0144,0.02
2022-08-26,5.65,5.57,5.67,5.53,439765.0,星期五,-0.0053,-0.0142
2022-08-25,5.57,5.68,5.77,5.54,615334.0,星期四,0.0109,0.0197
2022-08-24,5.72,5.51,5.82,5.49,512605.0,星期三,0.0018,-0.0367
2022-08-23,5.76,5.71,5.76,5.66,282036.0,星期二,0.0,-0.0087
2022-08-22,5.67,5.76,5.78,5.61,410207.0,星期一,0.0,0.0159
2022-08-19,5.7,5.67,5.78,5.65,391024.0,星期五,0.0035,-0.0053
2022-08-18,5.84,5.68,5.84,5.66,508398.0,星期四,-0.0017,-0.0274
2022-08-17,5.86,5.85,5.92,5.84,417194.0,星期三,0.0017,-0.0017
2022-08-16,5.83,5.85,5.94,5.82,418102.0,星期二,0.0017,0.0034
2022-08-15,5.84,5.82,5.9,5.77,351059.0,星期一,-0.0034,-0.0034
2022-08-12,5.85,5.86,5.93,5.79,531321.0,星期五,-0.0102,0.0017
2022-08-11,5.72,5.91,6.08,5.72,946140.0,星期四,0.0088,0.0332
2022-08-10,5.71,5.67,5.75,5.63,364615.0,星期三,-0.0087,-0.007
2022-08-09,5.75,5.76,5.87,5.66,529939.0,星期二,0.0017,0.0017
2022-08-08,5.71,5.74,5.87,5.7,500046.0,星期一,0.0035,0.0053
2022-08-05,5.69,5.69,5.71,5.58,432231.0,星期五,-0.0018,0.0
2022-08-04,5.6,5.7,5.73,5.57,615224.0,星期四,0.0163,0.0179
2022-08-03,5.65,5.51,5.76,5.45,604538.0,星期三,-0.0018,-0.0248
2022-08-02,6.01,5.66,6.01,5.53,880106.0,星期二,-0.0099,-0.0582
2022-08-01,6.08,6.07,6.13,5.98,457301.0,星期一,-0.0016,-0.0016
2022-07-29,6.27,6.09,6.27,6.07,686809.0,星期五,0.0,-0.0287
2022-07-28,6.28,6.27,6.33,6.25,431988.0,星期四,0.0032,-0.0016
2022-07-27,6.35,6.26,6.4,6.25,572472.0,星期三,-0.0109,-0.0142
2022-07-26,6.34,6.42,6.45,6.26,545179.0,星期二,0.0048,0.0126
2022-07-25,6.38,6.31,6.47,6.28,496912.0,星期一,0.0,-0.011
2022-07-22,6.54,6.38,6.64,6.31,814231.0,星期五,-0.0015,-0.0245
2022-07-21,6.75,6.55,6.8,6.5,1199402.0,星期四,-0.0132,-0.0296
2022-07-20,6.82,6.84,6.89,6.74,780732.0,星期三,0.0015,0.0029
2022-07-19,6.79,6.81,6.9,6.7,792639.0,星期二,0.0015,0.0029
2022-07-18,6.71,6.78,6.88,6.68,881953.0,星期一,-0.0015,0.0104
2022-07-15,7.04,6.72,7.08,6.72,1441988.0,星期五,-0.0071,-0.0455
2022-07-14,7.3,7.09,7.41,7.08,1669005.0,星期四,-0.0122,-0.0288
2022-07-13,7.6,7.39,7.99,7.38,2707984.0,星期三,0.0106,-0.0276
2022-07-12,7.19,7.52,7.85,7.13,2597666.0,星期二,0.0042,0.0459
2022-07-11,7.0,7.16,7.37,6.89,1226917.0,星期一,-0.0127,0.0229
2022-07-08,7.05,7.09,7.32,7.01,1189055.0,星期五,0.0014,0.0057
2022-07-07,7.12,7.04,7.18,7.02,744891.0,星期四,0.0142,-0.0112
2022-07-06,7.16,7.02,7.21,6.96,1048756.0,星期三,-0.0151,-0.0196
2022-07-05,7.04,7.27,7.45,6.93,1622401.0,星期二,0.0,0.0327
2022-07-04,7.1,7.04,7.15,6.91,1207251.0,星期一,-0.0166,-0.0085
2022-07-01,7.21,7.22,7.45,7.1,1644967.0,星期五,0.0014,0.0014
2022-06-30,7.29,7.2,7.35,7.03,2222297.0,星期四,-0.0228,-0.0123
2022-06-29,6.73,7.46,7.46,6.72,3291468.0,星期三,-0.0074,0.1085
2022-06-28,6.63,6.78,6.88,6.55,1159608.0,星期二,-0.006,0.0226
2022-06-27,6.7,6.67,6.89,6.62,1086007.0,星期一,0.0213,-0.0045
2022-06-24,6.63,6.56,6.69,6.52,895509.0,星期五,-0.009,-0.0106
2022-06-23,6.61,6.69,6.7,6.46,894791.0,星期四,-0.012,0.0121
2022-06-22,6.95,6.69,6.95,6.65,1132807.0,星期三,-0.0057,-0.0374
2022-06-21,6.86,6.99,7.16,6.76,1549028.0,星期二,-0.0015,0.019
2022-06-20,6.71,6.87,6.94,6.66,1377028.0,星期一,0.006,0.0238
2022-06-17,6.65,6.67,6.72,6.42,1347789.0,星期五,-0.0119,0.003
2022-06-16,6.84,6.73,6.88,6.68,1067870.0,星期四,-0.0073,-0.0161
2022-06-15,6.75,6.89,7.2,6.63,1769637.0,星期三,-0.0132,0.0207
2022-06-14,6.86,6.84,7.07,6.8,1352782.0,星期二,0.0088,-0.0029
2022-06-13,7.09,6.8,7.18,6.76,1671869.0,星期一,-0.0125,-0.0409
2022-06-10,7.18,7.18,7.29,7.08,1383197.0,星期五,-0.0191,0.0
2022-06-09,7.03,7.32,7.5,7.01,1836432.0,星期四,-0.0126,0.0413
2022-06-08,7.12,7.12,7.37,7.02,1384929.0,星期三,-0.0084,0.0
2022-06-07,7.53,7.18,7.57,7.08,1938958.0,星期二,0.0,-0.0465
2022-06-06,7.31,7.53,7.6,7.24,1794049.0,星期一,-0.0253,0.0301
2022-06-02,7.56,7.5,7.59,7.19,1974820.0,星期四,0.0053,-0.0079
2022-06-01,7.53,7.52,7.87,7.35,2465645.0,星期三,0.0,-0.0013
2022-05-31,8.14,7.53,8.2,7.46,3143227.0,星期二,0.0012,-0.0749
2022-05-30,8.08,8.13,8.66,7.88,4102551.0,星期一,0.0164,0.0062
2022-05-27,7.43,7.95,7.95,7.25,3694646.0,星期五,0.0277,0.07
2022-05-26,7.4,7.23,7.94,7.23,3563531.0,星期四,0.0041,-0.023
2022-05-25,6.67,7.37,7.37,6.67,3140365.0,星期三,-0.0045,0.1049
2022-05-24,7.1,6.7,7.24,6.65,1884972.0,星期二,0.0231,-0.0563
2022-05-23,6.78,6.94,7.07,6.75,1679876.0,星期一,-0.0117,0.0236
2022-05-20,6.83,6.86,7.06,6.77,1928421.0,星期五,-0.0257,0.0044
2022-05-19,6.49,7.01,7.14,6.48,2708016.0,星期四,-0.0182,0.0801
2022-05-18,6.69,6.61,6.82,6.58,1886113.0,星期三,0.003,-0.012
2022-05-17,7.1,6.67,7.16,6.55,2733789.0,星期二,-0.047,-0.0606
2022-05-16,7.68,7.45,7.84,7.24,2930566.0,星期一,0.0199,-0.0299
2022-05-13,8.1,7.53,8.29,7.52,4628935.0,星期五,-0.0311,-0.0704
2022-05-12,8.0,8.36,8.36,7.71,5532777.0,星期四,0.0526,0.045
2022-05-11,7.6,7.6,7.6,7.41,1479982.0,星期三,0.0999,0.0
2022-05-10,6.09,6.91,6.91,6.04,1482741.0,星期二,-0.0303,0.1346
2022-05-09,6.12,6.28,6.49,6.0,2448562.0,星期一,0.02,0.0261
2022-05-06,5.98,6.0,6.26,5.9,1966877.0,星期五,-0.0493,0.0033
2022-05-05,6.25,6.29,6.57,6.16,2632576.0,星期四,-0.0048,0.0064
2022-04-29,6.2,6.28,6.72,6.06,3294875.0,星期五,-0.0313,0.0129
2022-04-28,5.59,6.4,6.4,5.52,3135607.0,星期四,-0.0395,0.1449
2022-04-27,5.66,5.82,5.99,5.39,3240564.0,星期三,0.0291,0.0283
2022-04-26,5.39,5.5,5.67,5.2,2882445.0,星期二,0.0189,0.0204
2022-04-25,5.05,5.29,5.74,5.01,2548780.0,星期一,-0.0326,0.0475
2022-04-22,4.93,5.22,5.36,4.86,1789320.0,星期五,-0.0179,0.0588
2022-04-21,5.12,5.02,5.17,4.92,1407210.0,星期四,-0.0135,-0.0195
2022-04-20,5.55,5.19,5.62,5.13,2032318.0,星期三,-0.0125,-0.0649
2022-04-19,5.68,5.62,5.73,5.47,2458406.0,星期二,-0.0357,-0.0106
2022-04-18,5.45,5.89,6.0,5.35,3331492.0,星期一,0.0,0.0807
2022-04-15,6.15,5.45,6.2,5.45,2942567.0,星期五,0.0165,-0.1138
2022-04-14,5.5,6.05,6.29,5.5,3602513.0,星期四,-0.0385,0.1
2022-04-13,6.0,5.72,6.54,5.72,4104134.0,星期三,-0.0323,-0.0467
2022-04-12,6.7,6.2,6.84,6.1,4072252.0,星期二,0.0772,-0.0746
2022-04-11,6.22,6.22,6.22,6.06,1537872.0,星期一,0.1009,0.0
2022-04-08,5.45,5.65,5.65,5.41,2248251.0,星期五,0.0603,0.0367
2022-04-07,5.25,5.14,5.34,5.1,1033850.0,星期四,0.0096,-0.021
2022-04-06,4.92,5.2,5.2,4.9,995017.0,星期三,-0.012,0.0569
2022-04-01,5.04,4.98,5.14,4.93,914417.0,星期五,-0.0098,-0.0119
2022-03-31,5.1,5.09,5.25,5.01,1452632.0,星期四,0.0366,-0.002
2022-03-30,4.76,4.92,4.95,4.75,666477.0,星期三,0.0021,0.0336
2022-03-29,4.88,4.75,4.91,4.73,555657.0,星期二,-0.0101,-0.0266
2022-03-28,4.64,4.93,5.04,4.62,965768.0,星期一,-0.0107,0.0625
2022-03-25,4.54,4.69,4.76,4.5,715009.0,星期五,-0.0087,0.033
2022-03-24,4.68,4.58,4.73,4.57,396329.0,星期四,-0.0064,-0.0214
2022-03-23,4.75,4.71,4.83,4.6,563791.0,星期三,0.0,-0.0084
2022-03-22,4.81,4.75,4.85,4.72,490695.0,星期二,0.0021,-0.0125
2022-03-21,4.78,4.8,4.88,4.77,696419.0,星期一,0.0021,0.0042
2022-03-18,4.52,4.77,4.8,4.5,820503.0,星期五,-0.0109,0.0553
2022-03-17,4.55,4.57,4.75,4.52,623876.0,星期四,0.0044,0.0044
2022-03-16,4.52,4.53,4.59,4.3,696227.0,星期三,0.0135,0.0022
2022-03-15,4.56,4.46,4.74,4.39,755653.0,星期二,-0.0108,-0.0219
2022-03-14,4.7,4.61,4.92,4.61,656744.0,星期一,-0.0208,-0.0191
2022-03-11,4.82,4.8,4.88,4.62,741489.0,星期五,-0.0223,-0.0041
2022-03-10,4.7,4.93,5.03,4.61,1128270.0,星期四,0.0129,0.0489
2022-03-09,4.47,4.64,4.68,4.36,720247.0,星期三,0.0,0.038
2022-03-08,4.56,4.47,4.6,4.42,448781.0,星期二,-0.0044,-0.0197
2022-03-07,4.51,4.58,4.68,4.49,571658.0,星期一,0.0,0.0155
2022-03-04,4.56,4.51,4.57,4.48,382530.0,星期五,-0.0087,-0.011
2022-03-03,4.55,4.6,4.63,4.55,425634.0,星期四,0.0,0.011
2022-03-02,4.55,4.55,4.62,4.51,420836.0,星期三,-0.0044,0.0
2022-03-01,4.5,4.57,4.59,4.46,474925.0,星期二,0.0,0.0156
2022-02-28,4.45,4.5,4.5,4.33,578295.0,星期一,-0.0111,0.0112
2022-02-25,4.8,4.5,4.87,4.47,1091045.0,星期五,0.0084,-0.0625
2022-02-24,4.93,4.76,5.04,4.59,1028596.0,星期四,-0.012,-0.0345
2022-02-23,5.17,4.99,5.2,4.9,1069123.0,星期三,0.0098,-0.0348
2022-02-22,5.25,5.12,5.33,5.02,1321487.0,星期二,-0.0187,-0.0248
2022-02-21,5.1,5.35,5.39,4.95,2103222.0,星期一,-0.0135,0.049
2022-02-18,4.81,5.17,5.34,4.8,2457833.0,星期五,-0.0082,0.0748
2022-02-17,5.03,4.85,5.09,4.85,704646.0,星期四,0.008,-0.0358
2022-02-16,4.91,4.99,5.06,4.9,611525.0,星期三,0.0041,0.0163
2022-02-15,4.84,4.89,4.98,4.73,521087.0,星期二,-0.0021,0.0103
2022-02-14,4.83,4.85,4.94,4.81,548738.0,星期一,-0.0163,0.0041
2022-02-11,4.95,4.91,5.02,4.86,565885.0,星期五,-0.0179,-0.0081
2022-02-10,5.11,5.04,5.17,4.87,1081982.0,星期四,0.0099,-0.0137
2022-02-09,5.11,5.06,5.12,5.0,860257.0,星期三,-0.0154,-0.0098
2022-02-08,4.9,5.19,5.23,4.82,1066382.0,星期二,-0.0141,0.0592
2022-02-07,4.65,4.97,5.02,4.61,928234.0,星期一,0.0175,0.0688
2022-01-28,4.7,4.57,4.75,4.44,482135.0,星期五,0.0108,-0.0277
2022-01-27,4.52,4.65,4.75,4.46,576531.0,星期四,-0.0088,0.0288
2022-01-26,4.44,4.56,4.56,4.39,315170.0,星期三,0.0068,0.027
2022-01-25,4.6,4.41,4.65,4.41,476912.0,星期二,-0.0086,-0.0413
2022-01-24,4.55,4.64,4.72,4.55,321615.0,星期一,-0.0109,0.0198
2022-01-21,4.65,4.6,4.71,4.54,352960.0,星期五,-0.0043,-0.0108
2022-01-20,4.74,4.67,4.78,4.65,667542.0,星期四,-0.0287,-0.0148
2022-01-19,4.54,4.88,4.99,4.53,1302175.0,星期三,0.0,0.0749
2022-01-18,4.41,4.54,4.6,4.35,372512.0,星期二,0.0068,0.0295
2022-01-17,4.43,4.38,4.54,4.33,275178.0,星期一,-0.0023,-0.0113
2022-01-14,4.57,4.44,4.57,4.43,342089.0,星期五,0.0066,-0.0284
2022-01-13,4.57,4.54,4.66,4.52,312205.0,星期四,0.0,-0.0066
2022-01-12,4.61,4.57,4.63,4.48,377635.0,星期三,0.0066,-0.0087
2022-01-11,4.51,4.58,4.72,4.51,663747.0,星期二,-0.0131,0.0155
2022-01-10,4.35,4.57,4.66,4.33,553018.0,星期一,0.0023,0.0506
2022-01-07,4.31,4.34,4.5,4.3,382602.0,星期五,0.0,0.007
2022-01-06,4.18,4.31,4.32,4.18,275640.0,星期四,-0.0024,0.0311
2022-01-05,4.22,4.19,4.24,4.18,132347.0,星期三,0.0,-0.0071
2022-01-04,4.16,4.22,4.25,4.14,201015.0,星期二,0.0024,0.0144
2021-12-31,4.12,4.15,4.19,4.11,107754.0,星期五,0.0,0.0073
2021-12-30,4.11,4.12,4.15,4.1,94147.0,星期四,-0.0024,0.0024
2021-12-29,4.1,4.12,4.2,4.1,136841.0,星期三,0.0,0.0049
2021-12-28,4.15,4.1,4.15,4.05,155820.0,星期二,0.0048,-0.012
2021-12-27,4.13,4.13,4.18,4.11,105335.0,星期一,0.0049,0.0
2021-12-24,4.2,4.11,4.21,4.1,128351.0,星期五,0.0024,-0.0214
2021-12-23,4.21,4.19,4.23,4.17,113181.0,星期四,-0.0047,-0.0048
2021-12-22,4.26,4.23,4.3,4.18,156217.0,星期三,0.0024,-0.007
2021-12-21,4.14,4.25,4.27,4.12,270192.0,星期二,-0.0048,0.0266
2021-12-20,4.17,4.16,4.21,4.12,230827.0,星期一,0.0024,-0.0024
2021-12-17,4.16,4.16,4.22,4.13,211652.0,星期五,0.0024,0.0
2021-12-16,4.12,4.15,4.16,4.09,200662.0,星期四,-0.0024,0.0073
2021-12-15,3.97,4.13,4.25,3.97,503638.0,星期三,-0.0025,0.0403
2021-12-14,3.99,3.98,4.0,3.95,143451.0,星期二,-0.005,-0.0025
2021-12-13,4.04,4.01,4.1,4.0,174134.0,星期一,0.005,-0.0074
2021-12-10,4.02,4.02,4.06,3.98,188065.0,星期五,0.0,0.0
2021-12-09,4.01,4.02,4.1,3.95,291193.0,星期四,0.005,0.0025
2021-12-08,4.0,3.99,4.03,3.95,192840.0,星期三,0.0,-0.0025
2021-12-07,3.96,4.0,4.02,3.95,286440.0,星期二,0.0102,0.0101
2021-12-06,3.99,3.92,4.01,3.92,189830.0,星期一,0.005,-0.0175
2021-12-03,3.84,3.97,4.01,3.83,294530.0,星期五,-0.0026,0.0339
2021-12-02,3.82,3.85,3.87,3.81,157338.0,星期四,0.0,0.0079
2021-12-01,3.76,3.82,3.84,3.76,173732.0,星期三,-0.0053,0.016
2021-11-30,3.75,3.78,3.82,3.74,164309.0,星期二,0.0054,0.008
2021-11-29,3.7,3.73,3.75,3.68,164921.0,星期一,-0.0133,0.0081
2021-11-26,3.76,3.75,3.77,3.73,96499.0,星期五,-0.0027,-0.0027
2021-11-25,3.79,3.77,3.8,3.73,101902.0,星期四,0.0053,-0.0053
2021-11-24,3.78,3.77,3.81,3.76,91360.0,星期三,-0.0026,-0.0026
2021-11-23,3.81,3.79,3.82,3.78,107043.0,星期二,0.0026,-0.0052
2021-11-22,3.76,3.8,3.82,3.74,132084.0,星期一,0.0,0.0106
2021-11-19,3.72,3.76,3.76,3.69,106045.0,星期五,0.0,0.0108
2021-11-18,3.76,3.72,3.78,3.72,98121.0,星期四,-0.0027,-0.0106
2021-11-17,3.77,3.77,3.79,3.76,77055.0,星期三,0.0,0.0
2021-11-16,3.8,3.77,3.82,3.75,102759.0,星期二,0.0053,-0.0079
2021-11-15,3.77,3.78,3.8,3.75,84301.0,星期一,0.0,0.0027
2021-11-12,3.79,3.77,3.8,3.73,126766.0,星期五,-0.0052,-0.0053
2021-11-11,3.74,3.81,3.83,3.72,166154.0,星期四,-0.0027,0.0187
2021-11-10,3.71,3.75,3.76,3.66,121643.0,星期三,0.0054,0.0108
2021-11-09,3.7,3.69,3.74,3.69,79046.0,星期二,0.0027,-0.0027
2021-11-08,3.73,3.69,3.74,3.67,122712.0,星期一,-0.0027,-0.0107
2021-11-05,3.81,3.74,3.82,3.74,82601.0,星期五,0.0026,-0.0184
2021-11-04,3.79,3.8,3.81,3.76,88642.0,星期四,0.0026,0.0026
2021-11-03,3.77,3.78,3.81,3.75,112647.0,星期三,-0.0026,0.0027
2021-11-02,3.87,3.78,3.88,3.75,175437.0,星期二,-0.0051,-0.0233
2021-11-01,3.88,3.89,3.94,3.77,310485.0,星期一,0.0026,0.0026
2021-10-29,3.61,3.87,3.9,3.6,531263.0,星期五,0.0,0.072
2021-10-28,3.61,3.61,3.65,3.57,239154.0,星期四,0.0256,0.0
2021-10-27,3.56,3.52,3.57,3.49,100867.0,星期三,-0.0028,-0.0112
2021-10-26,3.59,3.57,3.62,3.56,93604.0,星期二,-0.0055,-0.0056
2021-10-25,3.57,3.61,3.62,3.52,117099.0,星期一,-0.0028,0.0112
2021-10-22,3.68,3.58,3.71,3.57,249001.0,星期五,0.0,-0.0272
2021-10-21,3.69,3.68,3.74,3.67,126101.0,星期四,-0.0054,-0.0027
2021-10-20,3.71,3.71,3.72,3.66,132437.0,星期三,0.0,0.0
2021-10-19,3.73,3.71,3.74,3.7,138371.0,星期二,0.0,-0.0054
2021-10-18,3.69,3.73,3.74,3.69,109802.0,星期一,0.0,0.0108
2021-10-15,3.76,3.69,3.77,3.68,198442.0,星期五,-0.0027,-0.0186
2021-10-14,3.79,3.77,3.79,3.73,96666.0,星期四,0.0026,-0.0053
2021-10-13,3.79,3.78,3.8,3.73,122217.0,星期三,0.0026,-0.0026
2021-10-12,3.87,3.78,3.89,3.75,241627.0,星期二,-0.0051,-0.0233
2021-10-11,3.92,3.89,3.93,3.86,134825.0,星期一,0.0026,-0.0077
2021-10-08,3.91,3.91,3.98,3.89,193689.0,星期五,0.0077,0.0
2021-09-30,3.89,3.88,3.91,3.84,144412.0,星期四,0.0052,-0.0026
2021-09-29,3.94,3.87,4.02,3.85,232617.0,星期三,-0.0101,-0.0178
2021-09-28,3.96,3.98,4.0,3.89,177279.0,星期二,-0.0025,0.0051
2021-09-27,4.17,3.97,4.21,3.93,294139.0,星期一,0.0,-0.048
2021-09-24,4.34,4.17,4.34,4.16,232403.0,星期五,0.0093,-0.0392
2021-09-23,4.19,4.3,4.37,4.17,316522.0,星期四,0.0048,0.0263
2021-09-22,4.07,4.17,4.18,4.03,146517.0,星期三,-0.0097,0.0246
2021-09-17,4.13,4.11,4.19,4.04,212945.0,星期五,-0.0048,-0.0048
2021-09-16,4.24,4.15,4.33,4.13,243975.0,星期四,0.0,-0.0212
2021-09-15,4.25,4.24,4.27,4.18,179024.0,星期三,0.0024,-0.0024
2021-09-14,4.37,4.24,4.41,4.22,289446.0,星期二,0.0,-0.0297
2021-09-13,4.33,4.37,4.42,4.31,233729.0,星期一,-0.0023,0.0092
2021-09-10,4.41,4.34,4.51,4.34,396790.0,星期五,0.0046,-0.0159
2021-09-09,4.32,4.39,4.48,4.31,376759.0,星期四,-0.0023,0.0162
2021-09-08,4.31,4.33,4.36,4.28,271755.0,星期三,-0.0023,0.0046
2021-09-07,4.27,4.32,4.34,4.25,340599.0,星期二,0.0,0.0117
2021-09-06,4.22,4.27,4.31,4.19,282475.0,星期一,0.0,0.0118
2021-09-03,4.28,4.22,4.33,4.22,327029.0,星期五,-0.0093,-0.014
2021-09-02,4.24,4.32,4.35,4.21,423369.0,星期四,-0.0117,0.0189
2021-09-01,4.08,4.29,4.39,4.06,658356.0,星期三,0.0099,0.0515
2021-08-31,4.01,4.04,4.07,3.98,228189.0,星期二,0.005,0.0075
2021-08-30,4.07,3.99,4.09,3.95,237138.0,星期一,0.0,-0.0197
2021-08-27,4.03,4.07,4.09,3.97,278980.0,星期五,-0.0049,0.0099
2021-08-26,4.08,4.05,4.1,4.04,272889.0,星期四,0.0025,-0.0074
2021-08-25,3.97,4.07,4.07,3.95,294534.0,星期三,0.0,0.0252
2021-08-24,3.98,3.97,4.02,3.95,149359.0,星期二,0.0,-0.0025
2021-08-23,4.03,3.98,4.04,3.97,181280.0,星期一,0.0075,-0.0124
2021-08-20,3.95,4.0,4.0,3.94,231926.0,星期五,-0.0025,0.0127
2021-08-19,3.98,3.96,4.03,3.93,242457.0,星期四,-0.0025,-0.005
2021-08-18,3.91,3.99,4.02,3.9,343212.0,星期三,0.0,0.0205
2021-08-17,3.86,3.91,3.97,3.85,274648.0,星期二,0.0,0.013
2021-08-16,3.82,3.86,3.91,3.81,216602.0,星期一,-0.0052,0.0105
2021-08-13,3.82,3.84,3.84,3.79,159560.0,星期五,0.0,0.0052
2021-08-12,3.82,3.82,3.83,3.79,99587.0,星期四,0.0026,0.0
2021-08-11,3.78,3.81,3.83,3.78,132057.0,星期三,-0.0026,0.0079
2021-08-10,3.81,3.79,3.82,3.77,120348.0,星期二,0.0026,-0.0052
2021-08-09,3.77,3.8,3.83,3.77,144175.0,星期一,0.0,0.008
2021-08-06,3.78,3.77,3.79,3.73,131850.0,星期五,0.0053,-0.0026
2021-08-05,3.75,3.76,3.82,3.74,124050.0,星期四,-0.0053,0.0027
2021-08-04,3.81,3.77,3.84,3.76,254574.0,星期三,0.0,-0.0105
2021-08-03,3.81,3.81,3.86,3.78,244543.0,星期二,0.0,0.0
2021-08-02,3.78,3.81,3.83,3.73,172276.0,星期一,-0.0079,0.0079
2021-07-30,3.7,3.81,3.86,3.68,264347.0,星期五,0.0027,0.0297
2021-07-29,3.71,3.69,3.75,3.69,237721.0,星期四,0.0082,-0.0054
2021-07-28,3.91,3.68,3.92,3.68,427447.0,星期三,0.0077,-0.0588
2021-07-27,4.02,3.88,4.05,3.87,256700.0,星期二,-0.0074,-0.0348
2021-07-26,4.08,4.05,4.1,3.96,329891.0,星期一,0.0074,-0.0074
2021-07-23,3.97,4.05,4.09,3.96,428793.0,星期五,0.0025,0.0202
2021-07-22,3.93,3.96,4.07,3.87,403455.0,星期四,-0.0051,0.0076
2021-07-21,3.98,3.95,4.08,3.86,386658.0,星期三,0.0474,-0.0075
2021-07-20,3.8,3.8,3.81,3.76,91314.0,星期二,-0.0026,0.0
2021-07-19,3.83,3.81,3.85,3.79,75850.0,星期一,0.0,-0.0052
2021-07-16,3.82,3.83,3.86,3.82,93974.0,星期五,-0.0026,0.0026
2021-07-15,3.85,3.83,3.86,3.79,128185.0,星期四,-0.0026,-0.0052
2021-07-14,3.91,3.86,3.91,3.86,77264.0,星期三,0.0051,-0.0128
2021-07-13,3.89,3.89,3.92,3.86,126986.0,星期二,-0.0026,0.0
2021-07-12,3.83,3.9,3.96,3.83,198750.0,星期一,0.0052,0.0183
2021-07-09,3.84,3.81,3.85,3.8,68471.0,星期五,0.0132,-0.0078
2021-07-08,3.87,3.79,3.87,3.79,113518.0,星期四,0.0,-0.0207
2021-07-07,3.89,3.87,3.91,3.85,96128.0,星期三,-0.0051,-0.0051
2021-07-06,3.83,3.91,3.91,3.82,97058.0,星期二,0.0,0.0209
2021-07-05,3.87,3.83,3.88,3.82,78752.0,星期一,0.0026,-0.0103
2021-07-02,3.85,3.86,3.89,3.82,95202.0,星期五,0.0,0.0026
2021-07-01,3.87,3.85,3.9,3.85,57733.0,星期四,-0.0026,-0.0052
2021-06-30,3.89,3.88,3.9,3.85,60811.0,星期三,0.0,-0.0026
2021-06-29,3.94,3.89,3.95,3.89,101960.0,星期二,-0.0025,-0.0127
2021-06-28,3.92,3.95,3.95,3.91,94033.0,星期一,0.0026,0.0077
2021-06-25,3.88,3.91,3.91,3.87,68733.0,星期五,0.0,0.0077
2021-06-24,3.81,3.88,3.93,3.81,146147.0,星期四,-0.0052,0.0184
2021-06-23,3.81,3.83,3.84,3.78,116347.0,星期三,-0.0026,0.0052
2021-06-22,3.77,3.82,3.84,3.76,81191.0,星期二,0.0,0.0133
2021-06-21,3.85,3.77,3.85,3.74,105179.0,星期一,0.0052,-0.0208
2021-06-18,3.88,3.83,3.88,3.8,97177.0,星期五,0.0052,-0.0129
2021-06-17,3.92,3.86,3.93,3.85,92128.0,星期四,0.0026,-0.0153
2021-06-16,3.89,3.91,3.98,3.89,86610.0,星期三,-0.0026,0.0051
2021-06-15,3.95,3.9,3.98,3.9,113614.0,星期二,0.0,-0.0127
2021-06-11,3.96,3.95,3.96,3.93,90902.0,星期五,0.0,-0.0025
2021-06-10,3.94,3.96,3.97,3.91,88811.0,星期四,0.0025,0.0051
2021-06-09,3.9,3.93,3.94,3.89,72708.0,星期三,-0.0051,0.0077
2021-06-08,3.92,3.92,3.93,3.89,68384.0,星期二,0.0,0.0
2021-06-07,3.92,3.92,3.94,3.89,88143.0,星期一,0.0026,0.0
2021-06-04,3.95,3.91,3.97,3.91,104941.0,星期五,-0.0025,-0.0101
2021-06-03,3.99,3.96,4.0,3.95,79198.0,星期四,-0.0025,-0.0075
2021-06-02,3.99,4.0,4.01,3.94,118616.0,星期三,0.0025,0.0025
2021-06-01,4.01,3.98,4.02,3.96,95059.0,星期二,0.0025,-0.0075
2021-05-31,4.0,4.0,4.03,3.98,83819.0,星期一,0.0025,0.0
2021-05-28,4.04,3.99,4.05,3.97,130622.0,星期五,0.0025,-0.0124
2021-05-27,4.06,4.03,4.06,4.02,73814.0,星期四,0.005,-0.0074
2021-05-26,4.05,4.04,4.07,4.03,91932.0,星期三,-0.0025,-0.0025
2021-05-25,4.03,4.06,4.08,4.02,123658.0,星期二,-0.0074,0.0074
2021-05-24,3.94,4.06,4.1,3.93,221403.0,星期一,0.0,0.0305
2021-05-21,4.03,3.94,4.05,3.93,138135.0,星期五,-0.0025,-0.0223
2021-05-20,4.03,4.04,4.07,4.02,116348.0,星期四,-0.0074,0.0025
2021-05-19,4.04,4.06,4.07,4.02,118222.0,星期三,-0.0049,0.005
2021-05-18,4.0,4.06,4.09,3.98,275712.0,星期二,-0.0431,0.015
2021-05-17,4.21,4.18,4.22,4.16,160763.0,星期一,0.0096,-0.0071
2021-05-14,4.14,4.17,4.18,4.13,139625.0,星期五,0.0024,0.0072
2021-05-13,4.14,4.13,4.19,4.11,146077.0,星期四,-0.0048,-0.0024
2021-05-12,4.13,4.16,4.16,4.09,141275.0,星期三,0.0073,0.0073
2021-05-11,4.06,4.1,4.1,4.05,95531.0,星期二,0.0,0.0099
2021-05-10,4.07,4.06,4.1,4.04,118908.0,星期一,0.0,-0.0025
2021-05-07,4.07,4.07,4.09,4.04,89515.0,星期五,0.0049,0.0
2021-05-06,4.02,4.05,4.1,4.02,102366.0,星期四,-0.0025,0.0075
2021-04-30,4.06,4.03,4.09,4.02,93217.0,星期五,0.0,-0.0074
2021-04-29,4.11,4.06,4.11,4.06,88744.0,星期四,0.0049,-0.0122
2021-04-28,3.98,4.09,4.1,3.96,167503.0,星期三,0.0,0.0276
2021-04-27,3.98,3.98,4.0,3.92,102388.0,星期二,0.0,0.0
2021-04-26,4.02,3.98,4.04,3.98,106934.0,星期一,0.0,-0.01
2021-04-23,4.1,4.02,4.1,4.02,127354.0,星期五,0.0024,-0.0195
2021-04-22,4.07,4.09,4.13,4.05,234398.0,星期四,-0.0073,0.0049
2021-04-21,4.06,4.1,4.13,4.04,412138.0,星期三,0.0278,0.0099
2021-04-20,3.99,3.95,3.99,3.95,84050.0,星期二,-0.0025,-0.01
2021-04-19,3.99,4.0,4.01,3.97,96792.0,星期一,-0.0025,0.0025
2021-04-16,3.96,4.0,4.03,3.94,108282.0,星期五,0.0,0.0101
2021-04-15,3.93,3.96,3.98,3.87,98841.0,星期四,0.0,0.0076
2021-04-14,3.93,3.93,3.93,3.88,87934.0,星期三,0.0,0.0
2021-04-13,4.01,3.93,4.02,3.91,115127.0,星期二,0.0,-0.02
2021-04-12,3.96,4.01,4.02,3.96,110597.0,星期一,-0.0025,0.0126
2021-04-09,4.03,3.97,4.03,3.94,151258.0,星期五,0.0025,-0.0149
2021-04-08,4.06,4.02,4.07,4.0,125217.0,星期四,-0.0049,-0.0099
2021-04-07,4.09,4.08,4.12,4.04,145044.0,星期三,-0.0024,-0.0024
2021-04-06,4.08,4.1,4.11,4.05,79457.0,星期二,0.0025,0.0049
2021-04-02,4.12,4.07,4.15,4.03,207838.0,星期五,0.0,-0.0121
2021-04-01,4.19,4.12,4.22,4.11,246998.0,星期四,0.0121,-0.0167
2021-03-31,4.06,4.14,4.17,4.04,235934.0,星期三,0.0025,0.0197
2021-03-30,4.07,4.05,4.07,4.01,128699.0,星期二,0.0049,-0.0049
2021-03-29,4.09,4.05,4.11,4.03,137342.0,星期一,0.0049,-0.0098
2021-03-26,4.03,4.07,4.1,3.99,216996.0,星期五,0.0025,0.0099
2021-03-25,3.94,4.02,4.09,3.94,271071.0,星期四,-0.0101,0.0203
2021-03-24,4.04,3.98,4.11,3.95,293822.0,星期三,0.0359,-0.0149
2021-03-23,3.95,3.9,3.97,3.87,141957.0,星期二,-0.0025,-0.0127
2021-03-22,3.87,3.96,3.96,3.86,148578.0,星期一,0.0026,0.0233
2021-03-19,3.84,3.86,3.9,3.84,82139.0,星期五,-0.0052,0.0052
2021-03-18,3.88,3.86,3.9,3.85,58084.0,星期四,0.0,-0.0052
2021-03-17,3.93,3.88,3.93,3.86,91008.0,星期三,0.0026,-0.0127
2021-03-16,3.93,3.92,3.96,3.88,132257.0,星期二,0.0026,-0.0025
2021-03-15,3.83,3.92,3.92,3.83,195368.0,星期一,0.0,0.0235
2021-03-12,3.78,3.83,3.87,3.77,125827.0,星期五,-0.0053,0.0132
2021-03-11,3.71,3.8,3.8,3.71,82282.0,星期四,-0.0027,0.0243
2021-03-10,3.78,3.72,3.78,3.7,75520.0,星期三,0.0053,-0.0159
2021-03-09,3.81,3.76,3.82,3.71,109207.0,星期二,0.0026,-0.0131
2021-03-08,3.85,3.8,3.86,3.79,100331.0,星期一,0.0052,-0.013
2021-03-05,3.85,3.83,3.87,3.81,91272.0,星期五,0.0026,-0.0052
2021-03-04,3.82,3.84,3.87,3.8,95253.0,星期四,-0.0026,0.0052
2021-03-03,3.76,3.83,3.84,3.74,124993.0,星期三,0.0,0.0186
2021-03-02,3.81,3.76,3.81,3.74,62236.0,星期二,0.0053,-0.0131
2021-03-01,3.76,3.79,3.81,3.74,60920.0,星期一,0.008,0.008
2021-02-26,3.73,3.73,3.75,3.71,69981.0,星期五,-0.0106,0.0
2021-02-25,3.76,3.77,3.81,3.74,116772.0,星期四,0.0053,0.0027
2021-02-24,3.74,3.74,3.77,3.72,64361.0,星期三,0.0027,0.0
2021-02-23,3.76,3.73,3.79,3.72,82914.0,星期二,0.0,-0.008
2021-02-22,3.74,3.76,3.84,3.74,175506.0,星期一,0.0054,0.0053
2021-02-19,3.6,3.72,3.73,3.6,120018.0,星期五,0.0,0.0333
2021-02-18,3.53,3.6,3.61,3.53,87134.0,星期四,0.0057,0.0198
2021-02-10,3.5,3.51,3.52,3.49,48196.0,星期三,0.0,0.0029
2021-02-09,3.49,3.5,3.51,3.47,52303.0,星期二,0.0029,0.0029
2021-02-08,3.48,3.48,3.51,3.45,63040.0,星期一,0.0029,0.0
2021-02-05,3.5,3.47,3.53,3.47,45829.0,星期五,0.0145,-0.0086
2021-02-04,3.5,3.45,3.5,3.42,74936.0,星期四,0.0,-0.0143
2021-02-03,3.59,3.5,3.59,3.5,87184.0,星期三,0.0,-0.0251
2021-02-02,3.57,3.59,3.6,3.56,39643.0,星期二,-0.0028,0.0056
2021-02-01,3.58,3.58,3.61,3.55,43395.0,星期一,-0.0056,0.0
2021-01-29,3.65,3.6,3.66,3.58,73489.0,星期五,0.0,-0.0137
2021-01-28,3.65,3.65,3.67,3.62,56325.0,星期四,-0.0082,0.0
2021-01-27,3.64,3.68,3.69,3.63,70117.0,星期三,0.0,0.011
2021-01-26,3.66,3.64,3.68,3.63,63231.0,星期二,0.0027,-0.0055
2021-01-25,3.68,3.65,3.69,3.64,81111.0,星期一,-0.0108,-0.0082
2021-01-22,3.73,3.72,3.74,3.67,89614.0,星期五,-0.0053,-0.0027
2021-01-21,3.73,3.75,3.75,3.7,102551.0,星期四,0.0027,0.0054
2021-01-20,3.74,3.72,3.75,3.71,84304.0,星期三,-0.0053,-0.0053
2021-01-19,3.73,3.76,3.8,3.68,107618.0,星期二,0.0,0.008
2021-01-18,3.74,3.73,3.76,3.72,76492.0,星期一,0.0,-0.0027
2021-01-15,3.74,3.74,3.79,3.72,92857.0,星期五,-0.0027,0.0
2021-01-14,3.68,3.75,3.78,3.67,104364.0,星期四,-0.0054,0.019
2021-01-13,3.66,3.7,3.73,3.6,117212.0,星期三,0.0,0.0109
2021-01-12,3.66,3.66,3.68,3.64,54686.0,星期二,0.0027,0.0
2021-01-11,3.73,3.65,3.73,3.64,88646.0,星期一,0.0027,-0.0214
2021-01-08,3.7,3.72,3.73,3.64,78704.0,星期五,-0.0054,0.0054
2021-01-07,3.81,3.72,3.82,3.7,108103.0,星期四,-0.0026,-0.0236
2021-01-06,3.81,3.82,3.84,3.77,103442.0,星期三,0.0,0.0026
2021-01-05,3.81,3.81,3.84,3.79,89674.0,星期二,0.0,0.0
2021-01-04,3.78,3.81,3.83,3.77,62065.0,星期一,0.0,0.0079
2020-12-31,3.74,3.78,3.8,3.74,71222.0,星期四,0.0027,0.0107
2020-12-30,3.74,3.73,3.75,3.71,43286.0,星期三,0.0027,-0.0027
2020-12-29,3.73,3.73,3.76,3.71,48416.0,星期二,0.0027,0.0
2020-12-28,3.75,3.72,3.77,3.7,55050.0,星期一,0.0,-0.008
2020-12-25,3.7,3.75,3.76,3.68,53004.0,星期五,-0.0027,0.0135
2020-12-24,3.78,3.71,3.79,3.7,76753.0,星期四,-0.0026,-0.0185
2020-12-23,3.8,3.79,3.82,3.77,75876.0,星期三,0.0,-0.0026
2020-12-22,3.89,3.8,3.89,3.8,88991.0,星期二,0.0,-0.0231
2020-12-21,3.9,3.89,3.91,3.86,53491.0,星期一,0.0052,-0.0026
2020-12-18,3.87,3.88,3.91,3.86,69472.0,星期五,-0.0026,0.0026
2020-12-17,3.83,3.88,3.88,3.78,81915.0,星期四,0.0,0.0131
2020-12-16,3.85,3.83,3.86,3.82,49391.0,星期三,0.0,-0.0052
2020-12-15,3.84,3.85,3.86,3.81,50806.0,星期二,-0.0026,0.0026
2020-12-14,3.86,3.85,3.86,3.79,72319.0,星期一,0.0052,-0.0026
2020-12-11,3.89,3.84,3.91,3.82,95957.0,星期五,-0.0026,-0.0129
2020-12-10,3.9,3.9,3.94,3.89,56548.0,星期四,0.0026,0.0
2020-12-09,3.98,3.89,3.98,3.89,85399.0,星期三,0.0051,-0.0226
2020-12-08,4.01,3.96,4.01,3.95,66023.0,星期二,0.0101,-0.0125
2020-12-07,4.02,3.97,4.02,3.97,111081.0,星期一,-0.0025,-0.0124
2020-12-04,4.05,4.03,4.05,3.99,110541.0,星期五,0.0,-0.0049
2020-12-03,4.07,4.05,4.09,4.04,105254.0,星期四,-0.0025,-0.0049
2020-12-02,4.07,4.08,4.11,4.05,134767.0,星期三,0.0025,0.0025
2020-12-01,4.04,4.06,4.08,4.01,118415.0,星期二,0.0025,0.005
2020-11-30,4.03,4.03,4.11,4.03,160170.0,星期一,0.0,0.0
2020-11-27,4.03,4.03,4.05,3.98,95538.0,星期五,0.0,0.0
2020-11-26,4.03,4.03,4.05,4.01,80012.0,星期四,-0.0049,0.0
2020-11-25,4.08,4.05,4.1,4.04,87776.0,星期三,0.0025,-0.0074
2020-11-24,4.09,4.07,4.12,4.06,81833.0,星期二,-0.0024,-0.0049
2020-11-23,4.04,4.1,4.13,4.03,134702.0,星期一,-0.0025,0.0149
2020-11-20,4.07,4.05,4.08,4.02,73965.0,星期五,0.0,-0.0049
2020-11-19,4.09,4.07,4.1,4.06,71058.0,星期四,0.0025,-0.0049
2020-11-18,4.05,4.08,4.1,4.05,69229.0,星期三,-0.0025,0.0074
2020-11-17,4.07,4.06,4.09,4.04,73876.0,星期二,-0.0025,-0.0025
2020-11-16,4.02,4.08,4.1,4.01,97409.0,星期一,0.0025,0.0149
2020-11-13,4.02,4.01,4.03,3.99,53303.0,星期五,0.0,-0.0025
2020-11-12,4.05,4.02,4.06,4.0,86816.0,星期四,-0.0025,-0.0074
2020-11-11,4.04,4.06,4.11,4.0,144693.0,星期三,0.0025,0.005
2020-11-10,4.05,4.03,4.06,4.02,93327.0,星期二,0.0025,-0.0049
2020-11-09,3.97,4.04,4.07,3.97,161428.0,星期一,0.0025,0.0176
2020-11-06,3.98,3.96,3.98,3.93,104621.0,星期五,0.0025,-0.005
2020-11-05,3.95,3.97,3.98,3.93,130546.0,星期四,0.0025,0.0051
2020-11-04,3.97,3.94,3.98,3.89,99906.0,星期三,-0.005,-0.0076
2020-11-03,3.91,3.99,4.0,3.9,99604.0,星期二,0.0051,0.0205
2020-11-02,3.92,3.89,3.93,3.86,101064.0,星期一,0.0026,-0.0077
2020-10-30,4.05,3.91,4.05,3.91,171293.0,星期五,0.0025,-0.0346
2020-10-29,4.13,4.04,4.14,4.02,235651.0,星期四,-0.0143,-0.0218
2020-10-28,4.22,4.19,4.23,4.17,70469.0,星期三,0.0048,-0.0071
2020-10-27,4.14,4.2,4.21,4.13,99207.0,星期二,0.0,0.0145
2020-10-26,4.19,4.14,4.19,4.13,79846.0,星期一,0.0048,-0.0119
2020-10-23,4.22,4.17,4.23,4.17,83590.0,星期五,0.0,-0.0118
2020-10-22,4.23,4.22,4.24,4.19,53653.0,星期四,0.0,-0.0024
2020-10-21,4.25,4.23,4.25,4.21,80402.0,星期三,-0.0023,-0.0047
2020-10-20,4.25,4.26,4.27,4.21,81134.0,星期二,-0.0023,0.0024
2020-10-19,4.3,4.26,4.33,4.25,99077.0,星期一,0.0023,-0.0093
2020-10-16,4.26,4.29,4.32,4.25,83104.0,星期五,0.0,0.007
2020-10-15,4.31,4.26,4.32,4.26,91275.0,星期四,0.0023,-0.0116
2020-10-14,4.36,4.3,4.37,4.28,135777.0,星期三,-0.0046,-0.0138
2020-10-13,4.39,4.38,4.4,4.35,121259.0,星期二,-0.0068,-0.0023
2020-10-12,4.26,4.42,4.48,4.25,228015.0,星期一,0.0024,0.0376
2020-10-09,4.23,4.25,4.28,4.2,132176.0,星期五,0.012,0.0047
2020-09-30,4.22,4.18,4.25,4.16,91363.0,星期三,0.0048,-0.0095
2020-09-29,4.19,4.2,4.22,4.16,64214.0,星期二,0.0048,0.0024
2020-09-28,4.17,4.17,4.22,4.17,60411.0,星期一,0.0,0.0
2020-09-25,4.21,4.17,4.23,4.16,80830.0,星期五,0.0,-0.0095
2020-09-24,4.29,4.21,4.29,4.19,135664.0,星期四,-0.0046,-0.0186
2020-09-23,4.34,4.31,4.36,4.31,83626.0,星期三,0.0023,-0.0069
2020-09-22,4.38,4.33,4.42,4.32,123624.0,星期二,-0.0045,-0.0114
2020-09-21,4.41,4.4,4.45,4.39,125616.0,星期一,0.0,-0.0023
2020-09-18,4.32,4.41,4.43,4.3,172067.0,星期五,0.0023,0.0208
2020-09-17,4.31,4.31,4.35,4.25,130630.0,星期四,-0.0023,0.0
2020-09-16,4.35,4.32,4.37,4.31,84612.0,星期三,0.0023,-0.0069
2020-09-15,4.34,4.34,4.35,4.3,85662.0,星期二,0.0,0.0
2020-09-14,4.39,4.34,4.41,4.32,102016.0,星期一,0.0046,-0.0114
2020-09-11,4.34,4.37,4.37,4.3,113248.0,星期五,0.0,0.0069
2020-09-10,4.5,4.34,4.53,4.32,237400.0,星期四,0.0227,-0.0356
2020-09-09,4.4,4.4,4.5,4.39,194682.0,星期三,-0.009,0.0
2020-09-08,4.45,4.44,4.48,4.37,174251.0,星期二,0.0068,-0.0022
2020-09-07,4.53,4.42,4.59,4.42,264849.0,星期一,-0.0088,-0.0243
2020-09-04,4.59,4.57,4.6,4.53,150740.0,星期五,-0.0086,-0.0044
2020-09-03,4.65,4.63,4.71,4.61,200802.0,星期四,-0.0021,-0.0043
2020-09-02,4.65,4.66,4.68,4.6,178051.0,星期三,-0.0021,0.0022
2020-09-01,4.7,4.66,4.71,4.59,228418.0,星期二,0.0043,-0.0085
2020-08-31,4.8,4.68,4.8,4.68,277793.0,星期一,0.0148,-0.025
2020-08-28,4.72,4.73,4.74,4.64,199001.0,星期五,0.0043,0.0021
2020-08-27,4.62,4.7,4.71,4.62,191655.0,星期四,-0.0022,0.0173
2020-08-26,4.7,4.63,4.73,4.59,241326.0,星期三,0.0021,-0.0149
2020-08-25,4.78,4.69,4.8,4.68,336010.0,星期二,-0.0021,-0.0188
2020-08-24,4.87,4.79,4.9,4.76,376628.0,星期一,0.0167,-0.0164
2020-08-21,4.94,4.79,4.98,4.74,569461.0,星期五,0.0207,-0.0304
2020-08-20,4.95,4.84,5.18,4.82,792649.0,星期四,-0.012,-0.0222
2020-08-19,5.22,5.01,5.35,4.96,1271106.0,星期三,0.0276,-0.0402
2020-08-18,5.13,5.08,5.18,4.96,1096081.0,星期二,0.024,-0.0097
2020-08-17,4.58,5.01,5.01,4.58,1160597.0,星期一,0.0066,0.0939
2020-08-14,4.54,4.55,4.55,4.48,188641.0,星期五,-0.0022,0.0022
2020-08-13,4.48,4.55,4.6,4.48,234162.0,星期四,-0.0022,0.0156
2020-08-12,4.52,4.49,4.59,4.38,280816.0,星期三,-0.0088,-0.0066
2020-08-11,4.74,4.56,4.79,4.55,327182.0,星期二,0.0,-0.038
2020-08-10,4.66,4.74,4.8,4.55,487851.0,星期一,-0.0085,0.0172
2020-08-07,4.68,4.7,4.83,4.6,452715.0,星期五,-0.0085,0.0043
2020-08-06,4.53,4.72,4.78,4.5,564573.0,星期四,0.0,0.0419
2020-08-05,4.57,4.53,4.58,4.47,218150.0,星期三,-0.0022,-0.0088
2020-08-04,4.67,4.58,4.67,4.53,377821.0,星期二,0.0021,-0.0193
2020-08-03,4.71,4.66,4.76,4.62,505571.0,星期一,0.0151,-0.0106
2020-07-31,4.38,4.64,4.65,4.36,397670.0,星期五,-0.0135,0.0594
2020-07-30,4.53,4.44,4.59,4.43,371869.0,星期四,0.0295,-0.0199
2020-07-29,4.33,4.4,4.4,4.24,242455.0,星期三,-0.0069,0.0162
2020-07-28,4.39,4.36,4.43,4.31,211078.0,星期二,0.0023,-0.0068
2020-07-27,4.45,4.38,4.47,4.33,171858.0,星期一,0.0137,-0.0157
2020-07-24,4.56,4.39,4.57,4.36,399371.0,星期五,-0.0087,-0.0373
2020-07-23,4.63,4.6,4.74,4.49,378213.0,星期四,-0.0128,-0.0065
2020-07-22,4.63,4.69,4.75,4.53,495271.0,星期三,-0.0022,0.013
2020-07-21,4.74,4.64,4.8,4.61,426050.0,星期二,-0.0146,-0.0211
2020-07-20,4.63,4.81,4.88,4.61,615253.0,星期一,0.0404,0.0389
2020-07-17,4.4,4.45,4.51,4.34,340965.0,星期五,-0.0023,0.0114
2020-07-16,4.63,4.41,4.68,4.41,529594.0,星期四,-0.0211,-0.0475
2020-07-15,4.95,4.73,4.95,4.65,807386.0,星期三,-0.0294,-0.0444
2020-07-14,4.99,5.1,5.26,4.89,1255303.0,星期二,0.0081,0.022
2020-07-13,4.82,4.95,4.95,4.82,1113663.0,星期一,0.0366,0.027
2020-07-10,4.66,4.65,4.7,4.42,779066.0,星期五,0.0108,-0.0021
2020-07-09,4.59,4.61,4.67,4.5,594656.0,星期四,-0.0065,0.0044
2020-07-08,4.55,4.62,4.73,4.45,620789.0,星期三,0.0111,0.0154
2020-07-07,4.44,4.5,4.56,4.34,658771.0,星期二,0.0068,0.0135
2020-07-06,4.25,4.41,4.44,4.19,662576.0,星期一,0.0316,0.0376
2020-07-03,4.01,4.12,4.14,4.01,422850.0,星期五,0.005,0.0274
2020-07-02,3.85,3.99,3.99,3.85,267929.0,星期四,-0.0026,0.0364
2020-07-01,3.85,3.86,3.89,3.82,101829.0,星期三,-0.0026,0.0026
2020-06-30,3.85,3.86,3.88,3.84,110565.0,星期二,-0.0052,0.0026
2020-06-29,3.88,3.87,3.99,3.87,250309.0,星期一,0.0157,-0.0026
2020-06-24,3.85,3.82,3.88,3.82,86900.0,星期三,-0.0052,-0.0078
2020-06-23,3.8,3.87,3.89,3.8,160970.0,星期二,0.0026,0.0184
2020-06-22,3.82,3.79,3.82,3.78,69075.0,星期一,0.0026,-0.0079
2020-06-19,3.8,3.81,3.81,3.78,72782.0,星期五,0.0026,0.0026
2020-06-18,3.77,3.79,3.8,3.74,72362.0,星期四,0.0,0.0053
2020-06-17,3.81,3.77,3.81,3.74,104735.0,星期三,0.0,-0.0105
2020-06-16,3.8,3.81,3.82,3.79,61396.0,星期二,0.0053,0.0026
2020-06-15,3.88,3.78,3.88,3.78,129128.0,星期一,0.0052,-0.0258
2020-06-12,3.8,3.86,3.86,3.79,101276.0,星期五,-0.0155,0.0158
2020-06-11,3.87,3.86,3.92,3.84,148961.0,星期四,-0.0026,-0.0026
2020-06-10,3.8,3.88,3.92,3.78,164880.0,星期三,-0.0052,0.0211
2020-06-09,3.83,3.82,3.84,3.8,73668.0,星期二,-0.0026,-0.0026
2020-06-08,3.78,3.84,3.87,3.75,163851.0,星期一,0.0053,0.0159
2020-06-05,3.79,3.76,3.79,3.74,49687.0,星期五,0.0053,-0.0079
2020-06-04,3.78,3.77,3.78,3.75,51328.0,星期四,0.0027,-0.0026
2020-06-03,3.8,3.77,3.81,3.76,70060.0,星期三,0.0026,-0.0079
2020-06-02,3.78,3.79,3.81,3.75,91041.0,星期二,0.0027,0.0026
2020-06-01,3.71,3.77,3.78,3.7,85028.0,星期一,0.0027,0.0162
2020-05-29,3.71,3.7,3.73,3.68,63910.0,星期五,-0.0027,-0.0027
2020-05-28,3.75,3.72,3.76,3.7,67582.0,星期四,0.0054,-0.008
2020-05-27,3.78,3.73,3.78,3.72,52504.0,星期三,0.0053,-0.0132
2020-05-26,3.74,3.76,3.78,3.73,47755.0,星期二,0.0,0.0053
2020-05-25,3.73,3.74,3.77,3.72,39633.0,星期一,0.0,0.0027
2020-05-22,3.79,3.73,3.8,3.72,75992.0,星期五,0.0,-0.0158
2020-05-21,3.85,3.79,3.87,3.79,77725.0,星期四,0.0052,-0.0156
2020-05-20,3.87,3.83,3.87,3.82,93307.0,星期三,-0.0026,-0.0103
2020-05-19,3.88,3.88,3.91,3.86,66883.0,星期二,0.0052,0.0
2020-05-18,3.88,3.86,3.91,3.84,73655.0,星期一,0.0078,-0.0052
2020-05-15,3.89,3.85,3.91,3.84,88444.0,星期五,0.0026,-0.0103
2020-05-14,3.95,3.88,3.95,3.87,96212.0,星期四,0.0,-0.0177
2020-05-13,3.93,3.95,3.97,3.92,45769.0,星期三,-0.0051,0.0051
2020-05-12,4.02,3.95,4.03,3.93,98092.0,星期二,0.0025,-0.0174
2020-05-11,3.96,4.01,4.06,3.95,160799.0,星期一,0.0,0.0126
2020-05-08,3.95,3.96,3.99,3.93,91797.0,星期五,0.0,0.0025
2020-05-07,3.95,3.95,4.0,3.92,106901.0,星期四,0.0,0.0
2020-05-06,3.83,3.95,3.95,3.83,118601.0,星期三,-0.0129,0.0313
2020-04-30,3.84,3.88,3.88,3.8,90596.0,星期四,0.0079,0.0104
2020-04-29,3.78,3.81,3.87,3.78,85338.0,星期三,-0.0131,0.0079
2020-04-28,3.98,3.83,3.99,3.71,197239.0,星期二,0.0,-0.0377
2020-04-27,3.97,3.98,4.01,3.95,124827.0,星期一,0.0,0.0025
2020-04-24,4.08,3.97,4.09,3.96,229088.0,星期五,0.0025,-0.027
2020-04-23,4.24,4.07,4.26,4.06,408734.0,星期四,0.0024,-0.0401
2020-04-22,4.18,4.23,4.31,4.14,440730.0,星期三,-0.0024,0.012
2020-04-21,4.03,4.19,4.2,3.98,416591.0,星期二,-0.0074,0.0397
2020-04-20,4.06,4.06,4.12,4.03,239623.0,星期一,0.0,0.0
2020-04-17,3.94,4.06,4.16,3.91,392076.0,星期五,0.0051,0.0305
2020-04-16,3.92,3.92,3.97,3.89,111407.0,星期四,-0.0051,0.0
2020-04-15,3.97,3.94,3.97,3.91,108713.0,星期三,-0.0025,-0.0076
2020-04-14,3.95,3.98,3.98,3.91,141788.0,星期二,0.0025,0.0076
2020-04-13,3.89,3.94,3.96,3.86,121707.0,星期一,-0.0051,0.0129
2020-04-10,3.96,3.91,3.97,3.87,158703.0,星期五,0.0,-0.0126
2020-04-09,3.98,3.96,4.02,3.95,175599.0,星期四,0.0025,-0.005
2020-04-08,3.97,3.97,3.98,3.91,325138.0,星期三,-0.0149,0.0
2020-04-07,4.05,4.03,4.06,3.98,284621.0,星期二,0.0176,-0.0049
2020-04-03,4.07,3.98,4.08,3.97,184553.0,星期五,-0.0049,-0.0221
2020-04-02,4.02,4.09,4.1,3.96,246785.0,星期四,-0.0123,0.0174
2020-04-01,4.17,4.07,4.25,4.05,341518.0,星期三,-0.0024,-0.024
2020-03-31,4.25,4.18,4.29,4.16,456952.0,星期二,-0.0093,-0.0165
2020-03-30,4.04,4.29,4.33,4.01,782662.0,星期一,-0.0427,0.0619
2020-03-27,4.03,4.22,4.31,4.01,857866.0,星期五,0.0281,0.0471
2020-03-26,4.01,3.92,4.04,3.9,136763.0,星期四,-0.0074,-0.0224
2020-03-25,4.04,4.04,4.06,3.98,163369.0,星期三,0.0176,0.0
2020-03-24,3.91,3.97,3.99,3.87,155202.0,星期二,0.0156,0.0153
2020-03-23,3.94,3.85,3.97,3.83,147891.0,星期一,-0.0223,-0.0228
2020-03-20,4.01,4.03,4.05,3.97,160433.0,星期五,0.0101,0.005
2020-03-19,3.89,3.97,4.02,3.87,175312.0,星期四,-0.0077,0.0206
2020-03-18,3.94,3.92,4.09,3.91,217376.0,星期三,0.0025,-0.0051
2020-03-17,3.99,3.93,3.99,3.72,174751.0,星期二,0.0337,-0.015
2020-03-16,4.03,3.86,4.11,3.82,263261.0,星期一,0.01,-0.0422
2020-03-13,3.88,3.99,4.05,3.82,215299.0,星期五,-0.0443,0.0284
2020-03-12,4.06,4.06,4.12,4.02,163902.0,星期四,-0.0049,0.0
2020-03-11,4.2,4.08,4.22,4.08,224217.0,星期三,-0.0047,-0.0286
2020-03-10,4.02,4.22,4.23,4.02,318006.0,星期二,-0.0195,0.0498
2020-03-09,4.2,4.1,4.3,4.07,360503.0,星期一,-0.0278,-0.0238
2020-03-06,4.4,4.32,4.48,4.31,453858.0,星期五,-0.0222,-0.0182
2020-03-05,4.49,4.5,4.74,4.38,769163.0,星期四,0.0022,0.0022
2020-03-04,4.18,4.48,4.49,4.11,643416.0,星期三,-0.0234,0.0718
2020-03-03,4.6,4.28,4.6,4.23,977192.0,星期二,0.0824,-0.0696
2020-03-02,4.01,4.25,4.25,3.93,517323.0,星期一,0.0389,0.0599
2020-02-28,3.89,3.86,4.08,3.75,512893.0,星期五,-0.0371,-0.0077
2020-02-27,4.05,4.04,4.3,3.93,925309.0,星期四,0.0279,-0.0025
2020-02-26,3.53,3.94,3.94,3.51,572727.0,星期三,-0.014,0.1161
2020-02-25,3.59,3.58,3.61,3.46,156535.0,星期二,-0.0191,-0.0028
2020-02-24,3.66,3.66,3.68,3.62,108230.0,星期一,-0.0081,0.0
2020-02-21,3.7,3.69,3.72,3.67,107152.0,星期五,0.0027,-0.0027
2020-02-20,3.63,3.69,3.71,3.62,110699.0,星期四,0.0,0.0165
2020-02-19,3.65,3.63,3.66,3.62,70868.0,星期三,0.0,-0.0055
2020-02-18,3.65,3.65,3.66,3.62,109447.0,星期二,0.0027,0.0
2020-02-17,3.58,3.64,3.65,3.57,107407.0,星期一,0.0028,0.0168
2020-02-14,3.6,3.57,3.6,3.54,85519.0,星期五,0.0084,-0.0083
2020-02-13,3.61,3.57,3.64,3.57,87804.0,星期四,-0.0028,-0.0111
2020-02-12,3.62,3.62,3.64,3.6,82101.0,星期三,-0.0028,0.0
2020-02-11,3.66,3.63,3.7,3.61,95689.0,星期二,0.0055,-0.0082
2020-02-10,3.51,3.64,3.69,3.5,127989.0,星期一,-0.0028,0.037
2020-02-07,3.43,3.52,3.54,3.41,137519.0,星期五,-0.0058,0.0262
2020-02-06,3.39,3.45,3.46,3.38,124294.0,星期四,0.0089,0.0177
2020-02-05,3.3,3.36,3.41,3.3,107958.0,星期三,0.0,0.0182
2020-02-04,3.18,3.3,3.36,3.18,162148.0,星期二,-0.0592,0.0377
2020-02-03,3.38,3.38,3.38,3.38,37791.0,星期一,-0.1011,0.0
2020-01-23,3.86,3.76,3.86,3.73,106493.0,星期四,0.0,-0.0259
2020-01-22,3.9,3.86,3.92,3.84,79005.0,星期三,-0.0051,-0.0103
2020-01-21,3.97,3.92,3.98,3.9,86049.0,星期二,-0.0025,-0.0126
2020-01-20,3.94,3.98,3.99,3.94,50330.0,星期一,-0.0025,0.0102
2020-01-17,3.98,3.95,4.0,3.95,52026.0,星期五,0.0025,-0.0075
2020-01-16,4.0,3.97,4.02,3.97,57698.0,星期四,-0.0025,-0.0075
2020-01-15,4.05,4.01,4.07,4.0,53172.0,星期三,0.0025,-0.0099
2020-01-14,4.05,4.04,4.08,4.03,83580.0,星期二,0.0025,-0.0025
2020-01-13,4.01,4.04,4.04,3.96,90256.0,星期一,0.005,0.0075
2020-01-10,4.02,3.99,4.03,3.98,67469.0,星期五,0.0025,-0.0075
2020-01-09,4.0,4.01,4.03,4.0,90381.0,星期四,0.005,0.0025
2020-01-08,4.06,3.98,4.07,3.98,102350.0,星期三,-0.0049,-0.0197
2020-01-07,4.05,4.08,4.08,4.04,76662.0,星期二,0.0,0.0074
2020-01-06,4.07,4.05,4.09,4.03,105890.0,星期一,-0.0025,-0.0049
2020-01-03,4.11,4.08,4.11,4.07,74865.0,星期五,0.0049,-0.0073
2020-01-02,4.09,4.09,4.12,4.06,95471.0,星期四,0.0074,0.0
2019-12-31,4.04,4.06,4.07,4.02,76906.0,星期二,0.0,0.005
2019-12-30,3.97,4.04,4.04,3.97,75208.0,星期一,-0.005,0.0176
2019-12-27,3.96,3.99,4.02,3.94,96468.0,星期五,0.0,0.0076
2019-12-26,3.93,3.96,3.96,3.91,56272.0,星期四,0.0,0.0076
2019-12-25,3.95,3.93,3.96,3.92,38519.0,星期三,0.0,-0.0051
2019-12-24,3.9,3.95,3.95,3.9,34931.0,星期二,0.0,0.0128
2019-12-23,3.97,3.9,3.98,3.9,71600.0,星期一,0.0025,-0.0176
2019-12-20,3.98,3.96,4.02,3.95,71093.0,星期五,-0.0075,-0.005
2019-12-19,3.95,4.01,4.01,3.93,91523.0,星期四,0.0025,0.0152
2019-12-18,3.94,3.94,3.96,3.92,54271.0,星期三,0.0,0.0
2019-12-17,3.89,3.94,3.96,3.88,110455.0,星期二,0.0,0.0129
2019-12-16,3.87,3.89,3.89,3.85,75272.0,星期一,0.0052,0.0052
2019-12-13,3.82,3.85,3.85,3.8,68719.0,星期五,0.0079,0.0079
2019-12-12,3.82,3.79,3.83,3.78,40162.0,星期四,-0.0026,-0.0079
2019-12-11,3.84,3.83,3.85,3.82,41981.0,星期三,-0.0026,-0.0026
2019-12-10,3.84,3.85,3.85,3.82,44500.0,星期二,-0.0026,0.0026
2019-12-09,3.83,3.85,3.86,3.82,51320.0,星期一,-0.0026,0.0052
2019-12-06,3.84,3.84,3.85,3.8,45162.0,星期五,0.0026,0.0
2019-12-05,3.81,3.83,3.83,3.8,36842.0,星期四,0.0053,0.0052
2019-12-04,3.82,3.79,3.82,3.76,33745.0,星期三,0.0,-0.0079
2019-12-03,3.85,3.82,3.85,3.78,46000.0,星期二,0.0026,-0.0078
2019-12-02,3.9,3.84,3.9,3.82,40752.0,星期一,0.0078,-0.0154
2019-11-29,3.85,3.87,3.89,3.84,24603.0,星期五,-0.0026,0.0052
2019-11-28,3.88,3.86,3.92,3.85,38908.0,星期四,-0.0026,-0.0052
2019-11-27,3.91,3.89,3.95,3.89,52417.0,星期三,-0.0051,-0.0051
2019-11-26,3.94,3.93,3.95,3.92,39849.0,星期二,0.0,-0.0025
2019-11-25,3.85,3.94,3.96,3.85,85239.0,星期一,-0.0052,0.0234
2019-11-22,3.87,3.87,3.89,3.83,54238.0,星期五,0.0026,0.0
2019-11-21,3.86,3.86,3.88,3.83,28966.0,星期四,-0.0026,0.0
2019-11-20,3.86,3.87,3.88,3.85,41997.0,星期三,-0.0052,0.0026
2019-11-19,3.83,3.88,3.94,3.83,75847.0,星期二,0.0106,0.0131
2019-11-18,3.77,3.79,3.82,3.74,30432.0,星期一,0.0,0.0053
2019-11-15,3.82,3.77,3.82,3.77,31056.0,星期五,0.0,-0.0131
2019-11-14,3.82,3.82,3.87,3.8,42262.0,星期四,0.0079,0.0
2019-11-13,3.81,3.79,3.81,3.77,21313.0,星期三,0.0026,-0.0052
2019-11-12,3.8,3.8,3.82,3.73,41692.0,星期二,0.0026,0.0
2019-11-11,3.91,3.79,3.92,3.78,65031.0,星期一,-0.0051,-0.0307
2019-11-08,3.96,3.93,3.97,3.91,51105.0,星期五,0.0051,-0.0076
2019-11-07,3.92,3.94,3.95,3.91,35198.0,星期四,0.0,0.0051
2019-11-06,3.96,3.92,3.96,3.92,41842.0,星期三,0.0,-0.0101
2019-11-05,3.94,3.96,3.97,3.93,41088.0,星期二,-0.0025,0.0051
2019-11-04,3.99,3.95,4.01,3.95,51601.0,星期一,0.0076,-0.01
2019-11-01,3.94,3.96,3.99,3.92,61678.0,星期五,-0.0051,0.0051
2019-10-31,4.08,3.96,4.1,3.95,100174.0,星期四,0.0025,-0.0294
2019-10-30,4.16,4.07,4.16,4.05,113087.0,星期三,0.0,-0.0216
2019-10-29,4.24,4.16,4.24,4.15,56478.0,星期二,0.0024,-0.0189
2019-10-28,4.19,4.23,4.23,4.16,104841.0,星期一,0.0024,0.0095
2019-10-25,4.16,4.18,4.18,4.12,34297.0,星期五,0.0,0.0048
2019-10-24,4.15,4.16,4.2,4.15,49483.0,星期四,0.0073,0.0024
2019-10-23,4.17,4.12,4.2,4.12,39913.0,星期三,-0.0071,-0.012
2019-10-22,4.16,4.2,4.2,4.15,23368.0,星期二,0.0,0.0096
2019-10-21,4.16,4.16,4.17,4.07,42988.0,星期一,-0.0024,0.0
2019-10-18,4.21,4.17,4.22,4.15,49952.0,星期五,-0.0024,-0.0095
2019-10-17,4.23,4.22,4.25,4.21,41734.0,星期四,0.0048,-0.0024
2019-10-16,4.23,4.21,4.26,4.2,44601.0,星期三,0.0,-0.0047
2019-10-15,4.28,4.23,4.28,4.21,46806.0,星期二,0.0023,-0.0117
2019-10-14,4.26,4.27,4.3,4.25,72173.0,星期一,0.0071,0.0023
2019-10-11,4.22,4.23,4.26,4.2,58169.0,星期五,0.0024,0.0024
2019-10-10,4.23,4.21,4.23,4.17,59200.0,星期四,0.0024,-0.0047
2019-10-09,4.19,4.22,4.22,4.15,27714.0,星期三,-0.0024,0.0072
2019-10-08,4.2,4.2,4.23,4.19,40351.0,星期二,0.0024,0.0
2019-09-30,4.21,4.19,4.24,4.17,38863.0,星期一,0.0,-0.0048
2019-09-27,4.17,4.21,4.24,4.16,42616.0,星期五,0.0024,0.0096
2019-09-26,4.27,4.16,4.29,4.13,72276.0,星期四,0.0,-0.0258
2019-09-25,4.34,4.27,4.35,4.27,60790.0,星期三,0.0023,-0.0161
2019-09-24,4.36,4.33,4.37,4.32,60752.0,星期二,-0.0023,-0.0069
2019-09-23,4.43,4.37,4.43,4.32,73222.0,星期一,0.0,-0.0135
2019-09-20,4.43,4.43,4.45,4.39,66507.0,星期五,0.0045,0.0
2019-09-19,4.42,4.41,4.42,4.38,39776.0,星期四,0.0045,-0.0023
2019-09-18,4.43,4.4,4.43,4.37,53479.0,星期三,0.0068,-0.0068
2019-09-17,4.51,4.4,4.52,4.39,76416.0,星期二,-0.0022,-0.0244
2019-09-16,4.49,4.52,4.58,4.49,100511.0,星期一,0.0045,0.0067
2019-09-12,4.47,4.47,4.48,4.44,61865.0,星期四,0.0,0.0
2019-09-11,4.49,4.47,4.49,4.45,54566.0,星期三,0.0067,-0.0045
2019-09-10,4.49,4.46,4.49,4.44,58193.0,星期二,0.0,-0.0067
2019-09-09,4.45,4.49,4.49,4.44,90131.0,星期一,0.0068,0.009
2019-09-06,4.43,4.42,4.45,4.38,82297.0,星期五,0.0023,-0.0023
2019-09-05,4.45,4.42,4.48,4.42,151287.0,星期四,0.0068,-0.0067
2019-09-04,4.32,4.42,4.47,4.31,158336.0,星期三,-0.0046,0.0231
2019-09-03,4.34,4.34,4.37,4.27,122754.0,星期二,0.0,0.0
2019-09-02,4.28,4.34,4.35,4.25,81872.0,星期一,0.0,0.014
2019-08-30,4.35,4.28,4.38,4.28,62460.0,星期五,0.0023,-0.0161
2019-08-29,4.34,4.34,4.36,4.31,54241.0,星期四,0.0,0.0
2019-08-28,4.33,4.34,4.35,4.3,60458.0,星期三,0.0023,0.0023
2019-08-27,4.26,4.32,4.34,4.26,67182.0,星期二,0.0,0.0141
2019-08-26,4.26,4.26,4.27,4.22,40203.0,星期一,-0.0139,0.0
2019-08-23,4.3,4.32,4.36,4.28,78467.0,星期五,0.0047,0.0047
2019-08-22,4.3,4.28,4.32,4.26,35954.0,星期四,0.0,-0.0047
2019-08-21,4.31,4.3,4.32,4.28,47378.0,星期三,-0.0046,-0.0023
2019-08-20,4.26,4.33,4.38,4.24,98149.0,星期二,0.0,0.0164
2019-08-19,4.2,4.26,4.27,4.19,72881.0,星期一,0.0072,0.0143
2019-08-16,4.18,4.17,4.2,4.17,43649.0,星期五,-0.0024,-0.0024
2019-08-15,4.11,4.19,4.2,4.04,67579.0,星期四,-0.0191,0.0195
2019-08-14,4.2,4.19,4.21,4.17,37906.0,星期三,0.0072,-0.0024
2019-08-13,4.18,4.17,4.18,4.15,31603.0,星期二,-0.0071,-0.0024
2019-08-12,4.16,4.21,4.21,4.15,44557.0,星期一,0.0,0.012
2019-08-09,4.19,4.16,4.22,4.15,41062.0,星期五,0.0024,-0.0072
2019-08-08,4.23,4.18,4.23,4.18,39918.0,星期四,0.0095,-0.0118
2019-08-07,4.23,4.19,4.25,4.18,37799.0,星期三,0.0048,-0.0095
2019-08-06,4.27,4.21,4.27,4.12,86646.0,星期二,-0.0161,-0.0141
2019-08-05,4.36,4.34,4.38,4.31,44399.0,星期一,-0.0046,-0.0046
2019-08-02,4.31,4.38,4.4,4.29,91195.0,星期五,-0.0205,0.0162
2019-08-01,4.4,4.4,4.43,4.37,69480.0,星期四,-0.0068,0.0
2019-07-31,4.41,4.43,4.52,4.39,97620.0,星期三,0.0023,0.0045
2019-07-30,4.37,4.4,4.42,4.37,73971.0,星期二,-0.0091,0.0069
2019-07-29,4.35,4.41,4.47,4.34,169412.0,星期一,0.0259,0.0138
2019-07-26,4.26,4.24,4.26,4.2,42341.0,星期五,0.0,-0.0047
2019-07-25,4.25,4.26,4.27,4.23,51111.0,星期四,-0.0023,0.0024
2019-07-24,4.28,4.26,4.32,4.2,93133.0,星期三,0.0047,-0.0047
2019-07-23,4.27,4.26,4.3,4.24,41300.0,星期二,0.0023,-0.0023
2019-07-22,4.42,4.26,4.44,4.22,117718.0,星期一,-0.0067,-0.0362
2019-07-19,4.41,4.45,4.47,4.41,54614.0,星期五,0.0,0.0091
2019-07-18,4.5,4.41,4.51,4.41,79011.0,星期四,0.0,-0.02
2019-07-17,4.48,4.5,4.53,4.48,59127.0,星期三,-0.0044,0.0045
2019-07-16,4.5,4.5,4.53,4.48,61731.0,星期二,-0.0022,0.0
2019-07-15,4.5,4.51,4.54,4.42,93518.0,星期一,0.0067,0.0022
2019-07-12,4.45,4.47,4.48,4.43,79648.0,星期五,0.0091,0.0045
2019-07-11,4.43,4.41,4.48,4.39,98204.0,星期四,-0.0045,-0.0045
2019-07-10,4.46,4.45,4.5,4.42,69803.0,星期三,0.0022,-0.0022
2019-07-09,4.45,4.45,4.49,4.4,82096.0,星期二,-0.0022,0.0
2019-07-08,4.63,4.46,4.65,4.46,111300.0,星期一,-0.0043,-0.0367
2019-07-05,4.64,4.65,4.65,4.61,51361.0,星期五,0.0022,0.0022
2019-07-04,4.66,4.63,4.69,4.62,74885.0,星期四,0.0,-0.0064
2019-07-03,4.71,4.66,4.75,4.66,84025.0,星期三,-0.0084,-0.0106
2019-07-02,4.78,4.75,4.79,4.72,91892.0,星期二,0.0,-0.0063
2019-07-01,4.73,4.78,4.78,4.66,143914.0,星期一,0.0172,0.0106
2019-06-28,4.75,4.65,4.78,4.64,122504.0,星期五,-0.0021,-0.0211
2019-06-27,4.76,4.76,4.82,4.75,101769.0,星期四,-0.0042,0.0
2019-06-26,4.76,4.78,4.81,4.75,74446.0,星期三,-0.0124,0.0042
2019-06-25,4.83,4.82,4.83,4.69,171936.0,星期二,0.0084,-0.0021
2019-06-24,4.82,4.79,4.86,4.74,163979.0,星期一,-0.0041,-0.0062
2019-06-21,4.76,4.84,4.85,4.72,237108.0,星期五,0.0063,0.0168
2019-06-20,4.65,4.73,4.76,4.62,160400.0,星期四,-0.0043,0.0172
2019-06-19,4.78,4.67,4.79,4.65,139637.0,星期三,0.0346,-0.023
2019-06-18,4.66,4.62,4.7,4.59,120624.0,星期二,-0.0043,-0.0086
2019-06-17,4.65,4.68,4.82,4.63,180688.0,星期一,0.0175,0.0065
2019-06-14,4.73,4.57,4.73,4.57,113641.0,星期五,0.0042,-0.0338
2019-06-13,4.69,4.71,4.74,4.63,139504.0,星期四,-0.0064,0.0043
2019-06-12,4.74,4.72,4.83,4.7,240193.0,星期三,0.0064,-0.0042
2019-06-11,4.55,4.71,4.71,4.53,201217.0,星期二,-0.0257,0.0352
2019-06-10,4.54,4.67,4.73,4.54,127577.0,星期一,0.0,0.0286
2019-06-06,4.75,4.54,4.77,4.48,157674.0,星期四,-0.0021,-0.0442
2019-06-05,4.82,4.76,4.86,4.76,112448.0,星期三,0.0042,-0.0124
2019-06-04,4.79,4.8,4.84,4.71,133515.0,星期二,0.0042,0.0021
2019-06-03,4.85,4.77,4.9,4.76,149619.0,星期一,-0.0102,-0.0165
2019-05-31,4.95,4.9,5.04,4.79,325998.0,星期五,0.0399,-0.0101
2019-05-30,4.76,4.76,4.78,4.66,132047.0,星期四,-0.0083,0.0
2019-05-29,4.86,4.8,4.9,4.75,185572.0,星期三,0.0083,-0.0123
2019-05-28,4.86,4.82,5.13,4.77,322826.0,星期二,-0.0061,-0.0082
2019-05-27,4.73,4.89,4.94,4.69,251058.0,星期一,0.0021,0.0338
2019-05-24,4.61,4.72,4.76,4.56,206756.0,星期五,-0.0022,0.0239
2019-05-23,4.59,4.62,4.71,4.51,184746.0,星期四,-0.0022,0.0065
2019-05-22,4.59,4.6,4.75,4.55,300413.0,星期三,-0.0377,0.0022
2019-05-21,4.38,4.77,4.84,4.37,437039.0,星期二,-0.0045,0.089
2019-05-20,4.39,4.4,4.46,4.33,108218.0,星期一,0.0092,0.0023
2019-05-17,4.53,4.35,4.54,4.28,130921.0,星期五,0.0022,-0.0397
2019-05-16,4.44,4.52,4.55,4.38,143387.0,星期四,0.0023,0.018
2019-05-15,4.36,4.43,4.43,4.35,86018.0,星期三,0.0069,0.0161
2019-05-14,4.31,4.33,4.41,4.29,85287.0,星期二,-0.0115,0.0046
2019-05-13,4.35,4.36,4.37,4.26,69246.0,星期一,-0.0068,0.0023
2019-05-10,4.24,4.38,4.38,4.19,147377.0,星期五,0.0071,0.033
2019-05-09,4.18,4.21,4.26,4.18,63840.0,星期四,-0.0118,0.0072
2019-05-08,4.19,4.23,4.31,4.14,89785.0,星期三,-0.0164,0.0095
2019-05-07,4.27,4.26,4.32,4.15,113824.0,星期二,0.0143,-0.0023
2019-05-06,4.49,4.21,4.52,4.17,185468.0,星期一,-0.0218,-0.0624
2019-04-30,4.54,4.59,4.65,4.54,88750.0,星期二,-0.0022,0.011
2019-04-29,4.83,4.55,4.85,4.49,190215.0,星期一,-0.0021,-0.058
2019-04-26,4.84,4.84,4.88,4.82,98605.0,星期五,0.0021,0.0
2019-04-25,5.06,4.83,5.07,4.82,146795.0,星期四,-0.002,-0.0455
2019-04-24,5.07,5.07,5.09,4.91,143217.0,星期三,0.004,0.0
2019-04-23,5.16,5.05,5.17,5.02,154552.0,星期二,-0.0019,-0.0213
2019-04-22,5.25,5.17,5.28,5.17,141709.0,星期一,0.0019,-0.0152
2019-04-19,5.17,5.24,5.25,5.13,140718.0,星期五,0.0058,0.0135
2019-04-18,5.19,5.14,5.2,5.12,129268.0,星期四,-0.0019,-0.0096
2019-04-17,5.2,5.2,5.25,5.18,153759.0,星期三,-0.0038,0.0
2019-04-16,5.14,5.22,5.22,5.07,140865.0,星期二,0.0019,0.0156
2019-04-15,5.25,5.13,5.28,5.13,161297.0,星期一,0.0135,-0.0229
2019-04-12,5.11,5.18,5.2,5.08,131092.0,星期五,-0.002,0.0137
2019-04-11,5.27,5.12,5.28,5.11,188645.0,星期四,0.0019,-0.0285
2019-04-10,5.25,5.26,5.3,5.2,176251.0,星期三,-0.0094,0.0019
2019-04-09,5.22,5.3,5.3,5.21,191257.0,星期二,-0.0057,0.0153
2019-04-08,5.37,5.25,5.43,5.18,372977.0,星期一,0.0,-0.0223
2019-04-04,5.61,5.37,5.61,5.33,416880.0,星期四,0.0312,-0.0428
2019-04-03,5.36,5.44,5.47,5.31,352654.0,星期三,-0.0092,0.0149
2019-04-02,5.33,5.41,5.46,5.24,583180.0,星期二,0.0191,0.015
2019-04-01,5.1,5.23,5.29,5.09,453728.0,星期一,0.0079,0.0255
2019-03-29,4.9,5.06,5.07,4.84,308345.0,星期五,0.0,0.0327
2019-03-28,4.98,4.9,5.07,4.89,284389.0,星期四,-0.004,-0.0161
2019-03-27,5.16,5.0,5.23,4.92,467351.0,星期三,0.0039,-0.031
2019-03-26,5.52,5.14,5.52,5.12,644282.0,星期二,0.0,-0.0688
2019-03-25,5.31,5.52,5.79,5.27,1109273.0,星期一,0.0076,0.0395
2019-03-22,5.3,5.27,5.38,5.11,588944.0,星期五,0.0019,-0.0057
2019-03-21,5.28,5.29,5.45,5.24,809602.0,星期四,-0.0204,0.0019
2019-03-20,5.2,5.39,5.44,5.04,712476.0,星期三,0.0078,0.0365
2019-03-19,4.99,5.16,5.16,4.93,579755.0,星期二,-0.0138,0.0341
2019-03-18,4.94,5.06,5.28,4.85,792594.0,星期一,0.0102,0.0243
2019-03-15,4.6,4.89,5.12,4.58,830574.0,星期五,-0.0108,0.063
2019-03-14,4.47,4.65,4.69,4.32,424919.0,星期四,0.0045,0.0403
2019-03-13,4.43,4.45,4.56,4.38,284927.0,星期三,-0.0045,0.0045
2019-03-12,4.39,4.45,4.5,4.36,327236.0,星期二,0.0046,0.0137
2019-03-11,4.28,4.37,4.37,4.26,190789.0,星期一,0.0071,0.021
2019-03-08,4.42,4.25,4.46,4.25,338283.0,星期五,-0.02,-0.0385
2019-03-07,4.47,4.51,4.58,4.41,394037.0,星期四,0.0045,0.0089
2019-03-06,4.41,4.45,4.46,4.29,371478.0,星期三,0.0068,0.0091
2019-03-05,4.27,4.38,4.39,4.25,322496.0,星期二,-0.0047,0.0258
2019-03-04,4.23,4.29,4.4,4.21,387576.0,星期一,0.0048,0.0142
2019-03-01,4.2,4.21,4.24,4.14,132874.0,星期五,0.0,0.0024
2019-02-28,4.19,4.2,4.23,4.16,122207.0,星期四,0.0072,0.0024
2019-02-27,4.15,4.16,4.24,4.13,261133.0,星期三,-0.0072,0.0024
2019-02-26,4.14,4.18,4.36,4.09,435743.0,星期二,0.0,0.0097
2019-02-25,3.98,4.14,4.15,3.97,293447.0,星期一,0.0051,0.0402
2019-02-22,3.9,3.96,3.96,3.87,133513.0,星期五,0.0,0.0154
2019-02-21,3.93,3.9,3.97,3.87,149505.0,星期四,-0.0051,-0.0076
2019-02-20,3.95,3.95,3.97,3.9,115030.0,星期三,0.0051,0.0
2019-02-19,3.93,3.93,3.97,3.87,158156.0,星期二,0.0,0.0
2019-02-18,3.84,3.93,3.94,3.84,149582.0,星期一,0.0026,0.0234
2019-02-15,3.85,3.83,3.87,3.81,84123.0,星期五,0.0,-0.0052
2019-02-14,3.85,3.85,3.89,3.82,118516.0,星期四,0.0,0.0
2019-02-13,3.79,3.85,3.86,3.77,139834.0,星期三,0.0,0.0158
2019-02-12,3.76,3.79,3.8,3.73,96388.0,星期二,0.0027,0.008
2019-02-11,3.69,3.75,3.76,3.68,64451.0,星期一,-0.0027,0.0163
2019-02-01,3.62,3.7,3.71,3.6,60652.0,星期五,0.0084,0.0221
2019-01-31,3.64,3.59,3.67,3.58,67691.0,星期四,0.0,-0.0137
2019-01-30,3.66,3.64,3.69,3.63,34516.0,星期三,0.0,-0.0055
2019-01-29,3.72,3.66,3.72,3.62,76045.0,星期二,-0.0053,-0.0161
2019-01-28,3.76,3.74,3.83,3.71,86012.0,星期一,0.0027,-0.0053
2019-01-25,3.72,3.75,3.84,3.7,103284.0,星期五,0.0027,0.0081
2019-01-24,3.72,3.71,3.75,3.68,60700.0,星期四,-0.0027,-0.0027
2019-01-23,3.72,3.73,3.75,3.71,37522.0,星期三,0.0,0.0027
2019-01-22,3.77,3.72,3.78,3.71,50165.0,星期二,0.0,-0.0133
2019-01-21,3.77,3.77,3.82,3.75,65513.0,星期一,0.0,0.0
2019-01-18,3.74,3.77,3.78,3.7,58319.0,星期五,0.0027,0.008
2019-01-17,3.78,3.73,3.8,3.73,59931.0,星期四,0.0,-0.0132
2019-01-16,3.85,3.78,3.85,3.77,98942.0,星期三,-0.0052,-0.0182
2019-01-15,3.77,3.87,3.9,3.77,102526.0,星期二,-0.0053,0.0265
2019-01-14,3.78,3.79,3.83,3.78,51854.0,星期一,0.0,0.0026
2019-01-11,3.72,3.78,3.81,3.72,82064.0,星期五,-0.0027,0.0161
2019-01-10,3.75,3.73,3.78,3.71,59796.0,星期四,0.0,-0.0053
2019-01-09,3.73,3.75,3.85,3.73,77249.0,星期三,-0.0053,0.0054
2019-01-08,3.73,3.75,3.78,3.71,58951.0,星期二,0.0,0.0054
2019-01-07,3.68,3.73,3.78,3.67,95217.0,星期一,0.0055,0.0136
2019-01-04,3.53,3.66,3.67,3.52,72742.0,星期五,-0.0056,0.0368
2019-01-03,3.54,3.55,3.61,3.52,35079.0,星期四,0.0028,0.0028
2019-01-02,3.58,3.53,3.6,3.51,58078.0,星期三,0.0056,-0.014
2018-12-28,3.6,3.56,3.63,3.5,59767.0,星期五,0.0056,-0.0111
2018-12-27,3.72,3.58,3.73,3.58,54879.0,星期四,0.0192,-0.0376
2018-12-26,3.64,3.65,3.68,3.64,40896.0,星期三,-0.0055,0.0027
2018-12-25,3.69,3.66,3.69,3.58,94371.0,星期二,-0.0107,-0.0081
2018-12-24,3.7,3.73,3.74,3.68,46937.0,星期一,-0.0027,0.0081
2018-12-21,3.74,3.71,3.76,3.65,108205.0,星期五,-0.008,-0.008
2018-12-20,3.79,3.77,3.81,3.71,82694.0,星期四,0.0,-0.0053
2018-12-19,3.84,3.79,3.86,3.77,80110.0,星期三,-0.0052,-0.013
2018-12-18,3.94,3.86,3.96,3.83,107300.0,星期二,0.0,-0.0203
2018-12-17,3.97,3.94,3.98,3.87,89624.0,星期一,0.0051,-0.0076
2018-12-14,4.06,3.95,4.06,3.94,163365.0,星期五,0.0,-0.0271
2018-12-13,3.96,4.06,4.1,3.92,275100.0,星期四,0.0,0.0253
2018-12-12,3.96,3.96,3.97,3.92,62182.0,星期三,0.0025,0.0
2018-12-11,3.96,3.95,3.98,3.91,63432.0,星期二,0.0051,-0.0025
2018-12-10,3.93,3.94,4.01,3.93,102894.0,星期一,-0.0101,0.0025
2018-12-07,3.86,3.97,3.99,3.86,211524.0,星期五,0.0078,0.0285
2018-12-06,3.86,3.83,3.9,3.82,76262.0,星期四,0.0,-0.0078
2018-12-05,3.85,3.86,3.91,3.85,64734.0,星期三,-0.0179,0.0026
2018-12-04,3.91,3.92,3.93,3.88,69294.0,星期二,0.0,0.0026
2018-12-03,3.88,3.91,3.95,3.87,136857.0,星期一,0.0131,0.0077
2018-11-30,3.8,3.83,3.84,3.75,44423.0,星期五,0.0,0.0079
2018-11-29,3.88,3.8,3.91,3.8,55331.0,星期四,0.0,-0.0206
2018-11-28,3.81,3.88,3.88,3.76,72718.0,星期三,0.0,0.0184
2018-11-27,3.79,3.81,3.84,3.78,50635.0,星期二,0.0,0.0053
2018-11-26,3.74,3.79,3.8,3.74,51266.0,星期一,-0.0027,0.0134
2018-11-23,3.9,3.75,3.9,3.74,115563.0,星期五,0.0,-0.0385
2018-11-22,3.94,3.9,3.94,3.87,52179.0,星期四,0.0025,-0.0102
2018-11-21,3.86,3.93,3.93,3.82,76371.0,星期三,-0.0052,0.0181
2018-11-20,3.98,3.88,4.01,3.88,102978.0,星期二,-0.01,-0.0251
2018-11-19,4.02,4.02,4.03,3.93,126413.0,星期一,0.0025,0.0
2018-11-16,3.93,4.01,4.03,3.9,192573.0,星期五,0.0026,0.0204
2018-11-15,3.9,3.92,3.94,3.87,142302.0,星期四,0.0026,0.0051
2018-11-14,3.85,3.89,3.94,3.84,177201.0,星期三,-0.0052,0.0104
2018-11-13,3.75,3.87,3.91,3.74,186287.0,星期二,-0.0106,0.032
2018-11-12,3.68,3.79,3.83,3.65,96413.0,星期一,-0.0027,0.0299
2018-11-09,3.7,3.69,3.74,3.69,44057.0,星期五,-0.0027,-0.0027
2018-11-08,3.79,3.71,3.82,3.71,59413.0,星期四,0.0134,-0.0211
2018-11-07,3.8,3.74,3.8,3.73,65091.0,星期三,0.0026,-0.0158
2018-11-06,3.78,3.79,3.81,3.74,71738.0,星期二,-0.0053,0.0026
2018-11-05,3.79,3.8,3.82,3.73,119804.0,星期一,0.0,0.0026
2018-11-02,3.7,3.79,3.87,3.68,141103.0,星期五,0.0082,0.0243
2018-11-01,3.71,3.67,3.78,3.66,129219.0,星期四,0.0164,-0.0108
2018-10-31,3.6,3.65,3.68,3.59,86649.0,星期三,0.0028,0.0139
2018-10-30,3.55,3.59,3.62,3.53,58472.0,星期二,-0.0028,0.0113
2018-10-29,3.59,3.56,3.64,3.55,51901.0,星期一,0.0028,-0.0084
2018-10-26,3.59,3.58,3.66,3.56,71015.0,星期五,0.0056,-0.0028
2018-10-25,3.44,3.57,3.57,3.41,57798.0,星期四,-0.0282,0.0378
2018-10-24,3.52,3.54,3.59,3.5,48711.0,星期三,0.0,0.0057
2018-10-23,3.56,3.52,3.61,3.5,83652.0,星期二,-0.0028,-0.0112
2018-10-22,3.47,3.57,3.66,3.45,124687.0,星期一,0.0117,0.0288
2018-10-19,3.35,3.43,3.45,3.31,61567.0,星期五,-0.0089,0.0239
2018-10-18,3.47,3.38,3.47,3.36,74072.0,星期四,-0.0057,-0.0259
2018-10-17,3.49,3.49,3.52,3.41,53858.0,星期三,0.0116,0.0
2018-10-16,3.5,3.45,3.54,3.43,56397.0,星期二,0.0,-0.0143
2018-10-15,3.6,3.5,3.62,3.5,62104.0,星期一,0.0084,-0.0278
2018-10-12,3.53,3.57,3.59,3.41,106983.0,星期五,-0.0028,0.0113
2018-10-11,3.75,3.54,3.76,3.47,180391.0,星期四,-0.0183,-0.056
2018-10-10,3.81,3.82,3.88,3.8,55895.0,星期三,0.0,0.0026
2018-10-09,3.86,3.81,3.88,3.8,61327.0,星期二,0.0078,-0.013
2018-10-08,3.87,3.83,3.9,3.83,83598.0,星期一,-0.0203,-0.0103
2018-09-28,3.96,3.95,3.96,3.9,95426.0,星期五,0.0051,-0.0025
2018-09-27,3.94,3.94,4.01,3.93,99057.0,星期四,-0.0025,0.0
2018-09-26,3.96,3.95,3.99,3.94,96581.0,星期三,0.0,-0.0025
2018-09-25,3.99,3.96,3.99,3.92,105207.0,星期二,0.0,-0.0075
2018-09-21,3.94,3.99,4.0,3.94,147773.0,星期五,-0.0101,0.0127
2018-09-20,3.97,3.98,4.04,3.91,256763.0,星期四,-0.0173,0.0025
2018-09-19,3.94,4.04,4.2,3.9,420012.0,星期三,0.0314,0.0254
2018-09-18,3.63,3.82,3.85,3.62,154936.0,星期二,-0.0027,0.0523
2018-09-17,3.74,3.64,3.75,3.64,103717.0,星期一,-0.0027,-0.0267
2018-09-14,3.83,3.75,3.85,3.75,116246.0,星期五,0.0,-0.0209
2018-09-13,3.87,3.83,3.88,3.79,99401.0,星期四,0.0131,-0.0103
2018-09-12,3.83,3.82,3.86,3.79,49798.0,星期三,0.0,-0.0026
2018-09-11,3.89,3.83,3.92,3.81,58326.0,星期二,-0.0026,-0.0154
2018-09-10,3.97,3.9,3.97,3.89,41846.0,星期一,0.0025,-0.0176
2018-09-07,3.88,3.96,3.98,3.88,63740.0,星期五,0.0,0.0206
2018-09-06,3.93,3.88,3.97,3.88,39779.0,星期四,-0.0025,-0.0127
2018-09-05,4.0,3.94,4.02,3.94,45828.0,星期三,0.0025,-0.015
2018-09-04,3.95,3.99,4.01,3.93,46423.0,星期二,0.0,0.0101
2018-09-03,3.93,3.95,3.95,3.84,67733.0,星期一,-0.0051,0.0051
2018-08-31,4.0,3.95,4.01,3.92,74836.0,星期五,0.0,-0.0125
2018-08-30,4.06,4.0,4.06,3.98,67239.0,星期四,0.005,-0.0148
2018-08-29,4.1,4.04,4.11,4.0,127103.0,星期三,-0.0024,-0.0146
2018-08-28,4.12,4.11,4.16,4.09,75668.0,星期二,-0.0024,-0.0024
2018-08-27,4.1,4.13,4.14,4.05,144489.0,星期一,0.0024,0.0073
2018-08-24,4.24,4.09,4.24,4.08,163901.0,星期五,-0.0024,-0.0354
2018-08-23,4.24,4.25,4.28,4.2,51561.0,星期四,-0.0024,0.0024
2018-08-22,4.31,4.25,4.34,4.23,57242.0,星期三,-0.0023,-0.0139
2018-08-21,4.24,4.32,4.36,4.23,74290.0,星期二,-0.0047,0.0189
2018-08-20,4.27,4.26,4.32,4.14,91365.0,星期一,0.0,-0.0023
2018-08-17,4.42,4.27,4.46,4.26,115396.0,星期五,0.0045,-0.0339
2018-08-16,4.42,4.4,4.49,4.38,97385.0,星期四,-0.0134,-0.0045
2018-08-15,4.56,4.48,4.64,4.47,114772.0,星期三,0.0022,-0.0175
2018-08-14,4.53,4.55,4.63,4.52,104782.0,星期二,-0.0044,0.0044
2018-08-13,4.53,4.55,4.56,4.46,143743.0,星期一,-0.0131,0.0044
2018-08-10,4.57,4.59,4.62,4.51,189420.0,星期五,-0.0044,0.0044
2018-08-09,4.42,4.59,4.65,4.42,261013.0,星期四,-0.0045,0.0385
2018-08-08,4.46,4.44,4.57,4.43,237474.0,星期三,-0.0089,-0.0045
2018-08-07,4.27,4.5,4.55,4.22,236056.0,星期二,0.0047,0.0539
2018-08-06,4.23,4.25,4.35,4.18,100083.0,星期一,-0.0047,0.0047
2018-08-03,4.3,4.25,4.43,4.23,101057.0,星期五,-0.0069,-0.0116
2018-08-02,4.29,4.33,4.35,4.12,172265.0,星期四,-0.0092,0.0093
2018-08-01,4.45,4.33,4.55,4.33,155809.0,星期三,0.0137,-0.027
2018-07-31,4.4,4.39,4.42,4.35,78088.0,星期二,-0.0045,-0.0023
2018-07-30,4.35,4.42,4.51,4.34,130027.0,星期一,-0.0068,0.0161
2018-07-27,4.43,4.38,4.61,4.37,261049.0,星期五,0.0023,-0.0113
2018-07-26,4.43,4.42,4.48,4.35,218086.0,星期四,0.0045,-0.0023
2018-07-25,4.45,4.41,4.5,4.38,264750.0,星期三,-0.0155,-0.009
2018-07-24,4.22,4.52,4.59,4.18,460343.0,星期二,0.012,0.0711
2018-07-23,4.0,4.17,4.23,3.97,193278.0,星期一,-0.0025,0.0425
2018-07-20,3.96,4.01,4.02,3.91,93981.0,星期五,0.0,0.0126
2018-07-19,3.94,3.96,3.98,3.92,58657.0,星期四,0.0,0.0051
2018-07-18,3.95,3.94,3.97,3.92,53281.0,星期三,0.0025,-0.0025
2018-07-17,3.95,3.94,3.96,3.9,42017.0,星期二,0.0025,-0.0025
2018-07-16,3.95,3.94,3.97,3.91,53898.0,星期一,0.0,-0.0025
2018-07-13,3.94,3.95,3.96,3.9,60992.0,星期五,0.0,0.0025
2018-07-12,3.84,3.94,3.94,3.83,81037.0,星期四,0.0026,0.026
2018-07-11,3.91,3.83,3.91,3.78,64971.0,星期三,-0.0076,-0.0205
2018-07-10,3.89,3.94,3.95,3.89,46643.0,星期二,-0.0026,0.0129
2018-07-09,3.81,3.9,3.91,3.81,64214.0,星期一,-0.0078,0.0236
2018-07-06,3.86,3.84,3.91,3.73,95470.0,星期五,-0.0052,-0.0052
2018-07-05,3.95,3.88,3.97,3.87,48935.0,星期四,-0.0025,-0.0177
2018-07-04,3.99,3.96,4.0,3.94,40391.0,星期三,0.0025,-0.0075
2018-07-03,3.91,3.98,4.0,3.91,57028.0,星期二,-0.0076,0.0179
2018-07-02,4.03,3.94,4.04,3.9,71350.0,星期一,0.0025,-0.0223
2018-06-29,3.93,4.02,4.03,3.93,59097.0,星期五,0.0,0.0229
2018-06-28,3.95,3.93,4.01,3.91,47837.0,星期四,0.0,-0.0051
2018-06-27,4.0,3.95,4.02,3.92,45829.0,星期三,0.0,-0.0125
2018-06-26,3.94,4.0,4.01,3.9,59290.0,星期二,-0.0101,0.0152
2018-06-25,4.03,3.98,4.06,3.96,54430.0,星期一,0.0075,-0.0124
2018-06-22,3.94,4.0,4.03,3.91,88223.0,星期五,-0.015,0.0152
2018-06-21,4.07,4.0,4.12,3.99,70069.0,星期四,-0.1778,-0.0172
2018-06-20,4.94,4.95,4.98,4.79,112050.0,星期三,0.0,0.002
2018-06-19,5.19,4.94,5.32,4.8,132415.0,星期二,-0.0189,-0.0482
2018-06-15,5.27,5.29,5.36,5.25,64280.0,星期五,0.0,0.0038
2018-06-14,5.24,5.27,5.33,5.15,58690.0,星期四,0.0038,0.0057
2018-06-13,5.42,5.22,5.42,5.2,98581.0,星期三,-0.0018,-0.0369
2018-06-12,5.39,5.43,5.44,5.35,40686.0,星期二,0.0019,0.0074
2018-06-11,5.46,5.38,5.46,5.36,39196.0,星期一,-0.0018,-0.0147
2018-06-08,5.63,5.47,5.63,5.4,76891.0,星期五,-0.0018,-0.0284
2018-06-07,5.69,5.64,5.7,5.63,43659.0,星期四,0.0035,-0.0088
2018-06-06,5.66,5.67,5.7,5.65,32585.0,星期三,-0.0035,0.0018
2018-06-05,5.63,5.68,5.68,5.62,41582.0,星期二,-0.0018,0.0089
2018-06-04,5.66,5.64,5.68,5.61,42087.0,星期一,0.0035,-0.0035
2018-06-01,5.77,5.64,5.77,5.6,75823.0,星期五,-0.0017,-0.0225
2018-05-31,5.78,5.78,5.8,5.74,52188.0,星期四,0.007,0.0
2018-05-30,5.9,5.74,5.9,5.71,90119.0,星期三,-0.0101,-0.0271
2018-05-29,6.04,5.96,6.04,5.93,79255.0,星期二,0.0,-0.0132
2018-05-28,6.06,6.04,6.09,6.03,39275.0,星期一,-0.0016,-0.0033
2018-05-25,6.1,6.07,6.11,6.04,49911.0,星期五,0.0016,-0.0049
2018-05-24,6.1,6.09,6.12,6.08,49639.0,星期四,-0.0016,-0.0016
2018-05-23,6.22,6.11,6.22,6.09,89148.0,星期三,0.0,-0.0177
2018-05-22,6.22,6.22,6.23,6.18,55090.0,星期二,-0.0032,0.0
2018-05-21,6.19,6.24,6.24,6.17,82172.0,星期一,0.0049,0.0081
2018-05-18,6.13,6.16,6.21,6.1,69585.0,星期五,0.0,0.0049
2018-05-17,6.13,6.13,6.14,6.11,30177.0,星期四,0.0016,0.0
2018-05-16,6.15,6.12,6.17,6.11,45829.0,星期三,-0.0016,-0.0049
2018-05-15,6.14,6.16,6.17,6.11,39051.0,星期二,0.0,0.0033
2018-05-14,6.15,6.14,6.22,6.11,63778.0,星期一,0.0033,-0.0016
2018-05-11,6.16,6.13,6.17,6.12,53210.0,星期五,-0.0016,-0.0049
2018-05-10,6.17,6.17,6.19,6.13,48139.0,星期四,0.0033,0.0
2018-05-09,6.18,6.15,6.19,6.11,51694.0,星期三,-0.0016,-0.0049
2018-05-08,6.2,6.19,6.21,6.16,42938.0,星期二,0.0016,-0.0016
2018-05-07,6.13,6.19,6.2,6.13,57804.0,星期一,-0.0016,0.0098
2018-05-04,6.1,6.14,6.16,6.07,57401.0,星期五,-0.0016,0.0066
2018-05-03,6.06,6.11,6.11,6.0,71860.0,星期四,-0.0049,0.0083
2018-05-02,6.12,6.09,6.14,6.07,40105.0,星期三,0.0,-0.0049
2018-04-27,6.14,6.12,6.14,6.06,40871.0,星期五,0.0099,-0.0033
2018-04-26,6.16,6.08,6.17,6.08,60711.0,星期四,0.0,-0.013
2018-04-25,6.18,6.16,6.18,6.14,34892.0,星期三,-0.0032,-0.0032
2018-04-24,6.09,6.2,6.21,6.07,57960.0,星期二,0.0,0.0181
2018-04-23,6.07,6.09,6.11,6.04,56693.0,星期一,-0.0016,0.0033
2018-04-20,6.28,6.08,6.28,6.06,102458.0,星期五,0.0,-0.0318
2018-04-19,6.28,6.28,6.29,6.25,47049.0,星期四,0.0016,0.0
2018-04-18,6.25,6.27,6.31,6.18,57410.0,星期三,0.0048,0.0032
2018-04-17,6.36,6.22,6.4,6.2,88977.0,星期二,0.0016,-0.022
2018-04-16,6.43,6.35,6.44,6.33,66219.0,星期一,0.0,-0.0124
2018-04-13,6.49,6.43,6.51,6.41,54475.0,星期五,0.0078,-0.0092
2018-04-12,6.53,6.44,6.53,6.42,61175.0,星期四,-0.0015,-0.0138
2018-04-11,6.51,6.54,6.58,6.51,63153.0,星期三,-0.0015,0.0046
2018-04-10,6.45,6.52,6.52,6.42,55954.0,星期二,0.0,0.0109
2018-04-09,6.45,6.45,6.47,6.38,47502.0,星期一,-0.0015,0.0
2018-04-04,6.51,6.46,6.53,6.45,47469.0,星期三,0.0062,-0.0077
2018-04-03,6.49,6.47,6.54,6.44,64934.0,星期二,-0.0107,-0.0031
2018-04-02,6.48,6.56,6.65,6.47,87492.0,星期一,-0.0031,0.0123
2018-03-30,6.51,6.5,6.55,6.48,78417.0,星期五,0.0015,-0.0015
2018-03-29,6.47,6.5,6.51,6.38,63190.0,星期四,0.0094,0.0046
2018-03-28,6.4,6.41,6.46,6.36,50353.0,星期三,-0.0108,0.0016
2018-03-27,6.43,6.47,6.5,6.41,80638.0,星期二,0.011,0.0062
2018-03-26,6.33,6.36,6.41,6.25,87409.0,星期一,-0.0078,0.0047
2018-03-23,6.57,6.38,6.6,6.3,146269.0,星期五,-0.0238,-0.0289
2018-03-22,6.75,6.73,6.76,6.69,92173.0,星期四,0.0045,-0.003
2018-03-21,6.66,6.72,6.75,6.61,87908.0,星期三,0.0015,0.009
2018-03-20,6.66,6.65,6.66,6.57,50865.0,星期二,0.0,-0.0015
2018-03-19,6.65,6.66,6.71,6.63,43563.0,星期一,0.0015,0.0015
2018-03-16,6.65,6.64,6.73,6.63,62073.0,星期五,-0.0015,-0.0015
2018-03-15,6.7,6.66,6.73,6.6,75338.0,星期四,-0.003,-0.006
2018-03-14,6.72,6.72,6.75,6.69,62078.0,星期三,-0.0015,0.0
2018-03-13,6.81,6.73,6.81,6.71,85865.0,星期二,0.0,-0.0117
2018-03-12,6.76,6.81,6.83,6.76,94833.0,星期一,0.0015,0.0074
2018-03-09,6.7,6.75,6.76,6.7,75228.0,星期五,-0.0015,0.0075
2018-03-08,6.68,6.71,6.72,6.66,65086.0,星期四,0.0,0.0045
2018-03-07,6.78,6.68,6.79,6.68,76997.0,星期三,0.0015,-0.0147
2018-03-06,6.71,6.77,6.77,6.67,79967.0,星期二,0.0015,0.0089
2018-03-05,6.73,6.7,6.77,6.66,54309.0,星期一,-0.0015,-0.0045
2018-03-02,6.7,6.74,6.75,6.68,53201.0,星期五,-0.0074,0.006
2018-03-01,6.69,6.75,6.76,6.66,99106.0,星期四,-0.003,0.009
2018-02-28,6.64,6.71,6.77,6.62,107771.0,星期三,-0.0134,0.0105
2018-02-27,6.73,6.73,6.79,6.67,91977.0,星期二,0.0,0.0
2018-02-26,6.61,6.73,6.75,6.6,99517.0,星期一,0.0046,0.0182
2018-02-23,6.59,6.58,6.61,6.54,57488.0,星期五,0.0015,-0.0015
2018-02-22,6.45,6.58,6.58,6.45,82562.0,星期四,0.0031,0.0202
2018-02-14,6.37,6.43,6.47,6.33,53128.0,星期三,0.0,0.0094
2018-02-13,6.43,6.37,6.49,6.36,70371.0,星期二,0.0063,-0.0093
2018-02-12,6.34,6.39,6.43,6.34,71672.0,星期一,-0.0016,0.0079
2018-02-09,6.5,6.35,6.52,6.15,146248.0,星期五,-0.0181,-0.0231
2018-02-08,6.58,6.62,6.65,6.54,78699.0,星期四,0.0,0.0061
2018-02-07,6.68,6.58,6.75,6.52,90018.0,星期三,0.0214,-0.015
2018-02-06,6.8,6.54,6.85,6.51,149131.0,星期二,-0.0116,-0.0382
2018-02-05,6.8,6.88,6.9,6.76,95520.0,星期一,0.0015,0.0118
2018-02-02,6.71,6.79,6.8,6.64,107501.0,星期五,-0.003,0.0119
2018-02-01,6.86,6.73,6.92,6.73,150876.0,星期四,0.0,-0.019
2018-01-31,6.95,6.86,6.99,6.85,163651.0,星期三,0.0176,-0.0129
2018-01-30,6.89,6.83,6.91,6.82,145390.0,星期二,-0.0029,-0.0087
2018-01-29,7.1,6.91,7.12,6.86,216404.0,星期一,0.0,-0.0268
2018-01-26,7.07,7.1,7.15,7.07,82990.0,星期五,-0.0028,0.0042
2018-01-25,7.13,7.09,7.16,7.08,106077.0,星期四,0.0014,-0.0056
2018-01-24,7.08,7.12,7.12,7.03,98218.0,星期三,0.0,0.0056
2018-01-23,7.05,7.08,7.08,7.03,92098.0,星期二,0.0014,0.0043
2018-01-22,7.01,7.04,7.04,6.93,75357.0,星期一,0.0,0.0043
2018-01-19,7.07,7.01,7.08,7.0,97123.0,星期五,0.0043,-0.0085
2018-01-18,6.99,7.04,7.08,6.96,114112.0,星期四,0.0,0.0072
2018-01-17,7.03,6.99,7.05,6.92,102597.0,星期三,0.0029,-0.0057
2018-01-16,6.88,7.01,7.01,6.87,92836.0,星期二,0.0015,0.0189
2018-01-15,7.08,6.87,7.11,6.86,175692.0,星期一,-0.0042,-0.0297
2018-01-12,7.08,7.11,7.17,7.08,88738.0,星期五,-0.0056,0.0042
2018-01-11,7.18,7.12,7.18,7.08,157809.0,星期四,-0.0014,-0.0084
2018-01-10,7.39,7.19,7.42,7.15,294803.0,星期三,0.0068,-0.0271
2018-01-09,7.11,7.34,7.41,7.09,361913.0,星期二,-0.0014,0.0323
2018-01-08,7.1,7.12,7.15,7.05,114732.0,星期一,-0.0042,0.0028
2018-01-05,7.03,7.13,7.18,7.0,184251.0,星期五,0.0,0.0142
2018-01-04,7.11,7.03,7.11,7.01,112878.0,星期四,0.0028,-0.0113
2018-01-03,7.04,7.09,7.11,7.0,164808.0,星期三,0.0014,0.0071
2018-01-02,6.94,7.03,7.03,6.87,146055.0,星期二,0.0073,0.013
2017-12-29,6.85,6.89,6.92,6.81,81124.0,星期五,0.0,0.0058
2017-12-28,6.85,6.85,6.88,6.8,102104.0,星期四,0.0015,0.0
2017-12-27,6.92,6.84,6.97,6.8,153510.0,星期三,0.0073,-0.0116
2017-12-26,6.87,6.87,6.87,6.76,118678.0,星期二,0.0029,0.0
2017-12-25,6.91,6.85,6.94,6.82,91188.0,星期一,0.0,-0.0087
2017-12-22,6.93,6.91,7.0,6.88,146161.0,星期五,-0.0072,-0.0029
2017-12-21,7.01,6.98,7.07,6.93,111375.0,星期四,-0.0071,-0.0043
2017-12-20,7.2,7.06,7.26,7.04,114672.0,星期三,-0.0041,-0.0194
2017-12-19,7.13,7.23,7.26,7.11,104911.0,星期二,-0.0014,0.014
2017-12-18,7.08,7.14,7.22,7.08,119907.0,星期一,0.0071,0.0085
2017-12-15,7.11,7.03,7.11,7.0,82449.0,星期五,-0.0014,-0.0113
2017-12-14,7.05,7.12,7.13,7.05,66533.0,星期四,-0.0056,0.0099
2017-12-13,7.04,7.09,7.1,7.03,61990.0,星期三,-0.0028,0.0071
2017-12-12,7.05,7.06,7.1,7.02,112644.0,星期二,-0.0028,0.0014
2017-12-11,7.02,7.07,7.1,6.99,97969.0,星期一,-0.0028,0.0071
2017-12-08,6.87,7.04,7.12,6.83,133759.0,星期五,-0.0029,0.0247
2017-12-07,6.76,6.89,6.94,6.75,110478.0,星期四,-0.0073,0.0192
2017-12-06,6.79,6.81,6.83,6.7,66319.0,星期三,0.0015,0.0029
2017-12-05,6.86,6.78,6.9,6.72,108963.0,星期二,-0.0015,-0.0117
2017-12-04,7.0,6.87,7.02,6.81,120866.0,星期一,0.0,-0.0186
2017-12-01,6.97,7.0,7.06,6.92,88290.0,星期五,-0.0014,0.0043
2017-11-30,6.95,6.98,7.06,6.9,106801.0,星期四,0.0,0.0043
2017-11-29,6.98,6.95,6.99,6.88,77630.0,星期三,0.0014,-0.0043
2017-11-28,6.85,6.97,6.99,6.85,67749.0,星期二,-0.0015,0.0175
2017-11-27,6.93,6.86,6.93,6.84,49176.0,星期一,0.0029,-0.0101
2017-11-24,6.96,6.91,6.96,6.86,69758.0,星期五,0.0,-0.0072
2017-11-23,6.94,6.96,7.02,6.88,89104.0,星期四,0.0,0.0029
2017-11-22,6.95,6.94,7.02,6.91,70130.0,星期三,0.0,-0.0014
2017-11-21,7.02,6.95,7.06,6.92,93960.0,星期二,0.0014,-0.01
2017-11-20,7.0,7.01,7.03,6.88,66324.0,星期一,0.0014,0.0014
2017-11-17,7.24,6.99,7.25,6.98,123744.0,星期五,-0.0014,-0.0345
2017-11-16,7.17,7.25,7.28,7.17,70763.0,星期四,-0.0014,0.0112
2017-11-15,7.25,7.18,7.27,7.17,67040.0,星期三,0.0014,-0.0097
2017-11-14,7.21,7.24,7.29,7.21,89583.0,星期二,-0.0028,0.0042
2017-11-13,7.44,7.23,7.45,7.21,174950.0,星期一,0.0,-0.0282
2017-11-10,7.53,7.44,7.54,7.4,92604.0,星期五,0.0013,-0.012
2017-11-09,7.41,7.52,7.52,7.41,78364.0,星期四,-0.008,0.0148
2017-11-08,7.45,7.47,7.58,7.45,170485.0,星期三,0.015,0.0027
2017-11-07,7.41,7.34,7.42,7.26,105235.0,星期二,0.0,-0.0094
2017-11-06,7.36,7.41,7.42,7.25,111555.0,星期一,0.0,0.0068
2017-11-03,7.33,7.36,7.4,7.28,75014.0,星期五,0.0041,0.0041
2017-11-02,7.51,7.3,7.52,7.28,110366.0,星期四,0.0,-0.028
2017-11-01,7.63,7.51,7.63,7.43,158279.0,星期三,-0.0013,-0.0157
2017-10-31,7.61,7.64,7.69,7.43,153969.0,星期二,0.004,0.0039
2017-10-30,7.89,7.58,7.94,7.54,117119.0,星期一,0.0,-0.0393
2017-10-27,8.04,7.89,8.05,7.88,78188.0,星期五,0.0012,-0.0187
2017-10-26,7.92,8.03,8.03,7.9,90434.0,星期四,-0.0088,0.0139
2017-10-25,8.1,7.99,8.15,7.96,71502.0,星期三,-0.0037,-0.0136
2017-10-24,8.21,8.13,8.21,8.09,52376.0,星期二,0.0024,-0.0097
2017-10-23,8.18,8.19,8.23,8.1,62385.0,星期一,0.0037,0.0012
2017-10-20,8.05,8.15,8.16,8.01,44253.0,星期五,-0.0012,0.0124
2017-10-19,8.17,8.06,8.2,8.05,65086.0,星期四,0.0012,-0.0135
2017-10-18,8.27,8.16,8.27,8.1,83873.0,星期三,0.0,-0.0133
2017-10-17,8.28,8.27,8.31,8.22,53091.0,星期二,-0.0012,-0.0012
2017-10-16,8.46,8.29,8.46,8.22,120858.0,星期一,0.0,-0.0201
2017-10-13,8.51,8.46,8.53,8.42,81956.0,星期五,-0.0023,-0.0059
2017-10-12,8.5,8.53,8.55,8.44,85239.0,星期四,-0.0012,0.0035
2017-10-11,8.55,8.51,8.58,8.46,88551.0,星期三,0.0059,-0.0047
2017-10-10,8.4,8.5,8.54,8.38,112327.0,星期二,-0.0024,0.0119
2017-10-09,8.33,8.42,8.44,8.25,126766.0,星期一,0.0109,0.0108
2017-09-29,8.25,8.24,8.3,8.19,85324.0,星期五,0.0012,-0.0012
2017-09-28,8.35,8.24,8.4,8.2,124266.0,星期四,0.0,-0.0132
2017-09-27,8.37,8.35,8.39,8.31,70691.0,星期三,0.0036,-0.0024
2017-09-26,8.53,8.34,8.56,8.29,114434.0,星期二,0.0035,-0.0223
2017-09-25,8.54,8.5,8.65,8.44,108829.0,星期一,0.0,-0.0047
2017-09-22,8.4,8.54,8.69,8.32,182944.0,星期五,-0.0012,0.0167
2017-09-21,8.68,8.41,8.68,8.4,181928.0,星期四,0.0,-0.0311
2017-09-20,8.74,8.68,8.82,8.6,164324.0,星期三,0.0104,-0.0069
2017-09-19,8.61,8.65,8.73,8.61,156814.0,星期二,-0.0092,0.0046
2017-09-18,8.5,8.69,8.85,8.5,310497.0,星期一,0.0083,0.0224
2017-09-15,8.34,8.43,8.57,8.34,217183.0,星期五,-0.0012,0.0108
2017-09-14,8.38,8.35,8.45,8.3,139109.0,星期四,0.0,-0.0036
2017-09-13,8.22,8.38,8.44,8.15,285759.0,星期三,0.0111,0.0195
2017-09-12,8.11,8.13,8.17,8.08,93641.0,星期二,-0.0049,0.0025
2017-09-11,8.0,8.15,8.18,8.0,97684.0,星期一,0.0,0.0188
2017-09-08,8.06,8.0,8.09,7.98,91254.0,星期五,0.0037,-0.0074
2017-09-07,8.14,8.03,8.21,8.03,137125.0,星期四,0.0,-0.0135
2017-09-06,8.12,8.14,8.23,8.05,95152.0,星期三,0.0,0.0025
2017-09-05,8.23,8.12,8.25,8.07,114435.0,星期二,0.0049,-0.0134
2017-09-04,7.99,8.19,8.23,7.95,229757.0,星期一,0.0038,0.025
2017-09-01,7.96,7.96,8.04,7.95,79682.0,星期五,-0.005,0.0
2017-08-31,7.97,8.0,8.01,7.91,126084.0,星期四,0.0025,0.0038
2017-08-30,8.0,7.95,8.01,7.9,121847.0,星期三,-0.0012,-0.0062
2017-08-29,7.97,8.01,8.03,7.87,143058.0,星期二,0.0038,0.005
2017-08-28,7.95,7.94,7.99,7.89,127531.0,星期一,0.0089,-0.0013
2017-08-25,7.77,7.88,7.89,7.73,81437.0,星期五,0.0,0.0142
2017-08-24,7.93,7.77,7.97,7.7,86161.0,星期四,0.0063,-0.0202
2017-08-23,7.86,7.88,7.94,7.81,72728.0,星期三,0.0013,0.0025
2017-08-22,8.0,7.85,8.02,7.83,127984.0,星期二,0.0013,-0.0188
2017-08-21,7.75,7.99,8.0,7.71,221797.0,星期一,0.0039,0.031
2017-08-18,7.72,7.72,7.76,7.67,70200.0,星期五,-0.0052,0.0
2017-08-17,7.68,7.76,7.78,7.68,70144.0,星期四,0.0013,0.0104
2017-08-16,7.75,7.67,7.79,7.65,75460.0,星期三,-0.0013,-0.0103
2017-08-15,7.75,7.76,7.8,7.71,47762.0,星期二,-0.0013,0.0013
2017-08-14,7.52,7.76,7.76,7.52,87939.0,星期一,-0.0013,0.0319
2017-08-11,7.69,7.53,7.69,7.49,118084.0,星期五,-0.0026,-0.0208
2017-08-10,7.75,7.71,7.83,7.63,118790.0,星期四,-0.0013,-0.0052
2017-08-09,7.93,7.76,7.96,7.75,170281.0,星期三,-0.0025,-0.0214
2017-08-08,7.98,7.95,8.03,7.93,121227.0,星期二,-0.0025,-0.0038
2017-08-07,8.0,8.0,8.09,7.93,118233.0,星期一,0.0038,0.0
2017-08-04,7.89,7.97,8.12,7.89,255795.0,星期五,0.0025,0.0101
2017-08-03,7.85,7.87,7.93,7.81,169303.0,星期四,0.0013,0.0025
2017-08-02,7.84,7.84,7.98,7.81,193129.0,星期三,0.0,0.0
2017-08-01,7.73,7.84,7.86,7.67,212662.0,星期二,0.0026,0.0142
2017-07-31,7.66,7.71,7.74,7.57,153740.0,星期一,0.0,0.0065
2017-07-28,7.74,7.66,7.76,7.64,81836.0,星期五,0.0,-0.0103
2017-07-27,7.65,7.74,7.78,7.61,141926.0,星期四,-0.0065,0.0118
2017-07-26,7.73,7.7,7.77,7.59,154456.0,星期三,0.0,-0.0039
2017-07-25,7.71,7.73,7.85,7.6,260115.0,星期二,0.0065,0.0026
2017-07-24,7.41,7.66,7.68,7.38,197733.0,星期一,-0.004,0.0337
2017-07-21,7.5,7.44,7.64,7.37,294700.0,星期五,0.0316,-0.008
2017-07-20,7.25,7.27,7.38,7.25,105948.0,星期四,-0.0028,0.0028
2017-07-19,7.15,7.27,7.33,7.08,107729.0,星期三,0.0014,0.0168
2017-07-18,7.02,7.14,7.16,7.01,83370.0,星期二,-0.0043,0.0171
2017-07-17,7.63,7.05,7.64,6.9,250361.0,星期一,-0.0026,-0.076
2017-07-14,7.59,7.65,7.75,7.57,190474.0,星期五,0.0026,0.0079
2017-07-13,7.42,7.57,7.61,7.37,147703.0,星期四,0.0013,0.0202
2017-07-12,7.58,7.41,7.62,7.32,189196.0,星期三,-0.0026,-0.0224
2017-07-11,7.64,7.6,7.69,7.59,128509.0,星期二,0.0013,-0.0052
2017-07-10,7.74,7.63,7.74,7.58,167870.0,星期一,0.0013,-0.0142
2017-07-07,7.78,7.73,7.78,7.7,144416.0,星期五,-0.0013,-0.0064
2017-07-06,7.82,7.79,7.92,7.72,151896.0,星期四,-0.0064,-0.0038
2017-07-05,7.76,7.87,7.88,7.67,193944.0,星期三,-0.0064,0.0142
2017-07-04,7.88,7.81,7.93,7.76,201040.0,星期二,-0.0025,-0.0089
2017-07-03,8.03,7.9,8.21,7.83,359580.0,星期一,0.0442,-0.0162
2017-06-30,7.61,7.69,7.84,7.56,272166.0,星期五,-0.0026,0.0105
2017-06-29,7.47,7.63,7.64,7.46,164521.0,星期四,0.0,0.0214
2017-06-28,7.57,7.47,7.58,7.45,109343.0,星期三,-0.0039,-0.0132
2017-06-27,7.62,7.6,7.69,7.54,173148.0,星期二,-0.0078,-0.0026
2017-06-26,7.49,7.68,7.69,7.42,248278.0,星期一,0.0081,0.0254
2017-06-23,7.44,7.43,7.48,7.21,176413.0,星期五,0.0013,-0.0013
2017-06-22,7.57,7.43,7.61,7.41,203273.0,星期四,0.0013,-0.0185
2017-06-21,7.34,7.56,7.75,7.3,395795.0,星期三,0.0055,0.03
2017-06-20,7.26,7.3,7.34,7.24,129508.0,星期二,0.0014,0.0055
2017-06-19,7.26,7.25,7.27,7.21,68245.0,星期一,0.0055,-0.0014
2017-06-16,7.28,7.22,7.29,7.2,72462.0,星期五,0.0014,-0.0082
2017-06-15,7.18,7.27,7.28,7.17,126018.0,星期四,-0.0028,0.0125
2017-06-14,7.25,7.2,7.28,7.18,118047.0,星期三,-0.0028,-0.0069
2017-06-13,7.23,7.27,7.31,7.18,112268.0,星期二,0.0028,0.0055
2017-06-12,7.2,7.21,7.37,7.18,251381.0,星期一,-0.0014,0.0014
2017-06-09,7.2,7.21,7.23,7.16,79519.0,星期五,0.0,0.0014
2017-06-08,7.29,7.2,7.3,7.15,177371.0,星期四,0.0028,-0.0123
2017-06-07,7.16,7.27,7.34,7.16,203023.0,星期三,-0.0069,0.0154
2017-06-06,6.95,7.21,7.22,6.94,198655.0,星期二,-0.01,0.0374
2017-06-05,6.8,7.02,7.06,6.8,220419.0,星期一,0.0074,0.0324
2017-06-02,6.61,6.75,6.8,6.58,160840.0,星期五,0.0,0.0212
2017-06-01,6.82,6.61,6.87,6.59,162388.0,星期四,0.0,-0.0308
2017-05-31,7.0,6.82,7.06,6.81,176894.0,星期三,0.016,-0.0257
2017-05-26,7.01,6.89,7.03,6.87,113470.0,星期五,0.0043,-0.0171
2017-05-25,6.84,6.98,6.99,6.7,122334.0,星期四,0.0,0.0205
2017-05-24,6.75,6.84,6.85,6.61,120994.0,星期三,-0.003,0.0133
2017-05-23,7.06,6.77,7.12,6.74,185168.0,星期二,0.0014,-0.0411
2017-05-22,7.35,7.05,7.39,6.99,165002.0,星期一,0.0014,-0.0408
2017-05-19,7.35,7.34,7.42,7.32,83814.0,星期五,-0.0027,-0.0014
2017-05-18,7.31,7.37,7.48,7.3,104560.0,星期四,-0.0135,0.0082
2017-05-17,7.31,7.41,7.49,7.22,193779.0,星期三,0.0,0.0137
2017-05-16,7.16,7.31,7.32,7.05,157253.0,星期二,0.007,0.0209
2017-05-15,7.16,7.11,7.21,7.09,110525.0,星期一,0.0056,-0.007
2017-05-12,7.19,7.12,7.22,7.07,138199.0,星期五,0.0028,-0.0097
2017-05-11,7.18,7.17,7.32,6.99,236575.0,星期四,-0.0124,-0.0014
2017-05-10,7.75,7.27,7.75,7.18,227534.0,星期三,0.0065,-0.0619
2017-05-09,7.66,7.7,7.74,7.43,200595.0,星期二,-0.0052,0.0052
2017-05-08,8.13,7.7,8.13,7.65,127256.0,星期一,-0.0025,-0.0529
2017-05-05,8.2,8.15,8.21,8.01,144369.0,星期五,-0.0049,-0.0061
2017-05-04,8.27,8.24,8.37,8.15,111153.0,星期四,0.0,-0.0036
2017-05-03,8.25,8.27,8.35,8.24,113888.0,星期三,0.0012,0.0024
2017-05-02,8.27,8.24,8.33,8.2,93540.0,星期二,-0.006,-0.0036
2017-04-28,8.1,8.32,8.35,8.01,213097.0,星期五,-0.0074,0.0272
2017-04-27,8.34,8.16,8.35,7.92,263667.0,星期四,0.0048,-0.0216
2017-04-26,8.36,8.3,8.41,8.29,96828.0,星期三,0.0012,-0.0072
2017-04-25,8.36,8.35,8.47,8.31,136014.0,星期二,0.0048,-0.0012
2017-04-24,8.87,8.32,8.87,8.18,210376.0,星期一,-0.0011,-0.062
2017-04-21,9.01,8.88,9.01,8.79,103580.0,星期五,0.0045,-0.0144
2017-04-20,9.11,8.97,9.11,8.86,146186.0,星期四,0.0066,-0.0154
2017-04-19,9.3,9.05,9.3,8.88,194908.0,星期三,-0.0053,-0.0269
2017-04-18,9.5,9.35,9.56,9.31,112481.0,星期二,-0.0031,-0.0158
2017-04-17,9.53,9.53,9.61,9.47,130408.0,星期一,0.0011,0.0
2017-04-14,9.68,9.52,9.72,9.51,222702.0,星期五,-0.0082,-0.0165
2017-04-13,9.85,9.76,9.9,9.71,219764.0,星期四,-0.003,-0.0091
2017-04-12,9.77,9.88,9.94,9.69,288358.0,星期三,-0.0061,0.0113
2017-04-11,9.9,9.83,9.99,9.61,344945.0,星期二,-0.002,-0.0071
2017-04-10,10.0,9.92,10.05,9.83,308994.0,星期一,-0.006,-0.008
2017-04-07,9.81,10.06,10.13,9.69,507171.0,星期五,0.001,0.0255
2017-04-06,9.78,9.8,9.88,9.72,249885.0,星期四,0.002,0.002
2017-04-05,9.62,9.76,9.78,9.58,212933.0,星期三,0.0052,0.0146
2017-03-31,9.63,9.57,9.68,9.5,183219.0,星期五,-0.0031,-0.0062
2017-03-30,9.65,9.66,9.85,9.58,237974.0,星期四,-0.001,0.001
2017-03-29,9.76,9.66,9.78,9.59,186202.0,星期三,0.001,-0.0102
2017-03-28,9.97,9.75,10.0,9.68,293464.0,星期二,0.0,-0.0221
2017-03-27,10.16,9.97,10.17,9.95,231392.0,星期一,0.002,-0.0187
2017-03-24,10.12,10.14,10.24,10.04,310274.0,星期五,0.01,0.002
2017-03-23,10.05,10.02,10.16,9.92,270796.0,星期四,-0.0069,-0.003
2017-03-22,9.91,10.12,10.18,9.86,477267.0,星期三,-0.005,0.0212
2017-03-21,9.84,9.96,10.05,9.81,224792.0,星期二,-0.002,0.0122
2017-03-20,9.8,9.86,9.87,9.74,156544.0,星期一,-0.0061,0.0061
2017-03-17,9.95,9.86,10.06,9.85,234335.0,星期五,0.0,-0.009
2017-03-16,9.94,9.95,9.97,9.88,207762.0,星期四,0.003,0.001
2017-03-15,9.78,9.91,9.92,9.76,189899.0,星期三,-0.0051,0.0133
2017-03-14,9.8,9.83,9.91,9.79,177609.0,星期二,0.0,0.0031
2017-03-13,9.69,9.8,9.85,9.59,154141.0,星期一,0.0052,0.0114
2017-03-10,9.65,9.64,9.74,9.62,105554.0,星期五,0.0073,-0.001
2017-03-09,9.79,9.58,9.82,9.57,184255.0,星期四,0.001,-0.0215
2017-03-08,9.89,9.78,9.89,9.77,164178.0,星期三,0.0041,-0.0111
2017-03-07,9.89,9.85,9.94,9.8,136714.0,星期二,0.0,-0.004
2017-03-06,9.8,9.89,9.91,9.75,120663.0,星期一,-0.0041,0.0092
2017-03-03,9.92,9.84,9.95,9.75,207365.0,星期五,-0.005,-0.0081
2017-03-02,10.09,9.97,10.09,9.91,173152.0,星期四,0.006,-0.0119
2017-03-01,9.91,10.03,10.11,9.91,280876.0,星期三,0.0,0.0121
2017-02-28,9.85,9.91,9.94,9.84,143741.0,星期二,0.0,0.0061
2017-02-27,9.94,9.85,9.95,9.8,260678.0,星期一,-0.002,-0.0091
2017-02-24,9.96,9.96,9.97,9.8,272388.0,星期五,-0.002,0.0
2017-02-23,10.32,9.98,10.33,9.9,444970.0,星期四,0.0019,-0.0329
2017-02-22,10.43,10.3,10.43,10.17,332467.0,星期三,-0.0038,-0.0125
2017-02-21,10.43,10.47,10.48,10.33,164502.0,星期二,-0.0019,0.0038
2017-02-20,10.29,10.45,10.45,10.24,204315.0,星期一,0.0049,0.0155
2017-02-17,10.47,10.24,10.57,10.19,214267.0,星期五,0.0038,-0.022
2017-02-16,10.51,10.43,10.68,10.4,168545.0,星期四,-0.0028,-0.0076
2017-02-15,10.64,10.54,10.79,10.48,279777.0,星期三,-0.0112,-0.0094
2017-02-14,10.47,10.76,10.88,10.47,395016.0,星期二,-0.0123,0.0277
2017-02-13,10.62,10.6,10.86,10.44,378581.0,星期一,0.0066,-0.0019
2017-02-10,10.16,10.55,10.65,10.11,524914.0,星期五,0.004,0.0384
2017-02-09,10.06,10.12,10.18,10.04,201860.0,星期四,-0.0108,0.006
2017-02-08,10.4,10.17,10.43,9.92,289037.0,星期三,0.0206,-0.0221
2017-02-06,10.0,10.19,10.2,9.97,254228.0,星期一,0.006,0.019
2017-02-03,10.08,9.94,10.11,9.88,98590.0,星期五,0.004,-0.0139
2017-01-26,9.93,10.04,10.05,9.89,143213.0,星期四,0.0051,0.0111
2017-01-25,9.99,9.88,10.0,9.8,104815.0,星期三,0.006,-0.011
2017-01-24,10.01,9.93,10.09,9.86,121900.0,星期二,-0.006,-0.008
2017-01-23,9.71,10.07,10.08,9.66,179692.0,星期一,0.001,0.0371
2017-01-20,9.66,9.7,9.86,9.55,115371.0,星期五,0.001,0.0041
2017-01-19,9.65,9.65,9.75,9.58,100218.0,星期四,-0.0021,0.0
2017-01-18,9.72,9.67,9.86,9.51,129939.0,星期三,0.0021,-0.0051
2017-01-17,9.66,9.7,9.81,9.5,145151.0,星期二,-0.0051,0.0041
2017-01-16,9.5,9.71,9.88,9.39,234923.0,星期一,-0.0104,0.0221
2017-01-13,9.88,9.6,9.98,9.58,139460.0,星期五,-0.004,-0.0283
2017-01-12,10.2,9.92,10.24,9.89,198243.0,星期四,0.0049,-0.0275
2017-01-11,10.3,10.15,10.43,10.0,259256.0,星期三,0.0088,-0.0146
2017-01-10,10.32,10.21,10.57,10.19,241323.0,星期二,-0.0105,-0.0107
2017-01-09,10.1,10.43,10.65,10.06,506754.0,星期一,-0.003,0.0327
2017-01-06,9.89,10.13,10.19,9.84,341315.0,星期五,0.002,0.0243
2017-01-05,9.9,9.87,10.05,9.82,193313.0,星期四,-0.007,-0.003
2017-01-04,10.0,9.97,10.09,9.89,186417.0,星期三,-0.002,-0.003
2017-01-03,10.03,10.02,10.08,9.95,160935.0,星期二,0.005,-0.001
2016-12-30,9.86,9.98,10.06,9.84,265731.0,星期五,-0.002,0.0122
2016-12-29,9.7,9.88,10.05,9.66,252604.0,星期四,-0.0072,0.0186
2016-12-28,9.8,9.77,9.94,9.73,225257.0,星期三,0.0031,-0.0031
2016-12-27,9.93,9.77,10.2,9.7,567420.0,星期二,0.0475,-0.0161
2016-12-26,9.54,9.48,9.54,9.34,95655.0,星期一,0.0,-0.0063
2016-12-23,9.61,9.54,9.62,9.43,110890.0,星期五,-0.0021,-0.0073
2016-12-22,9.5,9.63,9.67,9.47,154331.0,星期四,-0.0042,0.0137
2016-12-21,9.65,9.54,9.72,9.35,191772.0,星期三,0.0031,-0.0114
2016-12-20,9.75,9.62,9.78,9.56,101349.0,星期二,-0.0041,-0.0133
2016-12-19,9.51,9.79,9.82,9.51,162797.0,星期一,-0.0104,0.0294
2016-12-16,9.44,9.61,9.73,9.41,133360.0,星期五,-0.0053,0.018
2016-12-15,9.31,9.49,9.55,9.3,124669.0,星期四,-0.0075,0.0193
2016-12-14,9.42,9.38,9.64,9.36,190066.0,星期三,0.0011,-0.0042
2016-12-13,9.15,9.41,9.42,9.0,126074.0,星期二,0.0,0.0284
2016-12-12,9.69,9.15,9.7,8.98,204747.0,星期一,-0.0051,-0.0557
2016-12-09,9.59,9.74,9.89,9.57,205144.0,星期五,-0.0052,0.0156
2016-12-08,9.57,9.64,9.74,9.5,139134.0,星期四,0.0,0.0073
2016-12-07,9.47,9.57,9.61,9.34,155543.0,星期三,0.0021,0.0106
2016-12-06,9.31,9.45,9.57,9.31,159541.0,星期二,0.0011,0.015
2016-12-05,9.44,9.3,9.46,9.11,253711.0,星期一,-0.0248,-0.0148
2016-12-02,10.25,9.68,10.28,9.65,612537.0,星期五,0.0417,-0.0556
2016-11-23,9.86,9.84,9.96,9.77,218031.0,星期三,0.001,-0.002
2016-11-22,9.72,9.85,9.98,9.67,264529.0,星期二,0.0,0.0134
2016-11-21,9.63,9.72,9.75,9.6,193927.0,星期一,0.0,0.0093
2016-11-18,9.68,9.63,9.73,9.6,153850.0,星期五,-0.0041,-0.0052
2016-11-17,9.68,9.72,9.83,9.58,234301.0,星期四,-0.0021,0.0041
2016-11-16,9.96,9.7,10.0,9.63,418637.0,星期三,0.001,-0.0261
2016-11-15,9.9,9.95,9.96,9.84,190189.0,星期二,0.0,0.0051
2016-11-14,9.83,9.9,10.01,9.78,328752.0,星期一,-0.0091,0.0071
2016-11-11,9.63,9.92,10.02,9.63,396186.0,星期五,-0.0062,0.0301
2016-11-10,9.6,9.69,9.74,9.59,220696.0,星期四,0.0095,0.0094
2016-11-09,9.7,9.51,9.83,9.35,304917.0,星期三,0.0094,-0.0196
2016-11-08,9.6,9.61,9.68,9.55,153178.0,星期二,0.0052,0.001
2016-11-07,9.53,9.55,9.68,9.5,154872.0,星期一,0.0,0.0021
2016-11-04,9.59,9.53,9.68,9.51,164265.0,星期五,-0.0052,-0.0063
2016-11-03,9.58,9.64,9.77,9.5,330349.0,星期四,-0.0154,0.0063
2016-11-02,9.88,9.73,9.98,9.71,286996.0,星期三,0.0133,-0.0152
2016-11-01,9.58,9.75,9.8,9.53,207759.0,星期二,0.0052,0.0177
2016-10-31,9.77,9.53,9.78,9.48,224544.0,星期一,-0.0061,-0.0246
2016-10-28,9.99,9.83,10.05,9.77,217647.0,星期五,0.0,-0.016
2016-10-27,10.09,9.99,10.15,9.88,255638.0,星期四,-0.0049,-0.0099
2016-10-26,10.38,10.14,10.54,10.07,496229.0,星期三,-0.0076,-0.0231
2016-10-25,9.98,10.46,10.58,9.91,458278.0,星期二,-0.004,0.0481
2016-10-24,9.92,10.02,10.08,9.77,354385.0,星期一,-0.001,0.0101
2016-10-21,9.96,9.93,10.15,9.75,384229.0,星期五,0.002,-0.003
2016-10-20,9.95,9.94,10.04,9.85,225259.0,星期四,-0.002,-0.001
2016-10-19,9.7,9.97,10.08,9.7,382829.0,星期三,0.0021,0.0278
2016-10-18,9.59,9.68,9.74,9.39,323845.0,星期二,0.0031,0.0094
2016-10-17,9.88,9.56,10.05,9.45,313513.0,星期一,0.002,-0.0324
2016-10-14,10.01,9.86,10.09,9.71,263480.0,星期五,0.004,-0.015
2016-10-13,9.7,9.97,10.16,9.66,503262.0,星期四,-0.0021,0.0278
2016-10-12,9.5,9.72,9.76,9.38,229168.0,星期三,-0.0073,0.0232
2016-10-11,9.57,9.57,9.66,9.47,189936.0,星期二,-0.0021,0.0
2016-10-10,9.29,9.59,9.7,9.29,275787.0,星期一,0.0087,0.0323
2016-09-30,9.21,9.21,9.29,9.1,176799.0,星期五,-0.0043,0.0
2016-09-29,9.27,9.25,9.35,9.21,178026.0,星期四,0.0032,-0.0022
2016-09-28,9.36,9.24,9.37,9.16,197307.0,星期三,-0.0053,-0.0128
2016-09-27,9.89,9.41,10.02,8.96,616940.0,星期二,-0.007,-0.0485
2016-09-26,10.1,9.96,10.19,9.88,276705.0,星期一,-0.0079,-0.0139
2016-09-23,10.17,10.18,10.44,10.15,390658.0,星期五,0.002,0.001
2016-09-22,10.22,10.15,10.25,10.06,279684.0,星期四,0.0109,-0.0068
2016-09-21,10.32,10.11,10.36,10.01,441734.0,星期三,-0.0143,-0.0203
2016-09-20,10.41,10.47,10.81,10.34,761407.0,星期二,0.0136,0.0058
2016-09-19,10.28,10.27,10.33,10.1,312484.0,星期一,0.0059,-0.001
2016-09-14,10.44,10.22,10.49,10.16,431778.0,星期三,-0.0132,-0.0211
2016-09-13,10.34,10.58,10.7,10.27,773932.0,星期二,0.0078,0.0232
2016-09-12,9.93,10.26,10.55,9.79,827312.0,星期一,-0.0246,0.0332
2016-09-09,10.35,10.18,10.42,10.12,515690.0,星期五,-0.0067,-0.0164
2016-09-08,10.4,10.42,10.53,10.06,876518.0,星期四,0.0156,0.0019
2016-09-07,10.53,10.24,11.15,10.15,1456906.0,星期三,0.0096,-0.0275
2016-09-06,9.35,10.43,10.43,9.31,1245017.0,星期二,-0.0137,0.1155
2016-09-05,8.88,9.48,9.7,8.88,811790.0,星期一,0.0023,0.0676
2016-09-02,8.94,8.86,9.08,8.67,365534.0,星期五,-0.0089,-0.0089
2016-09-01,8.98,9.02,9.19,8.9,519599.0,星期四,0.0,0.0045
2016-08-31,8.8,8.98,9.06,8.61,527887.0,星期三,-0.009,0.0205
2016-08-30,8.76,8.88,9.06,8.7,839732.0,星期二,-0.0023,0.0137
2016-08-29,8.23,8.78,9.0,8.16,779490.0,星期一,0.0049,0.0668
2016-08-26,8.14,8.19,8.24,8.1,179700.0,星期五,-0.0037,0.0061
2016-08-25,8.08,8.17,8.23,8.01,205218.0,星期四,-0.0012,0.0111
2016-08-24,8.15,8.09,8.15,8.05,105278.0,星期三,0.0049,-0.0074
2016-08-23,8.12,8.11,8.15,8.03,122263.0,星期二,0.0025,-0.0012
2016-08-22,8.2,8.1,8.25,8.07,140479.0,星期一,-0.0012,-0.0122
2016-08-19,8.34,8.21,8.35,8.18,156741.0,星期五,0.0024,-0.0156
2016-08-18,8.28,8.32,8.33,8.23,182773.0,星期四,0.0,0.0048
2016-08-17,8.3,8.28,8.32,8.18,170655.0,星期三,0.0012,-0.0024
2016-08-16,8.3,8.29,8.39,8.25,222028.0,星期二,-0.0012,-0.0012
2016-08-15,8.18,8.31,8.46,8.11,327070.0,星期一,0.0037,0.0159
2016-08-12,8.08,8.15,8.16,8.02,113458.0,星期五,0.0012,0.0087
2016-08-11,8.22,8.07,8.27,8.06,175177.0,星期四,-0.0036,-0.0182
2016-08-10,8.39,8.25,8.39,8.23,209612.0,星期三,0.0012,-0.0167
2016-08-09,8.08,8.38,8.5,8.06,417977.0,星期二,-0.0037,0.0371
2016-08-08,8.0,8.11,8.12,7.88,155652.0,星期一,-0.0037,0.0137
2016-08-05,8.02,8.03,8.13,8.0,141896.0,星期五,-0.0037,0.0012
2016-08-04,8.05,8.05,8.15,8.0,192102.0,星期四,0.01,0.0
2016-08-03,7.95,7.97,8.0,7.9,150945.0,星期三,-0.0075,0.0025
2016-08-02,7.91,8.01,8.02,7.85,175588.0,星期二,-0.0025,0.0126
2016-08-01,8.14,7.93,8.16,7.81,205365.0,星期一,-0.0061,-0.0258
2016-07-29,8.01,8.19,8.47,7.97,392761.0,星期五,-0.0012,0.0225
2016-07-28,7.91,8.02,8.13,7.91,212385.0,星期四,-0.0063,0.0139
2016-07-27,8.63,7.96,8.66,7.88,452618.0,星期三,0.0012,-0.0776
2016-07-26,8.54,8.62,8.63,8.48,187756.0,星期二,-0.0035,0.0094
2016-07-25,8.51,8.57,8.66,8.47,230205.0,星期一,0.0012,0.0071
2016-07-22,8.64,8.5,8.64,8.45,270119.0,星期五,-0.0035,-0.0162
2016-07-21,8.83,8.67,8.83,8.64,325945.0,星期四,-0.0011,-0.0181
2016-07-20,8.66,8.84,8.94,8.55,439309.0,星期三,0.0,0.0208
2016-07-19,8.66,8.66,8.67,8.43,303140.0,星期二,-0.0012,0.0
2016-07-18,8.87,8.67,8.89,8.6,373616.0,星期一,-0.0056,-0.0225
2016-07-15,9.06,8.92,9.09,8.9,418485.0,星期五,-0.0088,-0.0155
2016-07-14,8.86,9.14,9.16,8.76,633723.0,星期四,0.0,0.0316
2016-07-13,8.9,8.86,9.06,8.8,631017.0,星期三,-0.0022,-0.0045
2016-07-12,8.75,8.92,9.08,8.6,792651.0,星期二,0.0069,0.0194
2016-07-11,8.81,8.69,8.86,8.61,612780.0,星期一,-0.0079,-0.0136
2016-07-08,9.13,8.88,9.19,8.72,748097.0,星期五,0.0066,-0.0274
2016-07-07,9.16,9.07,9.4,8.92,1182370.0,星期四,0.0212,-0.0098
2016-07-06,9.09,8.97,9.25,8.69,1472625.0,星期三,0.0213,-0.0132
2016-07-05,8.36,8.9,8.9,8.21,1275126.0,星期二,0.0334,0.0646
2016-07-04,8.09,8.09,8.09,8.09,175418.0,星期一,0.1007,0.0
2016-07-01,7.4,7.35,7.4,7.32,100475.0,星期五,0.0041,-0.0068
2016-06-30,7.37,7.37,7.39,7.29,115021.0,星期四,0.0,0.0
2016-06-29,7.45,7.37,7.48,7.29,150788.0,星期三,0.0068,-0.0107
2016-06-28,7.29,7.4,7.47,7.25,192573.0,星期二,-0.0041,0.0151
2016-06-27,7.2,7.32,7.36,7.15,157173.0,星期一,-0.0123,0.0167
2016-06-24,7.44,7.29,7.45,7.05,195525.0,星期五,0.0027,-0.0202
2016-06-23,7.48,7.42,7.53,7.36,155493.0,星期四,0.0013,-0.008
2016-06-22,7.49,7.47,7.51,7.36,129467.0,星期三,0.004,-0.0027
2016-06-21,7.55,7.46,7.76,7.44,232291.0,星期二,0.004,-0.0119
2016-06-20,7.5,7.52,7.53,7.36,140687.0,星期一,0.0067,0.0027
2016-06-17,7.54,7.45,7.56,7.43,181409.0,星期五,0.0053,-0.0119
2016-06-16,7.36,7.5,7.55,7.32,192485.0,星期四,-0.0054,0.019
2016-06-15,7.12,7.4,7.6,7.12,179082.0,星期三,-0.0179,0.0393
2016-06-14,7.15,7.25,7.28,7.08,132895.0,星期二,-0.0042,0.014
2016-06-13,7.6,7.18,7.65,7.13,197235.0,星期一,-0.0194,-0.0553
2016-06-08,7.8,7.75,7.95,7.64,175282.0,星期三,-0.0038,-0.0064
2016-06-07,7.74,7.83,7.94,7.65,220569.0,星期二,0.0,0.0116
2016-06-06,7.7,7.74,7.78,7.55,192378.0,星期一,0.0026,0.0052
2016-06-03,7.86,7.68,7.9,7.6,289825.0,星期五,-0.0013,-0.0229
2016-06-02,7.9,7.87,8.07,7.76,143190.0,星期四,-0.41,-0.0038
2016-06-01,13.28,13.39,13.5,13.14,189649.0,星期三,0.0053,0.0083
2016-05-31,12.5,13.21,13.3,12.46,186007.0,星期二,-0.004,0.0568
2016-05-30,12.42,12.55,12.79,12.27,110333.0,星期一,-0.0064,0.0105
2016-05-27,12.07,12.5,12.86,12.07,175701.0,星期五,0.0042,0.0356
2016-05-26,11.81,12.02,12.04,11.64,62810.0,星期四,-0.0076,0.0178
2016-05-25,12.1,11.9,12.17,11.88,63035.0,星期三,0.0058,-0.0165
2016-05-24,11.95,12.03,12.1,11.8,77162.0,星期二,0.0025,0.0067
2016-05-23,11.72,11.92,12.03,11.72,59715.0,星期一,0.0034,0.0171
2016-05-20,11.5,11.68,11.71,11.45,46115.0,星期五,-0.0078,0.0157
2016-05-19,11.53,11.59,11.88,11.52,61166.0,星期四,0.0017,0.0052
2016-05-18,12.01,11.51,12.08,11.41,129195.0,星期三,-0.0091,-0.0416
2016-05-17,12.26,12.12,12.28,12.1,63959.0,星期二,0.0041,-0.0114
2016-05-16,12.03,12.21,12.22,11.98,52693.0,星期一,-0.0058,0.015
2016-05-13,12.39,12.1,12.58,12.01,93294.0,星期五,-0.0064,-0.0234
2016-05-12,12.28,12.47,12.49,11.98,111930.0,星期四,-0.0137,0.0155
2016-05-11,12.63,12.45,12.68,12.38,83784.0,星期三,0.0112,-0.0143
2016-05-10,12.68,12.49,12.89,12.32,128457.0,星期二,-0.0178,-0.015
2016-05-09,13.28,12.91,13.47,12.81,166379.0,星期一,0.0008,-0.0279
2016-05-06,13.49,13.27,13.94,13.24,297409.0,星期五,0.0135,-0.0163
2016-05-05,13.16,13.31,13.39,13.07,117830.0,星期四,-0.0023,0.0114
2016-05-04,13.16,13.19,13.3,13.1,119420.0,星期三,-0.0053,0.0023
2016-05-03,12.9,13.23,13.26,12.8,170921.0,星期二,0.0,0.0256
2016-04-29,13.07,12.9,13.26,12.88,155590.0,星期五,-0.0113,-0.013
2016-04-28,13.01,13.22,13.57,12.9,244482.0,星期四,-0.0327,0.0161
2016-04-27,13.9,13.45,14.99,12.83,562886.0,星期三,0.0168,-0.0324
2015-10-19,14.04,13.67,14.14,13.54,255073.0,星期一,0.0123,-0.0264
2015-10-16,14.09,13.87,14.23,13.5,285420.0,星期五,0.03,-0.0156
2015-10-15,13.05,13.68,13.97,12.99,244375.0,星期四,0.0023,0.0483
2015-10-14,13.32,13.02,13.47,13.0,177864.0,星期三,-0.0015,-0.0225
2015-10-13,13.16,13.34,13.55,13.0,251176.0,星期二,-0.009,0.0137
2015-10-12,12.52,13.28,13.37,12.52,309954.0,星期一,0.0113,0.0607
2015-10-09,12.08,12.38,12.42,11.98,218613.0,星期五,-0.0017,0.0248
2015-10-08,11.94,12.1,12.17,11.79,196017.0,星期四,0.0365,0.0134
2015-09-30,11.9,11.52,11.99,11.26,199218.0,星期三,0.0076,-0.0319
2015-09-29,12.0,11.81,12.08,11.67,153777.0,星期二,-0.0188,-0.0158
2015-09-28,11.86,12.23,12.32,11.8,212783.0,星期一,0.0059,0.0312
2015-09-25,12.0,11.79,12.22,11.65,156229.0,星期五,-0.0107,-0.0175
2015-09-24,11.98,12.13,12.17,11.76,151788.0,星期四,0.0059,0.0125
2015-09-23,11.7,11.91,12.2,11.7,188534.0,星期三,-0.0242,0.0179
2015-09-22,12.12,11.99,12.28,11.72,203564.0,星期二,-0.0049,-0.0107
2015-09-21,11.56,12.18,12.29,11.46,175030.0,星期一,-0.0228,0.0536
2015-09-18,11.66,11.83,12.1,11.56,144196.0,星期五,0.0122,0.0146
2015-09-17,11.65,11.52,12.28,11.49,248249.0,星期四,0.0175,-0.0112
2015-09-16,10.6,11.45,11.45,10.55,162852.0,星期三,0.0183,0.0802
2015-09-15,10.8,10.41,11.35,10.23,143023.0,星期二,-0.0288,-0.0361
2015-09-14,12.66,11.12,12.75,11.12,216321.0,星期一,0.0243,-0.1216
2015-09-11,11.99,12.36,12.45,11.98,144357.0,星期五,0.0008,0.0309
2015-09-10,12.06,11.98,12.3,11.92,155903.0,星期四,-0.029,-0.0066
2015-09-09,12.14,12.42,12.71,11.86,276003.0,星期三,0.0193,0.0231
2015-09-08,10.87,11.91,11.98,10.83,201864.0,星期二,-0.01,0.0957
2015-09-07,10.78,10.98,11.4,10.6,206052.0,星期一,0.0316,0.0186
2015-09-02,10.56,10.45,11.98,10.25,224358.0,星期三,-0.0671,-0.0104
2015-09-01,12.33,11.32,12.75,11.32,271401.0,星期二,-0.0199,-0.0819
2015-08-31,13.56,12.58,13.57,12.51,276436.0,星期一,0.0,-0.0723
2015-08-28,12.7,13.56,13.57,12.44,328737.0,星期五,0.0292,0.0677
2015-08-27,11.62,12.34,12.34,11.1,256881.0,星期四,0.0357,0.062
2015-08-26,12.5,11.22,13.0,11.22,367759.0,星期三,0.0024,-0.1024
2015-08-25,12.47,12.47,12.8,12.47,174322.0,星期二,-0.0996,0.0
2015-08-24,14.03,13.85,14.5,13.85,238659.0,星期一,-0.0884,-0.0128
2015-08-21,16.25,15.39,17.0,15.39,360495.0,星期五,-0.0497,-0.0529
2015-08-20,17.8,17.1,18.38,17.0,429163.0,星期四,-0.0252,-0.0393
2015-08-19,16.5,18.26,18.32,16.02,625037.0,星期三,-0.009,0.1067
2015-08-18,18.1,16.65,18.97,16.0,643776.0,星期二,0.0238,-0.0801
2015-08-17,16.08,17.68,17.68,16.07,506401.0,星期一,0.0006,0.0995
2015-08-14,16.56,16.07,16.87,15.95,320953.0,星期五,0.0395,-0.0296
2015-08-13,15.2,15.93,15.99,15.1,193195.0,星期四,-0.0072,0.048
2015-08-12,15.4,15.31,15.81,15.25,169658.0,星期三,-0.0185,-0.0058
2015-08-11,15.7,15.69,15.95,15.47,223680.0,星期二,-0.0038,-0.0006
2015-08-10,15.1,15.76,15.84,14.89,243426.0,星期一,0.0175,0.0437
2015-08-07,14.65,14.84,14.98,14.63,152622.0,星期五,0.009,0.013
2015-08-06,14.13,14.52,14.66,14.06,106886.0,星期四,-0.0342,0.0276
2015-08-05,14.58,14.63,15.15,14.41,193414.0,星期三,0.0055,0.0034
2015-08-04,13.71,14.5,14.55,13.66,174541.0,星期二,0.0141,0.0576
2015-08-03,14.1,13.52,14.25,13.13,160469.0,星期一,-0.0042,-0.0411
2015-07-31,14.15,14.16,14.83,13.91,167389.0,星期五,-0.0194,0.0007
2015-07-30,15.19,14.43,15.59,14.3,276897.0,星期四,-0.0149,-0.05
2015-07-29,14.61,15.42,15.48,14.03,187447.0,星期三,0.0125,0.0554
2015-07-28,13.92,14.43,15.14,13.32,311265.0,星期二,-0.0426,0.0366
2015-07-27,15.7,14.54,16.54,14.54,275500.0,星期一,-0.0285,-0.0739
2015-07-24,16.67,16.16,17.18,15.88,325852.0,星期五,0.0,-0.0306
2015-07-23,16.47,16.67,16.85,16.18,289617.0,星期四,0.0,0.0121
2015-07-22,16.29,16.47,16.68,15.81,307905.0,星期三,-0.0061,0.011
2015-07-21,15.6,16.39,16.86,15.32,412684.0,星期二,-0.0095,0.0506
2015-07-20,15.31,15.75,15.8,14.94,382294.0,星期一,0.0126,0.0287
2015-07-17,14.2,15.12,15.35,14.2,280688.0,星期五,0.0028,0.0648
2015-07-16,12.8,14.16,14.86,12.8,335582.0,星期四,-0.0941,0.1062
2015-07-15,15.2,14.13,15.6,14.13,317597.0,星期三,-0.0318,-0.0704
2015-07-14,15.8,15.7,17.15,15.25,605513.0,星期二,-0.01,-0.0063
2015-07-13,15.53,15.96,15.96,14.6,613069.0,星期一,0.0703,0.0277
2015-07-10,13.3,14.51,14.51,13.19,483452.0,星期五,0.0083,0.091
2015-07-09,10.79,13.19,13.19,10.79,636227.0,星期四,-0.1001,0.2224
2015-07-08,11.99,11.99,11.99,11.99,13574.0,星期三,-0.0998,0.0
2015-07-07,13.52,13.32,13.99,13.32,127324.0,星期二,-0.0865,-0.0148
2015-07-06,18.07,14.8,18.07,14.79,439089.0,星期一,0.0998,-0.181
2015-07-03,17.19,16.43,18.9,16.43,406721.0,星期五,-0.0586,-0.0442
2015-07-02,19.95,18.26,20.58,18.0,450608.0,星期四,0.0066,-0.0847
2015-07-01,20.39,19.82,21.56,19.34,556549.0,星期三,0.02,-0.028
2015-06-30,18.38,19.99,19.99,16.4,462135.0,星期二,0.0116,0.0876
2015-06-29,19.05,18.17,19.28,16.29,372039.0,星期一,0.0542,-0.0462
2015-06-26,19.51,18.07,19.6,18.07,247702.0,星期五,-0.0284,-0.0738
2015-06-25,20.86,20.08,20.97,19.52,275130.0,星期四,0.001,-0.0374
2015-06-24,20.36,20.84,21.36,20.15,403819.0,星期三,0.0298,0.0236
2015-06-23,18.43,19.77,19.95,17.53,252409.0,星期二,-0.0027,0.0727
2015-06-19,19.5,18.48,20.0,18.32,234369.0,星期五,-0.0422,-0.0523
2015-06-18,20.51,20.36,21.28,20.02,308349.0,星期四,0.0059,-0.0073
2015-06-17,19.9,20.39,20.47,19.01,269668.0,星期三,-0.0035,0.0246
2015-06-16,20.85,19.97,20.85,19.56,284809.0,星期二,-0.0095,-0.0422
2015-06-15,21.98,21.05,21.98,20.88,334329.0,星期一,0.0096,-0.0423
2015-06-12,21.6,21.77,22.25,20.68,631989.0,星期五,0.0065,0.0079
2015-06-11,20.45,21.46,21.88,20.0,838028.0,星期四,0.0282,0.0494
2015-06-10,18.89,19.89,20.2,18.61,443988.0,星期三,-0.0105,0.0529
2015-06-09,19.9,19.09,19.9,19.0,334131.0,星期二,0.0051,-0.0407
2015-06-08,19.13,19.8,20.15,18.83,571482.0,星期一,0.0,0.035
2015-06-05,18.81,19.13,19.18,18.45,456749.0,星期五,0.0016,0.017
2015-06-04,18.45,18.78,18.81,17.1,331971.0,星期四,0.0126,0.0179
2015-06-03,18.8,18.22,18.8,17.92,281348.0,星期三,0.0086,-0.0309
2015-06-02,18.06,18.64,18.7,17.75,336054.0,星期二,0.0011,0.0321
2015-06-01,17.52,18.04,18.27,17.2,260042.0,星期一,0.0104,0.0297
2015-05-29,16.96,17.34,17.9,16.1,326259.0,星期五,-0.0111,0.0224
2015-05-28,19.01,17.15,19.08,17.11,448947.0,星期四,0.0,-0.0978
2015-05-27,19.58,19.01,19.58,18.63,448778.0,星期三,0.0,-0.0291
2015-05-26,19.75,19.58,19.77,18.97,588029.0,星期二,0.0071,-0.0086
2015-05-25,17.85,19.61,19.61,17.85,686734.0,星期一,0.0011,0.0986
2015-05-22,18.08,17.83,18.6,17.55,647784.0,星期五,0.0542,-0.0138
2015-05-21,16.48,17.15,17.17,16.31,392039.0,星期四,0.0006,0.0407
2015-05-20,16.57,16.47,16.97,16.31,353814.0,星期三,0.0135,-0.006
2015-05-19,16.1,16.35,16.37,15.96,226749.0,星期二,0.0069,0.0155
2015-05-18,15.79,15.99,16.22,15.0,170932.0,星期一,0.0013,0.0127
2015-05-15,16.03,15.77,16.14,15.71,142494.0,星期五,0.0044,-0.0162
2015-05-14,16.36,15.96,16.45,15.89,188861.0,星期四,0.0136,-0.0244
2015-05-13,16.47,16.14,16.5,16.02,212015.0,星期三,-0.0072,-0.02
2015-05-12,16.39,16.59,16.69,16.12,270441.0,星期二,0.0068,0.0122
2015-05-11,16.01,16.28,16.33,15.66,242666.0,星期一,0.0076,0.0169
2015-05-08,15.6,15.89,15.9,15.34,188842.0,星期五,0.0277,0.0186
2015-05-07,15.09,15.18,15.75,15.09,206500.0,星期四,0.002,0.006
2015-05-06,15.38,15.06,15.73,14.7,195267.0,星期三,-0.0006,-0.0208
2015-05-05,16.44,15.39,16.44,15.28,207363.0,星期二,-0.003,-0.0639
2015-05-04,16.25,16.49,16.64,16.06,199374.0,星期一,-0.0122,0.0148
2015-04-30,16.46,16.45,17.16,16.39,226491.0,星期四,0.0,-0.0006
2015-04-29,16.29,16.46,16.49,15.89,211510.0,星期三,-0.0091,0.0104
2015-04-28,17.2,16.44,17.2,16.25,300573.0,星期二,0.0006,-0.0442
2015-04-27,17.15,17.19,17.4,16.9,311378.0,星期一,0.0076,0.0023
2015-04-24,17.2,17.02,17.47,16.81,267786.0,星期五,-0.0155,-0.0105
2015-04-23,17.59,17.47,17.65,17.22,356482.0,星期四,0.0011,-0.0068
2015-04-22,17.56,17.57,17.66,17.18,468377.0,星期三,0.0034,0.0006
2015-04-21,16.6,17.5,17.94,16.27,561091.0,星期二,-0.0084,0.0542
2015-04-20,16.58,16.74,17.56,16.5,695664.0,星期一,0.0128,0.0097
2015-04-17,16.65,16.37,16.88,16.15,445695.0,星期五,0.0177,-0.0168
2015-04-16,15.82,16.36,16.49,15.82,371338.0,星期四,0.0032,0.0341
2015-04-15,16.26,15.77,16.3,15.51,344152.0,星期三,0.0012,-0.0301
2015-04-14,15.95,16.24,16.52,15.74,367320.0,星期二,-0.0013,0.0182
2015-04-13,15.85,15.97,16.1,15.61,312287.0,星期一,0.0006,0.0076
2015-04-10,15.55,15.84,16.09,15.41,258610.0,星期五,-0.0026,0.0186
2015-04-09,16.15,15.59,16.15,15.06,333715.0,星期四,-0.0068,-0.0347
2015-04-08,16.11,16.26,16.77,15.9,582639.0,星期三,0.0242,0.0093
2015-04-07,15.49,15.73,15.87,15.38,364416.0,星期二,0.0065,0.0155
2015-04-03,15.3,15.39,15.58,15.15,337706.0,星期五,0.0007,0.0059
2015-04-02,15.21,15.29,15.5,15.12,320657.0,星期四,0.0026,0.0053
2015-04-01,15.3,15.17,15.48,15.11,431423.0,星期三,0.0296,-0.0085
2015-03-31,15.33,14.86,15.44,14.71,508910.0,星期二,0.0026,-0.0307
2015-03-30,14.22,15.29,15.45,14.14,614115.0,星期一,0.0014,0.0752
2015-03-27,13.92,14.2,14.46,13.91,279047.0,星期五,-0.0014,0.0201
2015-03-26,14.16,13.94,14.24,13.88,228686.0,星期四,-0.0035,-0.0155
2015-03-25,14.18,14.21,14.33,13.99,250284.0,星期三,-0.0042,0.0021
2015-03-24,14.47,14.24,14.47,13.89,328717.0,星期二,0.0,-0.0159
2015-03-23,14.39,14.47,14.55,14.12,354035.0,星期一,0.0,0.0056
2015-03-20,14.62,14.39,15.14,14.31,403846.0,星期五,0.0231,-0.0157
2015-03-19,14.25,14.29,14.57,14.17,332528.0,星期四,0.0,0.0028
2015-03-18,14.18,14.25,14.38,14.07,318150.0,星期三,-0.0091,0.0049
2015-03-17,13.6,14.31,14.39,13.4,592592.0,星期二,0.0097,0.0522
2015-03-16,13.1,13.47,13.53,13.1,280614.0,星期一,0.0023,0.0282
2015-03-13,13.07,13.07,13.15,12.79,184239.0,星期五,0.0008,0.0
2015-03-12,13.35,13.06,13.54,12.88,241231.0,星期四,-0.0007,-0.0217
2015-03-11,13.23,13.36,13.6,13.01,312739.0,星期三,0.0,0.0098
2015-03-10,12.88,13.23,13.28,12.82,213604.0,星期二,0.0016,0.0272
2015-03-09,12.81,12.86,12.95,12.49,186151.0,星期一,-0.0206,0.0039
2015-03-06,13.29,13.08,13.55,13.0,233474.0,星期五,0.0045,-0.0158
2015-03-05,13.31,13.23,13.66,13.16,369025.0,星期四,0.0145,-0.006
2015-03-04,12.85,13.12,13.16,12.82,231522.0,星期三,-0.01,0.021
2015-03-03,13.5,12.98,13.5,12.89,390227.0,星期二,-0.0074,-0.0385
2015-03-02,13.3,13.6,13.67,13.06,483414.0,星期一,0.0015,0.0226
2015-02-27,13.03,13.28,13.3,12.74,436363.0,星期五,-0.0031,0.0192
2015-02-26,13.0,13.07,13.56,12.89,753726.0,星期四,0.0101,0.0054
2015-02-25,12.91,12.87,13.09,12.72,567413.0,星期三,0.0047,-0.0031
2015-02-17,11.85,12.85,12.85,11.8,663613.0,星期二,0.0146,0.0844
2015-02-16,11.43,11.68,11.7,11.37,196331.0,星期一,0.0044,0.0219
2015-02-13,11.34,11.38,11.46,11.26,132742.0,星期五,0.0098,0.0035
2015-02-12,11.1,11.23,11.27,11.07,95299.0,星期四,0.0063,0.0117
2015-02-11,10.98,11.03,11.1,10.94,67134.0,星期三,0.0046,0.0046
2015-02-10,10.84,10.93,10.94,10.75,85609.0,星期二,0.0,0.0083
2015-02-09,10.88,10.84,10.94,10.75,52496.0,星期一,0.0028,-0.0037
2015-02-06,10.9,10.85,11.1,10.77,122821.0,星期五,-0.025,-0.0046
2015-02-05,11.67,11.18,11.67,11.16,309873.0,星期四,0.0736,-0.042
2015-02-04,11.09,10.87,11.15,10.86,78100.0,星期三,0.0,-0.0198
2015-02-03,11.05,11.09,11.09,10.89,73923.0,星期二,0.0119,0.0036
2015-02-02,11.12,10.92,11.18,10.9,97883.0,星期一,-0.0124,-0.018
2015-01-30,11.3,11.26,11.4,11.25,79257.0,星期五,-0.0018,-0.0035
2015-01-29,11.45,11.32,11.5,11.26,101854.0,星期四,-0.0069,-0.0114
2015-01-28,11.6,11.53,11.62,11.41,137685.0,星期三,-0.0068,-0.006
2015-01-27,11.6,11.68,11.89,11.45,341615.0,星期二,0.0193,0.0069
2015-01-26,10.93,11.38,11.38,10.89,189573.0,星期一,-0.0018,0.0412
2015-01-23,11.1,10.95,11.14,10.92,120240.0,星期五,-0.0018,-0.0135
2015-01-22,11.11,11.12,11.14,10.94,150222.0,星期四,0.01,0.0009
2015-01-21,10.73,11.0,11.02,10.72,133206.0,星期三,0.0104,0.0252
2015-01-20,10.51,10.62,10.67,10.5,109702.0,星期二,0.0135,0.0105
2015-01-19,10.95,10.37,10.99,10.2,177030.0,星期一,-0.031,-0.053
2015-01-16,11.3,11.3,11.33,11.19,136708.0,星期五,-0.0062,0.0
2015-01-15,11.1,11.37,11.6,11.09,118875.0,星期四,-0.0018,0.0243
2015-01-14,11.18,11.12,11.24,11.08,74727.0,星期三,0.0,-0.0054
2015-01-13,11.06,11.18,11.24,11.0,121822.0,星期二,0.0009,0.0108
2015-01-12,11.46,11.05,11.46,10.99,175776.0,星期一,-0.0069,-0.0358
2015-01-09,11.61,11.54,11.76,11.52,115898.0,星期五,-0.0026,-0.006
2015-01-08,11.85,11.64,11.96,11.6,126962.0,星期四,-0.0092,-0.0177
2015-01-07,12.06,11.96,12.29,11.8,181202.0,星期三,-0.0008,-0.0083
2015-01-06,11.67,12.07,12.12,11.5,247103.0,星期二,-0.0077,0.0343
2015-01-05,11.68,11.76,11.85,11.41,177053.0,星期一,0.0034,0.0068
2014-12-31,11.94,11.64,11.99,11.45,208234.0,星期三,0.0017,-0.0251
2014-12-30,12.22,11.92,12.32,11.8,213361.0,星期二,-0.0193,-0.0245
2014-12-29,12.15,12.46,12.99,11.85,377128.0,星期一,0.0008,0.0255
2014-12-26,12.1,12.14,12.21,11.9,261707.0,星期五,0.0083,0.0033
2014-12-25,11.75,12.0,12.17,11.49,252985.0,星期四,0.0051,0.0213
2014-12-24,11.87,11.69,12.08,11.53,244677.0,星期三,0.0313,-0.0152
2014-12-23,11.8,11.51,11.93,11.48,168938.0,星期二,-0.0042,-0.0246
2014-12-22,12.55,11.85,12.55,11.84,300382.0,星期一,-0.0071,-0.0558
2014-12-19,12.5,12.64,12.66,11.95,356943.0,星期五,0.0008,0.0112
2014-12-18,12.52,12.49,13.2,12.4,385604.0,星期四,0.0195,-0.0024
2014-12-17,12.6,12.28,12.64,12.08,300863.0,星期三,-0.0118,-0.0254
2014-12-16,13.0,12.75,13.08,12.53,334485.0,星期二,-0.0023,-0.0192
2014-12-15,11.98,13.03,13.16,11.87,523005.0,星期一,-0.0033,0.0876
2014-12-12,12.1,12.02,12.29,11.85,247302.0,星期五,-0.0041,-0.0066
2014-12-11,11.58,12.15,12.16,11.45,387266.0,星期四,0.0009,0.0492
2014-12-10,11.17,11.57,11.7,11.01,247189.0,星期三,-0.0018,0.0358
2014-12-09,11.35,11.19,11.96,11.15,375782.0,星期二,-0.0113,-0.0141
2014-12-08,11.2,11.48,11.65,10.98,308807.0,星期一,-0.0115,0.025
2014-12-05,12.14,11.33,12.14,11.08,449703.0,星期五,-0.0008,-0.0667
2014-12-04,11.95,12.15,12.32,11.85,310002.0,星期四,-0.0083,0.0167
2014-12-03,12.15,12.05,12.25,11.83,301854.0,星期三,0.0025,-0.0082
2014-12-02,11.53,12.12,12.35,11.48,409373.0,星期二,0.0,0.0512
2014-12-01,11.81,11.53,11.95,11.43,236006.0,星期一,0.0085,-0.0237
2014-11-28,11.7,11.71,11.97,11.52,289865.0,星期五,-0.0085,0.0009
2014-11-27,11.9,11.8,11.97,11.45,382373.0,星期四,0.0085,-0.0084
2014-11-26,11.99,11.8,12.5,11.7,575176.0,星期三,0.0363,-0.0158
2014-11-25,11.45,11.57,11.75,11.21,384304.0,星期二,-0.0061,0.0105
2014-11-24,11.14,11.52,11.75,10.96,459315.0,星期一,0.0109,0.0341
2014-11-21,10.66,11.02,11.11,10.56,387849.0,星期五,-0.0084,0.0338
2014-11-20,10.7,10.75,10.95,10.39,381302.0,星期四,0.0028,0.0047
2014-11-19,10.23,10.67,11.11,10.23,460139.0,星期三,0.0129,0.043
2014-11-18,10.0,10.1,10.25,9.83,194936.0,星期二,0.007,0.01
2014-11-17,10.16,9.93,10.35,9.91,251453.0,星期一,0.0099,-0.0226
2014-11-14,9.95,10.06,10.18,9.8,302211.0,星期五,-0.003,0.0111
2014-11-13,9.6,9.98,10.06,9.57,358736.0,星期四,0.0,0.0396
2014-11-12,9.35,9.6,9.63,9.27,165293.0,星期三,0.0065,0.0267
2014-11-11,9.46,9.29,9.72,9.2,227878.0,星期二,0.0064,-0.018
2014-11-10,9.3,9.4,9.47,9.2,183131.0,星期一,0.0043,0.0108
2014-11-07,9.5,9.26,9.63,9.22,177996.0,星期五,-0.0011,-0.0253
2014-11-06,9.56,9.51,9.64,9.31,140683.0,星期四,-0.0021,-0.0052
2014-11-05,9.75,9.58,9.84,9.51,149781.0,星期三,-0.0081,-0.0174
2014-11-04,9.58,9.83,9.92,9.57,239856.0,星期二,-0.0062,0.0261
2014-11-03,9.74,9.64,9.77,9.57,143511.0,星期一,0.0041,-0.0103
2014-10-31,9.81,9.7,9.85,9.54,205805.0,星期五,0.002,-0.0112
2014-10-30,9.55,9.79,9.88,9.47,325573.0,星期四,-0.001,0.0251
2014-10-29,9.51,9.56,9.6,9.36,246185.0,星期三,0.0,0.0053
2014-10-28,9.18,9.51,9.53,9.18,231993.0,星期二,-0.0076,0.0359
2014-10-27,9.08,9.25,9.27,8.94,119665.0,星期一,0.0055,0.0187
2014-10-24,9.06,9.03,9.09,8.85,89856.0,星期五,0.0067,-0.0033
2014-10-23,9.1,9.0,9.18,8.91,94182.0,星期四,-0.0011,-0.011
2014-10-22,9.3,9.11,9.33,9.02,106559.0,星期三,0.0022,-0.0204
2014-10-21,9.42,9.28,9.46,9.23,138598.0,星期二,0.014,-0.0149
2014-10-20,9.11,9.29,9.37,9.02,156236.0,星期一,0.019,0.0198
2014-10-17,9.15,8.94,9.18,8.73,149044.0,星期五,0.0,-0.023
2014-10-16,9.31,9.15,9.43,9.12,150907.0,星期四,-0.0064,-0.0172
2014-10-15,9.52,9.37,9.52,9.27,150097.0,星期三,0.0053,-0.0158
2014-10-14,9.43,9.47,9.47,9.22,205063.0,星期二,0.0,0.0042
2014-10-13,9.34,9.43,9.45,9.1,227014.0,星期一,-0.0021,0.0096
2014-10-10,9.58,9.36,9.58,9.29,220630.0,星期五,-0.0083,-0.023
2014-10-09,9.58,9.66,9.87,9.41,237804.0,星期四,0.0042,0.0084
2014-10-08,9.54,9.54,9.6,9.42,121347.0,星期三,0.0042,0.0
2014-09-30,9.56,9.5,9.6,9.41,130351.0,星期二,0.0021,-0.0063
2014-09-29,9.22,9.54,9.63,9.21,246295.0,星期一,0.0011,0.0347
2014-09-26,9.15,9.21,9.34,9.1,133941.0,星期五,-0.0022,0.0066
2014-09-25,9.3,9.17,9.47,9.12,235410.0,星期四,0.0022,-0.014
2014-09-24,9.18,9.28,9.29,9.05,248302.0,星期三,-0.0043,0.0109
2014-09-23,8.64,9.22,9.27,8.64,327776.0,星期二,0.0,0.0671
2014-09-22,8.91,8.64,8.91,8.59,176744.0,星期一,-0.0045,-0.0303
2014-09-19,9.04,8.95,9.09,8.8,162434.0,星期五,0.0011,-0.01
2014-09-18,9.09,9.03,9.13,8.87,160299.0,星期四,0.0011,-0.0066
2014-09-17,8.9,9.08,9.18,8.81,291937.0,星期三,0.0011,0.0202
2014-09-16,9.04,8.89,9.4,8.78,437703.0,星期二,0.0033,-0.0166
2014-09-15,8.79,9.01,9.04,8.76,336601.0,星期一,-0.0146,0.025
2014-09-12,8.39,8.92,8.96,8.37,510988.0,星期五,-0.0036,0.0632
2014-09-11,8.36,8.42,8.67,8.31,371441.0,星期四,0.0048,0.0072
2014-09-10,8.48,8.32,8.48,8.25,300054.0,星期三,-0.0024,-0.0189
2014-09-09,8.49,8.5,8.57,8.39,267294.0,星期二,0.0,0.0012
2014-09-05,8.35,8.49,8.7,8.24,671524.0,星期五,0.0183,0.0168
2014-09-04,7.8,8.2,8.28,7.78,503960.0,星期四,0.0,0.0513
2014-09-03,7.78,7.8,7.85,7.72,156974.0,星期三,0.0,0.0026
2014-09-02,7.71,7.78,7.8,7.69,118688.0,星期二,-0.0026,0.0091
2014-09-01,7.61,7.73,7.81,7.58,104609.0,星期一,0.0,0.0158
2014-08-29,7.49,7.61,7.61,7.49,60310.0,星期五,0.0,0.016
2014-08-28,7.62,7.49,7.66,7.48,81862.0,星期四,-0.0013,-0.0171
2014-08-27,7.6,7.63,7.68,7.5,94070.0,星期三,0.0026,0.0039
2014-08-26,7.82,7.58,7.83,7.56,120463.0,星期二,0.0,-0.0307
2014-08-25,7.8,7.82,7.9,7.77,125014.0,星期一,0.0,0.0026
2014-08-22,7.7,7.8,7.81,7.68,115005.0,星期五,-0.0052,0.013
2014-08-21,8.02,7.74,8.05,7.72,251210.0,星期四,0.0126,-0.0349
2014-08-19,7.88,7.92,7.93,7.82,194688.0,星期二,0.0051,0.0051
2014-08-18,7.75,7.84,7.84,7.72,144912.0,星期一,0.0039,0.0116
2014-08-15,7.66,7.72,7.74,7.64,91680.0,星期五,0.0,0.0078
2014-08-14,7.74,7.66,7.78,7.63,119294.0,星期四,-0.0026,-0.0103
2014-08-13,7.8,7.76,7.87,7.67,125033.0,星期三,-0.0013,-0.0051
2014-08-12,7.79,7.81,7.85,7.76,117166.0,星期二,0.0,0.0026
2014-08-11,7.7,7.79,7.82,7.66,137226.0,星期一,0.0026,0.0117
2014-08-08,7.66,7.68,7.76,7.65,120332.0,星期五,0.0,0.0026
2014-08-07,7.77,7.66,7.78,7.64,125243.0,星期四,0.0,-0.0142
2014-08-06,7.79,7.77,7.8,7.67,148798.0,星期三,-0.0076,-0.0026
2014-08-05,7.79,7.85,7.94,7.68,246534.0,星期二,-0.0013,0.0077
2014-08-04,7.63,7.8,7.81,7.61,278133.0,星期一,0.0146,0.0223
2014-08-01,7.64,7.52,7.72,7.5,152803.0,星期五,-0.0026,-0.0157
2014-07-31,7.64,7.66,7.69,7.61,124755.0,星期四,-0.0039,0.0026
2014-07-30,7.63,7.67,7.68,7.53,155544.0,星期三,0.0079,0.0052
2014-07-29,7.52,7.57,7.63,7.5,167060.0,星期二,-0.0027,0.0066
2014-07-28,7.51,7.54,7.58,7.45,187790.0,星期一,0.0094,0.004
2014-07-25,7.41,7.44,7.46,7.35,109485.0,星期五,0.0,0.004
2014-07-24,7.3,7.41,7.41,7.26,100072.0,星期四,0.0027,0.0151
2014-07-23,7.35,7.28,7.37,7.26,65078.0,星期三,-0.0014,-0.0095
2014-07-22,7.3,7.36,7.37,7.26,63501.0,星期二,0.0,0.0082
2014-07-21,7.31,7.3,7.35,7.26,55604.0,星期一,-0.0027,-0.0014
2014-07-18,7.34,7.33,7.39,7.29,67273.0,星期五,-0.0027,-0.0014
2014-07-17,7.47,7.36,7.49,7.31,83772.0,星期四,0.0,-0.0147
2014-07-16,7.38,7.47,7.52,7.35,162516.0,星期三,-0.0014,0.0122
2014-07-15,7.33,7.39,7.4,7.31,75965.0,星期二,-0.0027,0.0082
2014-07-14,7.32,7.35,7.38,7.28,71300.0,星期一,0.0,0.0041
2014-07-11,7.31,7.32,7.36,7.24,60702.0,星期五,0.0069,0.0014
2014-07-10,7.24,7.26,7.31,7.21,53717.0,星期四,0.0,0.0028
2014-07-09,7.32,7.24,7.4,7.23,89743.0,星期三,0.0,-0.0109
2014-07-08,7.43,7.32,7.44,7.26,131460.0,星期二,-0.0027,-0.0148
2014-07-07,7.45,7.45,7.54,7.39,130138.0,星期一,-0.004,0.0
2014-07-04,7.33,7.48,7.55,7.3,215532.0,星期五,0.0014,0.0205
2014-07-03,7.22,7.32,7.44,7.18,134450.0,星期四,-0.0014,0.0139
2014-07-02,7.22,7.23,7.25,7.16,51247.0,星期三,0.0,0.0014
2014-07-01,7.21,7.22,7.23,7.16,43312.0,星期二,0.0014,0.0014
2014-06-30,7.17,7.2,7.22,7.12,47799.0,星期一,0.0014,0.0042
2014-06-27,7.1,7.16,7.19,7.09,59141.0,星期五,0.0014,0.0085
2014-06-26,7.05,7.09,7.12,7.05,39905.0,星期四,0.0,0.0057
2014-06-25,7.13,7.05,7.13,7.01,40011.0,星期三,0.0028,-0.0112
2014-06-24,7.1,7.11,7.15,7.09,27360.0,星期二,-0.0014,0.0014
2014-06-23,7.09,7.11,7.13,7.06,27457.0,星期一,0.0057,0.0028
2014-06-20,7.04,7.05,7.07,6.98,28717.0,星期五,0.0,0.0014
2014-06-19,7.13,7.04,7.14,6.96,64073.0,星期四,0.0014,-0.0126
2014-06-18,7.25,7.12,7.25,7.09,70702.0,星期三,0.0055,-0.0179
2014-06-17,7.38,7.21,7.38,7.21,50571.0,星期二,-0.0027,-0.023
2014-06-16,7.36,7.4,7.42,7.32,56536.0,星期一,0.0,0.0054
2014-06-13,7.31,7.36,7.38,7.28,52938.0,星期五,0.0,0.0068
2014-06-12,7.36,7.31,7.37,7.28,45856.0,星期四,-0.0027,-0.0068
2014-06-11,7.32,7.38,7.39,7.27,71119.0,星期三,0.0055,0.0082
2014-06-10,7.23,7.28,7.29,7.17,46083.0,星期二,0.0042,0.0069
2014-06-09,7.24,7.2,7.25,7.16,49795.0,星期一,0.0,-0.0055
2014-06-06,7.34,7.24,7.35,7.21,62803.0,星期五,0.0,-0.0136
2014-06-05,7.34,7.34,7.35,7.26,54136.0,星期四,0.0,0.0
2014-06-04,7.35,7.34,7.37,7.26,59336.0,星期三,0.0041,-0.0014
2014-06-03,7.3,7.32,7.36,7.28,41643.0,星期二,0.0,0.0027
2014-05-30,7.28,7.3,7.34,7.24,62653.0,星期五,0.0,0.0027
2014-05-29,7.41,7.28,7.41,7.26,88561.0,星期四,-0.0027,-0.0175
2014-05-28,7.38,7.43,7.45,7.31,84921.0,星期三,0.0,0.0068
2014-05-27,7.51,7.38,7.52,7.36,118529.0,星期二,-0.0053,-0.0173
2014-05-26,7.51,7.55,7.57,7.48,100899.0,星期一,0.0,0.0053
2014-05-23,7.54,7.51,7.59,7.42,201931.0,星期五,-0.0195,-0.004
2014-05-22,8.0,7.69,8.05,7.67,525792.0,星期四,0.0204,-0.0387
2014-05-21,7.75,7.84,7.88,7.71,243400.0,星期三,-0.0064,0.0116
2014-05-20,7.6,7.8,7.9,7.57,317264.0,星期二,0.004,0.0263
2014-05-19,7.39,7.57,7.65,7.39,146742.0,星期一,-0.0054,0.0244
2014-05-16,7.33,7.43,7.46,7.26,81675.0,星期五,-0.0014,0.0136
2014-05-15,7.22,7.34,7.53,7.21,149433.0,星期四,-0.0014,0.0166
2014-05-14,7.23,7.23,7.27,7.2,28249.0,星期三,0.0014,0.0
2014-05-13,7.26,7.22,7.29,7.19,50650.0,星期二,0.0,-0.0055
2014-05-12,7.23,7.26,7.28,7.14,58147.0,星期一,0.0183,0.0041
2014-05-09,7.15,7.1,7.17,7.04,49699.0,星期五,-0.0014,-0.007
2014-05-08,7.17,7.16,7.22,7.1,54645.0,星期四,0.0056,-0.0014
2014-05-07,7.42,7.13,7.46,7.12,99478.0,星期三,0.0013,-0.0391
2014-05-06,7.49,7.41,7.55,7.38,89107.0,星期二,-0.0066,-0.0107
2014-05-05,7.4,7.54,7.55,7.33,120998.0,星期一,-0.0067,0.0189
2014-04-30,7.54,7.45,7.65,7.41,150258.0,星期三,-0.0105,-0.0119
2014-04-29,7.1,7.62,7.71,7.06,219539.0,星期二,-0.0125,0.0732
2014-04-28,7.03,7.19,7.45,7.01,105867.0,星期一,-0.0126,0.0228
2014-04-25,7.27,7.12,7.27,7.09,58133.0,星期五,0.0055,-0.0206
2014-04-24,7.42,7.23,7.46,7.22,52791.0,星期四,-0.004,-0.0256
2014-04-23,7.46,7.45,7.5,7.36,37623.0,星期三,-0.0053,-0.0013
2014-04-22,7.46,7.5,7.53,7.3,88708.0,星期二,-0.0171,0.0054
2014-04-21,7.46,7.59,7.78,7.42,155061.0,星期一,-0.0067,0.0174
2014-04-18,7.5,7.51,7.54,7.42,48934.0,星期五,0.004,0.0013
2014-04-17,7.6,7.47,7.6,7.43,78285.0,星期四,-0.0013,-0.0171
2014-04-16,7.7,7.61,7.78,7.54,114126.0,星期三,0.0145,-0.0117
2014-04-15,7.6,7.59,7.69,7.53,154317.0,星期二,0.0026,-0.0013
2014-04-14,7.6,7.58,7.68,7.44,124893.0,星期一,0.0013,-0.0026
2014-04-11,7.44,7.59,7.66,7.42,131278.0,星期五,-0.0053,0.0202
2014-04-10,7.31,7.48,7.49,7.28,93874.0,星期四,-0.0014,0.0233
2014-04-09,7.3,7.32,7.34,7.27,41419.0,星期三,0.0,0.0027
2014-04-08,7.19,7.3,7.32,7.14,60199.0,星期二,-0.0014,0.0153
2014-04-04,7.13,7.2,7.24,7.12,34309.0,星期五,-0.0028,0.0098
2014-04-03,7.2,7.15,7.26,7.14,31564.0,星期四,0.0028,-0.0069
2014-04-02,7.21,7.18,7.25,7.18,36463.0,星期三,0.0,-0.0042
2014-04-01,7.15,7.21,7.24,7.12,29033.0,星期二,0.0,0.0084
2014-03-31,7.32,7.15,7.4,7.02,65903.0,星期一,-0.0054,-0.0232
2014-03-28,7.26,7.36,7.54,7.1,126189.0,星期五,-0.0014,0.0138
2014-03-27,7.4,7.27,7.43,7.26,61195.0,星期四,0.0054,-0.0176
2014-03-26,7.28,7.36,7.47,7.24,60192.0,星期三,0.0014,0.011
2014-03-25,7.34,7.27,7.34,7.2,52450.0,星期二,0.0014,-0.0095
2014-03-24,7.29,7.33,7.4,7.25,50840.0,星期一,-0.0027,0.0055
2014-03-21,7.07,7.31,7.36,7.01,80310.0,星期五,-0.0194,0.0339
2014-03-20,7.54,7.21,7.68,7.18,143068.0,星期四,-0.0066,-0.0438
2014-03-19,7.49,7.59,7.69,7.4,190602.0,星期三,-0.0027,0.0134
2014-03-18,7.07,7.51,7.75,7.06,201852.0,星期二,-0.0014,0.0622
2014-03-17,6.91,7.08,7.18,6.9,87373.0,星期一,-0.0014,0.0246
2014-03-14,6.85,6.92,6.94,6.7,100996.0,星期五,-0.0058,0.0102
2014-03-13,6.84,6.89,6.92,6.83,66314.0,星期四,-0.0073,0.0073
2014-03-12,6.83,6.89,6.97,6.67,114291.0,星期三,-0.0579,0.0088
2014-03-10,7.52,7.25,7.53,7.23,81201.0,星期一,-0.0118,-0.0359
2014-03-07,7.75,7.61,7.78,7.61,60333.0,星期五,0.0013,-0.0181
2014-03-06,7.77,7.74,7.81,7.64,64074.0,星期四,-0.0038,-0.0039
2014-03-05,7.7,7.8,7.86,7.62,118183.0,星期三,0.0052,0.013
2014-03-04,7.7,7.66,7.7,7.54,69119.0,星期二,0.0,-0.0052
2014-03-03,7.5,7.7,7.71,7.45,89570.0,星期一,-0.0079,0.0267
2014-02-28,7.43,7.56,7.58,7.34,68379.0,星期五,0.0054,0.0175
2014-02-27,7.55,7.39,7.65,7.38,76848.0,星期四,0.0,-0.0212
2014-02-26,7.57,7.55,7.61,7.41,78749.0,星期三,-0.0053,-0.0026
2014-02-25,7.99,7.61,8.04,7.47,129595.0,星期二,-0.0012,-0.0476
2014-02-24,7.8,8.0,8.05,7.63,168220.0,星期一,-0.0064,0.0256
2014-02-21,7.82,7.85,7.86,7.72,74105.0,星期五,0.0026,0.0038
2014-02-20,7.95,7.8,8.0,7.77,109344.0,星期四,0.0,-0.0189
2014-02-19,7.91,7.95,8.03,7.91,106516.0,星期三,0.0013,0.0051
2014-02-18,8.04,7.9,8.04,7.86,122672.0,星期二,-0.0025,-0.0174
2014-02-17,7.99,8.06,8.09,7.93,120760.0,星期一,0.005,0.0088
2014-02-14,7.79,7.95,7.95,7.76,93391.0,星期五,0.0013,0.0205
2014-02-13,7.92,7.78,7.93,7.77,97117.0,星期四,-0.005,-0.0177
2014-02-12,7.95,7.96,7.98,7.83,102575.0,星期三,0.0025,0.0013
2014-02-11,7.89,7.93,7.97,7.82,101318.0,星期二,0.0,0.0051
2014-02-10,7.82,7.89,7.93,7.76,109413.0,星期一,0.0077,0.009
2014-02-07,7.51,7.76,7.76,7.5,85078.0,星期五,0.0013,0.0333
2014-01-30,7.53,7.5,7.57,7.49,39169.0,星期四,-0.0079,-0.004
2014-01-29,7.59,7.59,7.64,7.54,46555.0,星期三,0.0026,0.0
2014-01-28,7.48,7.57,7.58,7.42,50408.0,星期二,0.0054,0.012
2014-01-27,7.63,7.44,7.65,7.4,90344.0,星期一,-0.0039,-0.0249
2014-01-24,7.59,7.66,7.79,7.55,99209.0,星期五,0.0,0.0092
2014-01-23,7.53,7.59,7.68,7.51,85065.0,星期四,-0.0013,0.008
2014-01-22,7.34,7.54,7.54,7.34,76312.0,星期三,0.0014,0.0272
2014-01-21,7.26,7.33,7.39,7.25,38033.0,星期二,-0.0027,0.0096
2014-01-20,7.35,7.28,7.41,7.21,51115.0,星期一,0.0055,-0.0095
2014-01-17,7.5,7.31,7.51,7.31,51635.0,星期五,0.0,-0.0253
2014-01-16,7.48,7.5,7.57,7.42,47211.0,星期四,0.0,0.0027
2014-01-15,7.49,7.48,7.55,7.35,54246.0,星期三,-0.004,-0.0013
2014-01-14,7.39,7.52,7.55,7.37,47030.0,星期二,-0.004,0.0176
2014-01-13,7.7,7.42,7.76,7.25,86257.0,星期一,0.0,-0.0364
2014-01-10,7.99,7.7,8.0,7.69,101435.0,星期五,-0.0099,-0.0363
2014-01-09,8.1,8.07,8.18,7.92,71461.0,星期四,0.0025,-0.0037
2014-01-08,8.02,8.08,8.19,8.0,63224.0,星期三,-0.005,0.0075
2014-01-07,8.01,8.06,8.11,7.9,75704.0,星期二,-0.0148,0.0062
2014-01-06,8.23,8.13,8.35,8.11,135218.0,星期一,0.0123,-0.0122
2014-01-03,8.34,8.13,8.34,8.11,93525.0,星期五,-0.0012,-0.0252
2014-01-02,8.31,8.35,8.37,8.22,68002.0,星期四,-0.0012,0.0048
2013-12-31,8.46,8.32,8.46,8.13,155552.0,星期二,-0.0035,-0.0165
2013-12-30,8.68,8.49,8.72,8.47,141409.0,星期一,0.0023,-0.0219
2013-12-27,8.57,8.66,8.78,8.51,112654.0,星期五,-0.0058,0.0105
2013-12-26,8.99,8.62,9.07,8.6,159484.0,星期四,0.0101,-0.0412
2013-12-25,8.81,8.9,8.98,8.79,150982.0,星期三,-0.009,0.0102
2013-12-24,8.62,8.89,8.9,8.55,163821.0,星期二,-0.0058,0.0313
2013-12-23,8.85,8.67,8.85,8.45,97388.0,星期一,0.0068,-0.0203
2013-12-20,8.56,8.79,8.8,8.5,133083.0,星期五,-0.0093,0.0269
2013-12-19,8.85,8.64,9.12,8.61,222750.0,星期四,0.0351,-0.0237
2013-12-18,8.57,8.55,8.62,8.49,64890.0,星期三,0.0071,-0.0023
2013-12-17,8.74,8.51,8.81,8.5,125623.0,星期二,-0.0023,-0.0263
2013-12-16,9.07,8.76,9.13,8.73,159800.0,星期一,0.0011,-0.0342
2013-12-13,9.05,9.06,9.18,8.85,283486.0,星期五,0.0056,0.0011
2013-12-12,8.66,9.0,9.08,8.62,201515.0,星期四,-0.0046,0.0393
2013-12-11,8.8,8.7,8.83,8.57,168575.0,星期三,-0.0101,-0.0114
2013-12-10,9.14,8.89,9.32,8.84,338459.0,星期二,0.0133,-0.0274
2013-12-09,8.8,9.02,9.08,8.72,276661.0,星期一,0.0069,0.025
2013-12-06,8.71,8.74,8.82,8.7,105339.0,星期五,-0.0046,0.0034
2013-12-05,8.78,8.75,8.88,8.73,165593.0,星期四,-0.0057,-0.0034
2013-12-04,8.59,8.83,8.92,8.58,335462.0,星期三,0.0082,0.0279
2013-12-03,8.35,8.52,8.55,8.15,119699.0,星期二,-0.006,0.0204
2013-12-02,8.3,8.4,8.7,8.03,198955.0,星期一,-0.0258,0.012
2013-11-29,8.62,8.52,8.69,8.49,123247.0,星期五,0.0082,-0.0116
2013-11-28,8.54,8.55,8.64,8.46,153698.0,星期四,0.0012,0.0012
2013-11-27,8.37,8.53,8.6,8.34,163321.0,星期三,0.0048,0.0191
2013-11-26,8.45,8.33,8.49,8.29,95335.0,星期二,0.0024,-0.0142
2013-11-25,8.38,8.43,8.65,8.38,178126.0,星期一,0.0012,0.006
2013-11-22,8.38,8.37,8.54,8.33,95975.0,星期五,0.0,-0.0012
2013-11-21,8.42,8.38,8.42,8.28,128733.0,星期四,-0.0059,-0.0048
2013-11-20,8.47,8.47,8.57,8.3,233712.0,星期三,-0.0151,0.0
2013-11-19,8.45,8.6,8.74,8.35,256707.0,星期二,0.0036,0.0178
2013-11-18,8.26,8.42,8.45,8.18,274228.0,星期一,0.0061,0.0194
2013-11-15,7.9,8.21,8.32,7.89,208098.0,星期五,-0.0088,0.0392
2013-11-14,7.85,7.97,8.14,7.85,141180.0,星期四,0.0129,0.0153
2013-11-13,8.01,7.75,8.03,7.73,87150.0,星期三,-0.0087,-0.0325
2013-11-12,7.93,8.08,8.1,7.88,90923.0,星期二,0.0038,0.0189
2013-11-11,7.85,7.9,7.97,7.75,65497.0,星期一,-0.0038,0.0064
2013-11-08,7.84,7.88,8.02,7.79,94550.0,星期五,-0.0076,0.0051
2013-11-07,8.12,7.9,8.16,7.89,136691.0,星期四,-0.0012,-0.0271
2013-11-06,8.26,8.13,8.35,8.1,131514.0,星期三,-0.0084,-0.0157
2013-11-05,8.29,8.33,8.34,8.09,178450.0,星期二,-0.0048,0.0048
2013-11-04,8.29,8.33,8.46,8.21,119070.0,星期一,-0.0143,0.0048
2013-11-01,8.46,8.41,8.68,8.4,194636.0,星期五,0.0095,-0.0059
2013-10-31,8.26,8.38,8.4,8.13,134900.0,星期四,-0.0048,0.0145
2013-10-30,8.26,8.3,8.37,8.12,134812.0,星期三,-0.0024,0.0048
2013-10-29,8.78,8.28,8.79,8.08,229128.0,星期二,-0.0045,-0.0569
2013-10-28,8.62,8.82,8.89,8.51,172680.0,星期一,0.0058,0.0232
2013-10-25,8.74,8.57,8.75,8.44,183145.0,星期五,-0.0011,-0.0195
2013-10-24,8.85,8.75,9.13,8.62,258285.0,星期四,0.0,-0.0113
2013-10-23,9.18,8.85,9.18,8.75,351893.0,星期三,0.0088,-0.0359
2013-10-22,8.5,9.1,9.45,8.48,603277.0,星期二,-0.0128,0.0706
2013-10-21,8.39,8.61,8.67,8.34,232817.0,星期一,0.0036,0.0262
2013-10-18,8.54,8.36,8.54,8.27,142734.0,星期五,0.0,-0.0211
2013-10-17,8.33,8.54,8.65,8.32,313335.0,星期四,0.0097,0.0252
2013-10-16,8.42,8.25,8.5,8.18,165987.0,星期三,-0.0036,-0.0202
2013-10-15,8.43,8.45,8.75,8.38,382243.0,星期二,0.0,0.0024
2013-10-14,8.2,8.43,8.48,8.11,251860.0,星期一,0.0,0.028
2013-10-11,8.11,8.2,8.26,8.06,148320.0,星期五,0.0025,0.0111
2013-10-10,8.03,8.09,8.15,8.02,100403.0,星期四,-0.0025,0.0075
2013-10-09,7.99,8.05,8.07,7.94,80617.0,星期三,-0.0025,0.0075
2013-10-08,7.9,8.01,8.08,7.85,75736.0,星期二,-0.005,0.0139
2013-09-30,7.95,7.94,8.0,7.88,57750.0,星期一,0.0051,-0.0013
2013-09-27,7.99,7.91,8.04,7.83,82523.0,星期五,0.0152,-0.01
2013-09-26,8.2,7.87,8.25,7.86,145470.0,星期四,-0.0012,-0.0402
2013-09-25,8.3,8.21,8.35,8.16,150131.0,星期三,-0.0119,-0.0108
2013-09-24,8.24,8.4,8.44,8.08,228001.0,星期二,0.0037,0.0194
2013-09-23,8.12,8.21,8.29,8.1,127430.0,星期一,0.0,0.0111
2013-09-18,8.12,8.12,8.17,8.07,80600.0,星期三,0.0,0.0
2013-09-17,8.21,8.12,8.29,8.08,97006.0,星期二,0.0061,-0.011
2013-09-16,8.26,8.16,8.31,8.13,114502.0,星期一,0.0,-0.0121
2013-09-13,8.42,8.26,8.56,8.23,158994.0,星期五,0.0024,-0.019
2013-09-12,8.45,8.4,8.59,8.29,255395.0,星期四,-0.0105,-0.0059
2013-09-11,8.24,8.54,8.9,8.09,455558.0,星期三,0.0012,0.0364
2013-09-10,8.11,8.23,8.28,8.06,225777.0,星期二,-0.0037,0.0148
2013-09-09,8.0,8.14,8.15,7.93,211264.0,星期一,0.0114,0.0175
2013-09-06,7.86,7.91,8.0,7.81,105820.0,星期五,-0.0013,0.0064
2013-09-05,7.93,7.87,8.04,7.86,97980.0,星期四,-0.0038,-0.0076
2013-09-04,8.08,7.96,8.13,7.93,106636.0,星期三,0.01,-0.0149
2013-09-03,7.83,8.0,8.06,7.82,126922.0,星期二,0.0013,0.0217
2013-09-02,7.75,7.82,7.92,7.73,84027.0,星期一,-0.0039,0.009
2013-08-30,7.98,7.78,8.03,7.73,165518.0,星期五,-0.0037,-0.0251
2013-08-29,7.93,8.01,8.14,7.93,114026.0,星期四,-0.005,0.0101
2013-08-28,8.1,7.97,8.18,7.96,164430.0,星期三,-0.0122,-0.016
2013-08-27,8.09,8.2,8.23,8.05,165118.0,星期二,-0.0049,0.0136
2013-08-26,8.14,8.13,8.19,7.98,177557.0,星期一,0.0252,-0.0012
2013-08-23,8.13,7.94,8.15,7.8,189429.0,星期五,0.0049,-0.0234
2013-08-22,8.17,8.09,8.26,8.06,185513.0,星期四,-0.0157,-0.0098
2013-08-21,8.32,8.3,8.46,8.26,277507.0,星期三,0.0,-0.0024
2013-08-20,8.1,8.32,8.33,8.02,354097.0,星期二,0.0163,0.0272
2013-08-19,7.9,7.97,8.04,7.74,191588.0,星期一,-0.0025,0.0089
2013-08-16,8.08,7.92,8.32,7.83,278443.0,星期五,-0.0122,-0.0198
2013-08-15,8.02,8.18,8.37,7.98,317778.0,星期四,-0.0087,0.02
2013-08-14,8.2,8.09,8.25,8.02,251981.0,星期三,-0.0085,-0.0134
2013-08-13,8.11,8.27,8.41,7.96,367238.0,星期二,0.0025,0.0197
2013-08-12,8.09,8.09,8.17,7.91,334021.0,星期一,0.0025,0.0
2013-08-09,7.94,8.07,8.15,7.81,381622.0,星期五,-0.0063,0.0164
2013-08-08,7.85,7.99,8.16,7.74,604717.0,星期四,-0.0025,0.0178
2013-08-07,7.12,7.87,7.87,7.09,511355.0,星期三,-0.0042,0.1053
2013-08-06,7.16,7.15,7.18,7.03,118056.0,星期二,0.0,-0.0014
2013-08-05,7.38,7.16,7.38,7.13,214786.0,星期一,0.0742,-0.0298
2013-08-02,6.92,6.87,6.95,6.84,77245.0,星期五,0.0,-0.0072
2013-08-01,6.95,6.92,6.96,6.83,96146.0,星期四,0.0161,-0.0043
2013-07-31,6.87,6.84,6.93,6.8,116063.0,星期三,0.0148,-0.0044
2013-07-30,6.56,6.77,6.8,6.46,89255.0,星期二,0.0015,0.032
2013-07-29,6.75,6.55,6.75,6.52,64494.0,星期一,-0.003,-0.0296
2013-07-26,6.83,6.77,6.9,6.77,60330.0,星期五,-0.0044,-0.0088
2013-07-25,6.95,6.86,7.01,6.86,98796.0,星期四,0.0014,-0.0129
2013-07-24,6.73,6.94,6.99,6.63,122095.0,星期三,-0.0044,0.0312
2013-07-23,6.61,6.76,6.77,6.61,61051.0,星期二,0.0015,0.0227
2013-07-22,6.49,6.6,6.61,6.42,41122.0,星期一,0.0015,0.0169
2013-07-19,6.73,6.48,6.81,6.46,74970.0,星期五,0.0015,-0.0371
2013-07-18,6.86,6.72,6.92,6.72,64926.0,星期四,-0.0087,-0.0204
2013-07-17,7.07,6.92,7.11,6.89,90181.0,星期三,-0.0014,-0.0212
2013-07-16,7.14,7.08,7.15,6.98,110289.0,星期二,0.0014,-0.0084
2013-07-15,6.89,7.13,7.18,6.89,153545.0,星期一,0.0015,0.0348
2013-07-12,7.0,6.88,7.03,6.87,103806.0,星期五,-0.0057,-0.0171
2013-07-11,6.73,7.04,7.04,6.71,175575.0,星期四,0.0,0.0461
2013-07-10,6.6,6.73,6.73,6.53,77901.0,星期三,0.0138,0.0197
2013-07-09,6.47,6.51,6.55,6.44,33675.0,星期二,0.0062,0.0062
2013-07-08,6.79,6.43,6.79,6.42,79650.0,星期一,-0.0116,-0.053
2013-07-05,6.9,6.87,6.95,6.83,66431.0,星期五,0.0058,-0.0043
2013-07-04,6.73,6.86,6.94,6.61,76172.0,星期四,-0.0175,0.0193
2013-07-03,7.0,6.85,7.0,6.75,62350.0,星期三,-0.0028,-0.0214
2013-07-02,7.01,7.02,7.04,6.92,75682.0,星期二,0.0,0.0014
2013-07-01,6.82,7.01,7.03,6.71,91624.0,星期一,0.0104,0.0279
2013-06-28,6.6,6.75,6.77,6.5,57528.0,星期五,-0.0075,0.0227
2013-06-27,6.76,6.65,6.86,6.62,69931.0,星期四,0.0075,-0.0163
2013-06-26,6.7,6.71,6.8,6.59,63043.0,星期三,0.003,0.0015
2013-06-25,6.78,6.68,6.88,6.2,94142.0,星期二,-0.0044,-0.0147
2013-06-24,7.19,6.81,7.24,6.62,85803.0,星期一,0.0098,-0.0529
2013-06-21,6.9,7.12,7.23,6.76,74032.0,星期五,-0.0199,0.0319
2013-06-20,7.2,7.04,7.24,7.02,56380.0,星期四,-0.0123,-0.0222
2013-06-19,7.44,7.29,7.44,7.16,66220.0,星期三,-0.0027,-0.0202
2013-06-18,7.45,7.46,7.49,7.38,40075.0,星期二,0.0068,0.0013
2013-06-17,7.43,7.4,7.49,7.33,52975.0,星期一,-0.008,-0.004
2013-06-14,7.31,7.49,7.59,7.29,77915.0,星期五,0.0027,0.0246
2013-06-13,7.54,7.29,7.54,7.18,69595.0,星期四,-0.0092,-0.0332
2013-06-07,7.87,7.61,7.95,7.55,84730.0,星期五,0.0013,-0.033
2013-06-06,8.11,7.86,8.13,7.77,88845.0,星期四,-0.0049,-0.0308
2013-06-05,8.13,8.15,8.17,8.07,55610.0,星期三,0.0049,0.0025
2013-06-04,8.14,8.09,8.26,8.05,79881.0,星期二,0.0,-0.0061
2013-06-03,8.22,8.14,8.28,8.08,101803.0,星期一,-0.0096,-0.0097
2013-05-31,8.36,8.3,8.55,8.29,127475.0,星期五,-0.3317,-0.0072
2013-05-30,12.51,12.51,12.66,12.41,88113.0,星期四,-0.0048,0.0
2013-05-29,12.67,12.57,12.91,12.51,120520.0,星期三,0.0032,-0.0079
2013-05-28,12.58,12.63,12.63,12.36,79948.0,星期二,0.0008,0.004
2013-05-27,12.25,12.57,12.62,12.25,138607.0,星期一,0.0057,0.0261
2013-05-24,12.04,12.18,12.19,11.98,54151.0,星期五,0.0,0.0116
2013-05-23,12.25,12.04,12.26,12.0,83287.0,星期四,-0.0016,-0.0171
2013-05-22,12.26,12.27,12.47,12.2,98438.0,星期三,0.0008,0.0008
2013-05-21,12.19,12.25,12.29,12.15,70704.0,星期二,-0.0041,0.0049
2013-05-20,12.16,12.24,12.3,12.11,99718.0,星期一,0.0033,0.0066
2013-05-17,11.99,12.12,12.15,11.96,85559.0,星期五,-0.0008,0.0108
2013-05-16,11.86,12.0,12.06,11.76,71830.0,星期四,0.0008,0.0118
2013-05-15,11.78,11.85,11.86,11.73,31789.0,星期三,0.0043,0.0059
2013-05-14,11.87,11.73,11.93,11.68,40155.0,星期二,-0.0059,-0.0118
2013-05-13,11.83,11.94,11.95,11.78,48094.0,星期一,0.0,0.0093
2013-05-10,11.82,11.83,11.86,11.7,49454.0,星期五,-0.0008,0.0008
2013-05-09,11.85,11.83,11.85,11.65,62998.0,星期四,-0.0034,-0.0017
2013-05-08,11.71,11.89,11.98,11.7,71204.0,星期三,0.0026,0.0154
2013-05-07,11.57,11.68,11.75,11.57,46637.0,星期二,-0.0043,0.0095
2013-05-06,11.6,11.62,11.68,11.54,40654.0,星期一,0.0061,0.0017
2013-05-03,11.32,11.53,11.6,11.32,45497.0,星期五,0.0018,0.0186
2013-05-02,11.22,11.3,11.38,11.11,31400.0,星期四,0.0045,0.0071
2013-04-26,11.5,11.17,11.6,11.15,60226.0,星期五,0.0017,-0.0287
2013-04-25,11.8,11.48,11.8,11.48,70539.0,星期四,-0.0034,-0.0271
2013-04-24,11.75,11.84,11.95,11.72,62074.0,星期三,0.0034,0.0077
2013-04-23,12.18,11.71,12.22,11.69,73840.0,星期二,0.0016,-0.0386
2013-04-22,12.1,12.16,12.19,12.05,56125.0,星期一,-0.0058,0.005
2013-04-19,11.95,12.17,12.22,11.95,76108.0,星期五,-0.0025,0.0184
2013-04-18,11.85,11.98,12.02,11.81,56461.0,星期四,-0.0067,0.011
2013-04-17,11.9,11.93,11.95,11.78,33896.0,星期三,0.0,0.0025
2013-04-16,11.6,11.9,11.91,11.5,36849.0,星期二,-0.0102,0.0259
2013-04-15,11.75,11.72,11.83,11.63,34346.0,星期一,-0.0059,-0.0026
2013-04-12,11.82,11.82,11.95,11.8,36216.0,星期五,-0.0025,0.0
2013-04-11,11.95,11.85,11.99,11.78,37826.0,星期四,0.011,-0.0084
2013-04-10,12.0,11.82,12.09,11.69,67179.0,星期三,-0.0008,-0.015
2013-04-09,11.9,12.01,12.16,11.9,61601.0,星期二,0.0017,0.0092
2013-04-08,11.8,11.88,11.92,11.71,81935.0,星期一,-0.0256,0.0068
2013-04-03,12.46,12.11,12.53,12.03,92943.0,星期三,-0.0016,-0.0281
2013-04-02,12.59,12.48,12.7,12.41,62104.0,星期二,0.004,-0.0087
2013-04-01,12.35,12.54,12.66,12.35,57433.0,星期一,0.0032,0.0154
2013-03-29,12.38,12.31,12.55,12.29,56005.0,星期五,-0.0008,-0.0057
2013-03-28,12.63,12.39,12.63,12.35,87143.0,星期四,-0.0094,-0.019
2013-03-27,12.72,12.75,12.94,12.63,76509.0,星期三,0.0008,0.0024
2013-03-26,13.01,12.71,13.02,12.61,107157.0,星期二,0.0015,-0.0231
2013-03-25,13.07,12.99,13.24,12.96,113227.0,星期一,-0.0023,-0.0061
2013-03-22,13.06,13.1,13.2,12.95,135451.0,星期五,-0.0038,0.0031
2013-03-21,12.85,13.11,13.49,12.82,317434.0,星期四,-0.0031,0.0202
2013-03-20,12.59,12.89,12.92,12.46,171922.0,星期三,0.0008,0.0238
2013-03-19,12.71,12.58,12.78,12.47,90682.0,星期二,0.0095,-0.0102
2013-03-18,12.5,12.59,12.75,12.4,95409.0,星期一,-0.0095,0.0072
2013-03-15,12.4,12.62,12.78,12.24,128170.0,星期五,-0.0032,0.0177
2013-03-14,12.4,12.44,12.64,12.4,63963.0,星期四,-0.004,0.0032
2013-03-13,12.53,12.45,12.73,12.26,87695.0,星期三,-0.0056,-0.0064
2013-03-12,12.93,12.6,13.19,12.45,276687.0,星期二,0.0564,-0.0255
2013-03-11,12.34,12.24,12.47,12.2,67242.0,星期一,0.0016,-0.0081
2013-03-08,12.52,12.32,12.59,12.31,74555.0,星期五,-0.0016,-0.016
2013-03-07,12.77,12.54,12.85,12.4,116039.0,星期四,-0.0078,-0.018
2013-03-06,12.81,12.87,12.92,12.71,116113.0,星期三,-0.0008,0.0047
2013-03-05,12.66,12.82,12.84,12.34,130923.0,星期二,-0.0063,0.0126
2013-03-04,13.05,12.74,13.45,12.6,253802.0,星期一,-0.0046,-0.0238
2013-03-01,13.0,13.11,13.18,12.88,152364.0,星期五,-0.0061,0.0085
2013-02-28,12.62,13.08,13.13,12.62,214266.0,星期四,0.0,0.0365
2013-02-27,12.69,12.62,12.84,12.4,82699.0,星期三,0.0008,-0.0055
2013-02-26,12.53,12.68,12.85,12.49,142125.0,星期二,-0.0063,0.012
2013-02-25,12.3,12.61,12.69,12.28,103090.0,星期一,-0.0008,0.0252
2013-02-22,12.39,12.31,12.49,12.27,67341.0,星期五,-0.0024,-0.0065
2013-02-21,12.72,12.42,12.75,12.3,120334.0,星期四,-0.0078,-0.0236
2013-02-20,12.38,12.82,12.85,12.38,132236.0,星期三,0.0008,0.0355
2013-02-19,12.69,12.37,12.79,12.32,85903.0,星期二,-0.0031,-0.0252
2013-02-18,12.78,12.73,12.92,12.68,94097.0,星期一,0.0055,-0.0039
2013-02-08,12.55,12.71,12.78,12.51,84366.0,星期五,-0.0024,0.0127
2013-02-07,12.36,12.58,12.62,12.32,94184.0,星期四,0.0008,0.0178
2013-02-06,12.37,12.35,12.45,12.31,59331.0,星期三,0.0,-0.0016
2013-02-05,12.18,12.37,12.43,12.13,78430.0,星期二,-0.0057,0.0156
2013-02-04,12.61,12.25,12.62,12.23,141052.0,星期一,-0.0016,-0.0285
2013-02-01,12.6,12.63,12.75,12.51,115993.0,星期五,0.0008,0.0024
2013-01-31,12.54,12.59,12.68,12.33,97881.0,星期四,-0.0008,0.004
2013-01-30,12.69,12.55,12.7,12.4,119491.0,星期三,-0.0016,-0.011
2013-01-29,12.71,12.71,12.81,12.59,130044.0,星期二,-0.0031,0.0
2013-01-28,12.35,12.75,12.86,12.35,193482.0,星期一,0.0057,0.0324
2013-01-25,12.21,12.28,12.42,12.05,103181.0,星期五,0.0,0.0057
2013-01-24,12.52,12.21,12.77,12.06,197340.0,星期四,-0.0008,-0.0248
2013-01-23,12.56,12.53,12.73,12.18,198903.0,星期三,-0.0016,-0.0024
2013-01-22,13.0,12.58,13.15,12.39,391787.0,星期二,-0.0269,-0.0323
2013-01-21,12.22,13.36,13.39,12.0,459129.0,星期一,0.0033,0.0933
2013-01-18,11.69,12.18,12.29,11.69,267068.0,星期五,0.0078,0.0419
2013-01-17,11.8,11.6,11.83,11.57,108489.0,星期四,-0.0008,-0.0169
2013-01-16,11.7,11.81,12.08,11.66,249220.0,星期三,0.0,0.0094
2013-01-15,11.52,11.7,11.75,11.48,168505.0,星期二,0.0009,0.0156
2013-01-14,11.1,11.51,11.55,11.08,124802.0,星期一,-0.0018,0.0369
2013-01-11,11.55,11.12,11.57,11.08,134233.0,星期五,-0.0017,-0.0372
2013-01-10,11.64,11.57,11.74,11.46,96657.0,星期四,0.0043,-0.006
2013-01-09,11.7,11.59,11.81,11.5,115041.0,星期三,-0.0026,-0.0094
2013-01-08,11.53,11.73,11.74,11.39,132455.0,星期二,0.0009,0.0173
2013-01-07,11.45,11.52,11.56,11.35,90887.0,星期一,-0.0043,0.0061
2013-01-04,11.8,11.5,11.87,11.34,146269.0,星期五,0.0085,-0.0254
2012-12-31,11.57,11.7,11.72,11.5,131953.0,星期一,0.0035,0.0112
2012-12-28,11.41,11.53,11.63,11.38,108027.0,星期五,-0.0026,0.0105
2012-12-27,11.66,11.44,11.7,11.43,125371.0,星期四,-0.0009,-0.0189
2012-12-26,11.38,11.67,11.8,11.33,194486.0,星期三,-0.0026,0.0255
2012-12-25,11.09,11.41,11.45,11.04,141001.0,星期二,-0.0063,0.0289
2012-12-24,11.27,11.16,11.34,11.1,99517.0,星期一,-0.0053,-0.0098
2012-12-21,11.43,11.33,11.58,11.23,104065.0,星期五,0.0035,-0.0087
2012-12-20,11.27,11.39,11.43,11.19,90292.0,星期四,0.0,0.0106
2012-12-19,11.35,11.27,11.44,11.18,111491.0,星期三,-0.0087,-0.007
2012-12-18,11.35,11.45,11.82,11.24,201583.0,星期二,-0.0018,0.0088
2012-12-17,11.55,11.37,11.6,11.26,172682.0,星期一,0.014,-0.0156
2012-12-14,10.82,11.39,11.5,10.82,218764.0,星期五,0.0009,0.0527
2012-12-13,10.88,10.81,11.17,10.78,121399.0,星期四,-0.0064,-0.0064
2012-12-12,10.81,10.95,10.96,10.69,94122.0,星期三,0.0028,0.013
2012-12-11,10.79,10.78,11.09,10.72,121373.0,星期二,-0.0101,-0.0009
2012-12-10,10.75,10.9,11.09,10.63,185513.0,星期一,-0.0046,0.014
2012-12-07,10.2,10.8,10.82,10.13,185554.0,星期五,0.0049,0.0588
2012-12-06,10.2,10.15,10.31,10.09,59705.0,星期四,-0.0029,-0.0049
2012-12-05,9.7,10.23,10.25,9.67,114375.0,星期三,-0.0102,0.0546
2012-12-04,10.01,9.8,10.13,9.35,101623.0,星期二,-0.0079,-0.021
2012-12-03,10.28,10.09,10.35,10.08,51269.0,星期一,-0.0019,-0.0185
2012-11-30,10.01,10.3,10.31,9.96,56418.0,星期五,0.004,0.029
2012-11-29,10.18,9.97,10.22,9.91,38988.0,星期四,0.0119,-0.0206
2012-11-28,10.13,10.06,10.24,9.97,53354.0,星期三,-0.0117,-0.0069
2012-11-27,10.58,10.25,10.6,10.16,80801.0,星期二,-0.0084,-0.0312
2012-11-26,10.7,10.67,10.93,10.62,86778.0,星期一,-0.0047,-0.0028
2012-11-23,10.55,10.75,10.92,10.55,97129.0,星期五,-0.0019,0.019
2012-11-22,10.7,10.57,10.73,10.53,54751.0,星期四,-0.0093,-0.0121
2012-11-21,10.48,10.8,10.82,10.43,112287.0,星期三,-0.0141,0.0305
2012-11-20,10.52,10.63,10.98,10.52,192862.0,星期二,0.0204,0.0105
2012-11-19,10.08,10.31,10.33,9.97,57333.0,星期一,-0.003,0.0228
2012-11-16,9.9,10.11,10.15,9.88,48240.0,星期五,-0.003,0.0212
2012-11-15,10.08,9.93,10.19,9.88,39526.0,星期四,-0.0088,-0.0149
2012-11-14,10.2,10.17,10.27,10.04,33097.0,星期三,0.0039,-0.0029
2012-11-13,10.52,10.16,10.52,10.14,47932.0,星期二,0.001,-0.0342
2012-11-12,10.39,10.51,10.63,10.39,43369.0,星期一,0.0,0.0115
2012-11-09,10.25,10.39,10.49,10.22,41561.0,星期五,-0.0097,0.0137
2012-11-08,10.81,10.35,10.85,10.3,85068.0,星期四,-0.0155,-0.0426
2012-11-07,11.1,10.98,11.1,10.86,54306.0,星期三,-0.0018,-0.0108
2012-11-06,10.98,11.12,11.13,10.86,93973.0,星期二,0.0,0.0128
2012-11-05,11.11,10.98,11.15,10.91,51722.0,星期一,0.0018,-0.0117
2012-11-02,10.94,11.09,11.13,10.9,99473.0,星期五,-0.0045,0.0137
2012-11-01,10.78,10.99,11.09,10.76,137514.0,星期四,0.0094,0.0195
2012-10-31,10.64,10.68,10.79,10.55,54412.0,星期三,0.0057,0.0038
2012-10-30,10.51,10.58,10.66,10.45,41649.0,星期二,0.0,0.0067
2012-10-29,10.59,10.51,10.67,10.42,35144.0,星期一,-0.0084,-0.0076
2012-10-26,10.89,10.68,10.93,10.48,61859.0,星期五,-0.0064,-0.0193
2012-10-25,11.05,10.96,11.14,10.86,70648.0,星期四,-0.0107,-0.0081
2012-10-24,10.72,11.17,11.3,10.67,174387.0,星期三,-0.0074,0.042
2012-10-23,10.9,10.8,11.02,10.75,74826.0,星期二,0.0037,-0.0092
2012-10-22,10.81,10.86,10.93,10.77,35818.0,星期一,-0.0073,0.0046
2012-10-19,10.99,10.89,11.05,10.88,60251.0,星期五,0.0009,-0.0091
2012-10-18,10.74,10.98,11.05,10.67,124569.0,星期四,0.0,0.0223
2012-10-17,10.9,10.74,10.92,10.64,71765.0,星期三,-0.0055,-0.0147
2012-10-16,10.7,10.96,11.07,10.59,154059.0,星期二,0.0019,0.0243
2012-10-15,10.53,10.68,10.7,10.42,59369.0,星期一,0.001,0.0142
2012-10-12,10.61,10.52,10.71,10.34,44902.0,星期五,0.0038,-0.0085
2012-10-11,10.7,10.57,10.85,10.56,56789.0,星期四,-0.0065,-0.0121
2012-10-10,10.68,10.77,10.83,10.54,73087.0,星期三,-0.0084,0.0084
2012-10-09,10.3,10.77,11.08,10.29,117907.0,星期二,0.0049,0.0456
2012-10-08,10.43,10.25,10.5,10.18,39894.0,星期一,0.0029,-0.0173
2012-09-28,10.26,10.4,10.41,10.18,61147.0,星期五,0.0,0.0136
2012-09-27,9.95,10.26,10.3,9.87,66038.0,星期四,0.003,0.0312
2012-09-26,10.15,9.92,10.19,9.9,35810.0,星期三,0.0069,-0.0227
2012-09-25,10.1,10.08,10.24,10.02,25813.0,星期二,-0.0069,-0.002
2012-09-24,10.2,10.17,10.26,9.93,60705.0,星期一,-0.0087,-0.0029
2012-09-21,10.4,10.29,10.54,10.27,36865.0,星期五,-0.0038,-0.0106
2012-09-20,10.84,10.44,10.84,10.43,52373.0,星期四,-0.0028,-0.0369
2012-09-19,10.82,10.87,10.93,10.76,24857.0,星期三,-0.0018,0.0046
2012-09-18,10.8,10.84,10.93,10.76,27833.0,星期二,-0.0046,0.0037
2012-09-17,11.29,10.85,11.31,10.82,65389.0,星期一,0.0,-0.039
2012-09-14,11.4,11.29,11.46,11.21,56309.0,星期五,0.0115,-0.0096
2012-09-13,11.55,11.27,11.57,11.25,62471.0,星期四,-0.0043,-0.0242
2012-09-12,11.47,11.6,11.74,11.47,107809.0,星期三,0.0044,0.0113
2012-09-11,11.46,11.42,11.46,11.35,61744.0,星期二,-0.0095,-0.0035
2012-09-10,11.48,11.57,11.75,11.36,127435.0,星期一,0.0017,0.0078
2012-09-07,11.13,11.46,11.56,11.04,162251.0,星期五,0.0164,0.0296
2012-09-06,10.8,10.95,11.0,10.79,43894.0,星期四,0.0047,0.0139
2012-09-05,10.84,10.75,10.89,10.7,35333.0,星期三,0.0056,-0.0083
2012-09-04,11.03,10.78,11.1,10.7,58924.0,星期二,0.0009,-0.0227
2012-09-03,10.89,11.02,11.09,10.85,44135.0,星期一,-0.0046,0.0119
2012-08-31,10.9,10.94,11.1,10.84,32567.0,星期五,0.0009,0.0037
2012-08-30,11.19,10.89,11.27,10.76,83146.0,星期四,-0.015,-0.0268
2012-08-29,10.79,11.36,11.58,10.68,141519.0,星期三,-0.0055,0.0528
2012-08-28,10.66,10.85,11.01,10.64,43233.0,星期二,-0.0037,0.0178
2012-08-27,11.09,10.7,11.1,10.69,41823.0,星期一,0.0018,-0.0352
2012-08-24,11.34,11.07,11.34,11.06,51148.0,星期五,-0.0044,-0.0238
2012-08-23,11.32,11.39,11.43,11.23,32917.0,星期四,-0.0018,0.0062
2012-08-22,11.51,11.34,11.54,11.26,35884.0,星期三,0.0,-0.0148
2012-08-21,11.3,11.51,11.58,11.28,50260.0,星期二,-0.0026,0.0186
2012-08-20,11.25,11.33,11.38,11.17,25759.0,星期一,-0.0088,0.0071
2012-08-17,11.29,11.35,11.36,11.22,31830.0,星期五,0.0036,0.0053
2012-08-16,11.28,11.25,11.38,11.22,26618.0,星期四,-0.0027,-0.0027
2012-08-15,11.51,11.31,11.52,11.29,38296.0,星期三,-0.0069,-0.0174
2012-08-14,11.46,11.59,11.59,11.17,72451.0,星期二,-0.0061,0.0113
2012-08-13,11.62,11.53,11.96,11.53,97568.0,星期一,-0.0034,-0.0077
2012-08-10,11.79,11.66,11.79,11.62,55096.0,星期五,0.0,-0.011
2012-08-09,11.63,11.79,11.8,11.56,66617.0,星期四,-0.0043,0.0138
2012-08-08,11.8,11.68,11.83,11.61,61605.0,星期三,-0.0017,-0.0102
2012-08-07,11.69,11.82,11.83,11.63,82797.0,星期二,-0.0026,0.0111
2012-08-06,11.39,11.72,11.77,11.3,97071.0,星期一,0.0,0.029
2012-08-03,11.2,11.39,11.4,11.15,52013.0,星期五,0.0,0.017
2012-08-02,11.33,11.2,11.34,11.1,45842.0,星期四,0.0009,-0.0115
2012-08-01,11.15,11.32,11.38,11.08,50338.0,星期三,0.0072,0.0152
2012-07-31,11.21,11.07,11.27,11.02,38004.0,星期二,0.0036,-0.0125
2012-07-30,11.35,11.17,11.4,11.12,36679.0,星期一,0.0062,-0.0159
2012-07-27,11.39,11.28,11.45,11.24,38260.0,星期五,0.0044,-0.0097
2012-07-26,11.55,11.34,11.58,11.31,48096.0,星期四,0.0035,-0.0182
2012-07-25,11.79,11.51,11.82,11.47,59415.0,星期三,0.0008,-0.0237
2012-07-24,11.67,11.78,11.85,11.56,67130.0,星期二,-0.0085,0.0094
2012-07-23,11.68,11.77,11.88,11.65,97712.0,星期一,0.0052,0.0077
2012-07-20,11.8,11.62,12.03,11.6,105489.0,星期五,0.0085,-0.0153
2012-07-19,11.42,11.7,11.78,11.36,102903.0,星期四,-0.0035,0.0245
2012-07-18,11.45,11.46,11.49,11.17,55430.0,星期三,0.0017,0.0009
2012-07-17,11.24,11.43,11.44,11.2,38259.0,星期二,-0.0044,0.0169
2012-07-16,11.71,11.29,11.71,11.27,60371.0,星期一,0.0052,-0.0359
2012-07-13,11.68,11.65,11.86,11.58,55366.0,星期五,-0.0085,-0.0026
2012-07-12,11.54,11.78,11.79,11.46,83007.0,星期四,0.0044,0.0208
2012-07-11,11.4,11.49,11.58,11.38,78348.0,星期三,0.0115,0.0079
2012-07-10,11.68,11.27,11.76,11.25,94180.0,星期二,0.0,-0.0351
2012-07-09,12.15,11.68,12.2,11.66,88767.0,星期一,-0.0098,-0.0387
2012-07-06,12.17,12.27,12.29,11.95,78477.0,星期五,0.0058,0.0082
2012-07-05,12.51,12.1,12.51,12.08,71275.0,星期四,-0.0064,-0.0328
2012-07-04,12.57,12.59,12.75,12.53,55370.0,星期三,0.0024,0.0016
2012-07-03,12.66,12.54,12.73,12.49,62593.0,星期二,0.0032,-0.0095
2012-07-02,12.67,12.62,12.7,12.53,63085.0,星期一,0.0064,-0.0039
2012-06-29,12.34,12.59,12.6,12.28,73374.0,星期五,-0.0016,0.0203
2012-06-28,12.7,12.36,12.83,12.35,60967.0,星期四,0.004,-0.0268
2012-06-27,12.81,12.65,12.88,12.6,68877.0,星期三,0.0,-0.0125
2012-06-26,13.35,12.81,13.35,12.31,133160.0,星期二,-0.0133,-0.0404
2012-06-25,13.85,13.53,14.1,13.51,151210.0,星期一,0.0058,-0.0231
2012-06-21,13.66,13.77,14.0,13.66,88113.0,星期四,-0.0087,0.0081
2012-06-20,13.95,13.78,14.02,13.65,57657.0,星期三,0.0072,-0.0122
2012-06-19,13.89,13.85,14.04,13.77,74578.0,星期二,-0.005,-0.0029
2012-06-18,13.82,13.96,14.14,13.72,127195.0,星期一,0.0044,0.0101
2012-06-15,13.66,13.76,13.84,13.4,94073.0,星期五,0.0037,0.0073
2012-06-14,13.87,13.61,13.88,13.6,70768.0,星期四,-0.0043,-0.0187
2012-06-13,13.8,13.93,13.94,13.69,86458.0,星期三,0.0036,0.0094
2012-06-12,13.8,13.75,13.82,13.65,60886.0,星期二,-0.0043,-0.0036
2012-06-11,13.53,13.86,13.89,13.53,88455.0,星期一,0.0022,0.0244
2012-06-08,13.7,13.5,13.79,13.44,71349.0,星期五,0.0148,-0.0146
2012-06-07,13.76,13.5,13.8,13.36,78987.0,星期四,0.011,-0.0189
2012-06-06,13.61,13.61,13.73,13.48,62589.0,星期三,0.0015,0.0
2012-06-05,13.84,13.59,13.86,13.5,92803.0,星期二,0.0022,-0.0181
2012-06-04,14.2,13.81,14.28,13.78,169079.0,星期一,-0.0261,-0.0275
2012-06-01,14.6,14.58,14.85,14.45,126810.0,星期五,0.0055,-0.0014
2012-05-31,14.7,14.52,14.75,14.41,151784.0,星期四,-0.0074,-0.0122
2012-05-30,14.87,14.81,15.08,14.67,199077.0,星期三,-0.0047,-0.004
2012-05-29,14.96,14.94,15.1,14.74,319561.0,星期二,0.0027,-0.0013
2012-05-28,13.91,14.92,15.03,13.68,386673.0,星期一,-0.0036,0.0726
2012-05-25,13.78,13.96,13.98,13.7,86621.0,星期五,0.0015,0.0131
2012-05-24,13.98,13.76,14.11,13.71,69380.0,星期四,0.0036,-0.0157
2012-05-23,13.85,13.93,13.95,13.7,98287.0,星期三,0.0051,0.0058
2012-05-22,13.62,13.78,13.8,13.5,59935.0,星期二,0.0089,0.0117
2012-05-21,13.51,13.5,13.64,13.38,50949.0,星期一,0.0,-0.0007
2012-05-18,13.81,13.51,13.88,13.47,81096.0,星期五,-0.0086,-0.0217
2012-05-17,13.73,13.93,13.99,13.63,68709.0,星期四,0.0,0.0146
2012-05-16,13.95,13.73,14.04,13.7,67907.0,星期三,-0.0014,-0.0158
2012-05-15,14.05,13.97,14.05,13.74,86563.0,星期二,-0.0057,-0.0057
2012-05-14,14.23,14.13,14.4,14.09,90138.0,星期一,0.0135,-0.007
2012-05-11,14.12,14.04,14.34,14.03,62906.0,星期五,0.0007,-0.0057
2012-05-10,14.11,14.11,14.24,14.05,68760.0,星期四,-0.0028,0.0
2012-05-09,14.49,14.15,14.55,14.15,115758.0,星期三,-0.0069,-0.0235
2012-05-08,14.75,14.59,14.75,14.5,107794.0,星期二,-0.002,-0.0108
2012-05-07,14.56,14.78,14.84,14.42,156334.0,星期一,-0.0095,0.0151
2012-05-04,14.75,14.7,14.82,14.56,111154.0,星期五,-0.0054,-0.0034
2012-05-03,14.56,14.83,14.96,14.48,179740.0,星期四,0.0,0.0185
2012-05-02,14.46,14.56,14.65,14.27,130724.0,星期三,0.014,0.0069
2012-04-27,14.42,14.26,14.5,14.24,68149.0,星期五,0.0042,-0.0111
2012-04-26,14.59,14.36,14.65,14.31,116729.0,星期四,0.0069,-0.0158
2012-04-25,14.1,14.49,14.66,13.94,166815.0,星期三,-0.0042,0.0277
2012-04-24,14.35,14.16,14.4,13.78,186900.0,星期二,-0.0171,-0.0132
2012-04-23,15.0,14.6,15.01,14.59,195387.0,星期一,0.0239,-0.0267
2012-04-20,14.51,14.65,14.69,14.4,137518.0,星期五,-0.0041,0.0096
2012-04-19,14.41,14.57,14.81,14.32,189794.0,星期四,0.0,0.0111
2012-04-18,14.15,14.41,14.42,14.02,152993.0,星期三,0.0086,0.0184
2012-04-17,14.27,14.03,14.37,14.01,120252.0,星期二,-0.0076,-0.0168
2012-04-16,14.29,14.38,14.67,14.29,192254.0,星期一,0.0099,0.0063
2012-04-13,14.19,14.15,14.34,14.0,168578.0,星期五,0.0201,-0.0028
2012-04-11,13.85,13.91,14.08,13.76,104927.0,星期三,-0.0191,0.0043
2012-04-10,13.58,14.12,14.15,13.41,155436.0,星期二,-0.0066,0.0398
2012-04-09,13.99,13.67,14.01,13.65,107373.0,星期一,-0.0057,-0.0229
2012-04-06,14.08,14.07,14.44,13.9,148119.0,星期五,0.0021,-0.0007
2012-04-05,13.6,14.05,14.08,13.52,120875.0,星期四,0.0015,0.0331
2012-03-30,14.11,13.58,14.2,13.31,179336.0,星期五,0.0007,-0.0376
2012-03-29,14.01,14.1,14.36,13.93,164042.0,星期四,-0.0078,0.0064
2012-03-28,14.47,14.12,14.5,14.02,171775.0,星期三,-0.0034,-0.0242
2012-03-27,14.78,14.52,14.84,14.41,151539.0,星期二,0.0041,-0.0176
2012-03-26,15.09,14.72,15.36,14.56,204412.0,星期一,0.0,-0.0245
2012-03-23,15.43,15.09,15.76,14.98,311211.0,星期五,-0.0134,-0.022
2012-03-22,15.68,15.64,16.42,15.38,630679.0,星期四,-0.0076,-0.0026
2012-03-21,15.42,15.8,16.28,15.28,622111.0,星期三,0.0,0.0246
2012-03-20,15.09,15.42,15.57,14.87,556755.0,星期二,-0.015,0.0219
2012-03-19,14.25,15.32,15.53,14.05,479029.0,星期一,-0.0063,0.0751
2012-03-16,13.8,14.34,14.35,13.72,162874.0,星期五,0.0015,0.0391
2012-03-15,14.2,13.78,14.31,13.6,175598.0,星期四,0.0007,-0.0296
2012-03-14,15.02,14.19,15.07,14.03,226679.0,星期三,0.0033,-0.0553
2012-03-13,14.92,14.97,15.04,14.81,139350.0,星期二,0.0,0.0034
2012-03-12,14.95,14.92,14.95,14.73,135085.0,星期一,0.0054,-0.002
2012-03-09,14.65,14.87,14.98,14.44,206717.0,星期五,0.0048,0.015
2012-03-08,14.55,14.58,14.68,14.48,119845.0,星期四,0.0076,0.0021
2012-03-07,14.29,14.44,14.72,14.27,128671.0,星期三,-0.0165,0.0105
2012-03-06,14.9,14.53,14.91,14.44,171878.0,星期二,-0.002,-0.0248
2012-03-05,15.0,14.93,15.29,14.88,212327.0,星期一,-0.004,-0.0047
2012-03-02,15.15,15.06,15.35,14.82,311171.0,星期五,0.0313,-0.0059
2012-03-01,14.57,14.69,14.84,14.5,172920.0,星期四,-0.0034,0.0082
2012-02-29,15.0,14.62,15.15,14.6,321450.0,星期三,-0.0119,-0.0253
2012-02-28,14.27,15.18,15.55,14.21,582864.0,星期二,0.0,0.0638
2012-02-27,14.37,14.27,14.66,14.24,287294.0,星期一,0.0035,-0.007
2012-02-24,14.19,14.32,14.41,14.06,218208.0,星期五,0.0042,0.0092
2012-02-23,14.26,14.13,14.29,14.06,164149.0,星期四,0.0014,-0.0091
2012-02-22,14.3,14.24,14.38,14.16,236745.0,星期三,0.0214,-0.0042
2012-02-21,13.81,14.0,14.0,13.7,144555.0,星期二,-0.0058,0.0138
2012-02-20,14.28,13.89,14.35,13.88,155174.0,星期一,0.0164,-0.0273
2012-02-17,14.28,14.05,14.35,14.01,179676.0,星期五,0.0028,-0.0161
2012-02-16,14.14,14.24,14.25,13.82,253443.0,星期四,0.0028,0.0071
2012-02-15,13.89,14.1,14.18,13.61,192472.0,星期三,0.0,0.0151
2012-02-14,13.96,13.89,14.12,13.79,136702.0,星期二,0.0014,-0.005
2012-02-13,13.91,13.94,14.23,13.81,195341.0,星期一,0.0043,0.0022
2012-02-10,13.89,13.85,14.11,13.72,186644.0,星期五,0.0014,-0.0029
2012-02-09,13.66,13.87,13.94,13.58,203166.0,星期四,0.0066,0.0154
2012-02-08,13.26,13.57,13.59,13.18,102633.0,星期三,0.0015,0.0234
2012-02-07,13.6,13.24,13.6,13.15,113173.0,星期二,-0.0044,-0.0265
2012-02-06,13.77,13.66,13.88,13.5,141305.0,星期一,0.0,-0.008
2012-02-03,13.74,13.77,13.94,13.61,127769.0,星期五,-0.0029,0.0022
2012-02-02,13.7,13.78,13.84,13.51,161726.0,星期四,-0.0015,0.0058
2012-02-01,13.53,13.72,13.97,13.31,211938.0,星期三,0.0,0.014
2012-01-31,13.2,13.53,13.55,12.99,98557.0,星期二,0.0061,0.025
2012-01-30,13.35,13.12,13.35,13.07,73069.0,星期一,0.0038,-0.0172
2012-01-20,12.78,13.3,13.43,12.73,167491.0,星期五,0.0103,0.0407
2012-01-19,12.75,12.65,12.87,12.5,76728.0,星期四,0.0047,-0.0078
2012-01-18,13.14,12.69,13.28,12.65,101933.0,星期三,-0.0008,-0.0342
2012-01-17,12.41,13.15,13.29,12.26,116665.0,星期二,0.004,0.0596
2012-01-16,12.44,12.36,12.84,12.33,46431.0,星期一,-0.0212,-0.0064
2012-01-13,13.28,12.71,13.31,12.65,104766.0,星期五,0.0,-0.0429
2012-01-12,13.2,13.28,13.5,13.12,102188.0,星期四,0.0015,0.0061
2012-01-11,13.26,13.18,13.49,13.01,122432.0,星期三,0.0015,-0.006
2012-01-10,12.88,13.24,13.32,12.77,146392.0,星期二,0.0031,0.028
2012-01-09,12.38,12.84,12.85,12.16,100982.0,星期一,-0.0008,0.0372
2012-01-06,12.31,12.39,12.47,11.91,102191.0,星期五,-0.0089,0.0065
2012-01-05,12.9,12.42,13.06,12.32,88627.0,星期四,-0.0138,-0.0372
2012-01-04,13.55,13.08,13.59,13.05,82073.0,星期三,0.0089,-0.0347
2011-12-30,13.05,13.43,13.55,13.05,105421.0,星期五,0.0015,0.0291
2011-12-29,13.04,13.03,13.23,12.89,71246.0,星期四,-0.0008,-0.0008
2011-12-28,12.9,13.05,13.18,12.52,80010.0,星期三,-0.01,0.0116
2011-12-27,13.38,13.03,13.55,13.01,105472.0,星期二,-0.0089,-0.0262
2011-12-26,13.49,13.5,13.83,13.35,139686.0,星期一,-0.0059,0.0007
2011-12-23,13.0,13.57,13.65,12.94,168856.0,星期五,-0.0061,0.0438
2011-12-22,12.7,13.08,13.26,12.38,103083.0,星期四,-0.0055,0.0299
2011-12-21,13.29,12.77,13.38,12.7,75650.0,星期三,0.0168,-0.0391
2011-12-20,13.21,13.07,13.4,13.03,80142.0,星期二,-0.006,-0.0106
2011-12-19,12.97,13.29,13.36,12.8,118248.0,星期一,-0.0061,0.0247
2011-12-16,12.45,13.05,13.06,12.3,91272.0,星期五,0.0114,0.0482
2011-12-15,12.81,12.31,12.99,12.27,137095.0,星期四,-0.0266,-0.039
2011-12-14,13.58,13.16,13.58,12.82,107559.0,星期三,-0.008,-0.0309
2011-12-13,13.5,13.69,13.9,13.4,174475.0,星期二,-0.0015,0.0141
2011-12-12,13.5,13.52,13.8,13.46,108478.0,星期一,0.0105,0.0015
2011-12-09,13.29,13.36,13.54,13.2,52246.0,星期五,-0.0126,0.0053
2011-12-08,13.19,13.46,13.67,13.02,112088.0,星期四,0.0015,0.0205
2011-12-07,13.13,13.17,13.3,13.02,51373.0,星期三,-0.0023,0.003
2011-12-06,13.2,13.16,13.27,12.8,81288.0,星期二,0.0061,-0.003
2011-12-05,14.19,13.12,14.26,13.0,177287.0,星期一,-0.0049,-0.0754
2011-12-02,14.56,14.26,14.75,14.08,143755.0,星期五,-0.0136,-0.0206
2011-12-01,14.5,14.76,14.8,14.25,255737.0,星期四,0.0424,0.0179
2011-11-30,14.35,13.91,14.47,13.7,143527.0,星期三,-0.0007,-0.0307
2011-11-29,14.45,14.36,14.49,14.17,109808.0,星期二,0.0112,-0.0062
2011-11-28,13.95,14.29,14.58,13.95,204138.0,星期一,0.0094,0.0244
2011-11-25,13.63,13.82,14.0,13.4,112538.0,星期五,-0.008,0.0139
2011-11-24,13.5,13.74,13.79,13.24,74035.0,星期四,-0.0168,0.0178
2011-11-23,13.98,13.73,14.12,13.7,67684.0,星期三,0.0079,-0.0179
2011-11-22,13.79,13.87,14.03,13.69,71487.0,星期二,-0.0213,0.0058
2011-11-21,13.69,14.09,14.14,13.3,111540.0,星期一,0.0022,0.0292
2011-11-18,13.89,13.66,14.23,13.57,96730.0,星期五,-0.0071,-0.0166
2011-11-17,14.3,13.99,14.35,13.96,83117.0,星期四,0.0042,-0.0217
2011-11-16,14.76,14.24,14.84,14.11,107722.0,星期三,0.0007,-0.0352
2011-11-15,14.7,14.75,14.91,14.6,91975.0,星期二,-0.002,0.0034
2011-11-14,14.45,14.73,14.78,14.45,107309.0,星期一,0.0112,0.0194
2011-11-11,14.39,14.29,14.57,14.15,62457.0,星期五,0.0,-0.0069
2011-11-10,14.58,14.39,14.71,14.38,95084.0,星期四,-0.0149,-0.013
2011-11-09,14.52,14.8,14.82,14.31,115105.0,星期三,0.0069,0.0193
2011-11-08,14.55,14.42,14.7,14.31,96606.0,星期二,0.0,-0.0089
2011-11-07,14.8,14.55,14.92,14.49,115081.0,星期一,0.0007,-0.0169
2011-11-04,14.81,14.79,15.0,14.51,155614.0,星期五,0.0007,-0.0014
2011-11-03,15.31,14.8,15.98,14.79,362743.0,星期四,0.038,-0.0333
2011-11-02,14.26,14.75,14.83,14.21,207685.0,星期三,-0.0213,0.0344
2011-11-01,14.23,14.57,14.8,14.14,231000.0,星期二,-0.0111,0.0239
2011-10-31,13.85,14.39,14.45,13.76,205780.0,星期一,-0.0043,0.039
2011-10-28,13.91,13.91,14.06,13.63,157823.0,星期五,0.0205,0.0
2011-10-27,13.63,13.63,14.2,13.5,202306.0,星期四,-0.0022,0.0
2011-10-26,13.08,13.66,13.92,13.07,241687.0,星期三,-0.0136,0.0443
2011-10-25,12.78,13.26,13.5,12.53,131021.0,星期二,0.0071,0.0376
2011-10-24,12.25,12.69,12.7,12.0,89441.0,星期一,0.0016,0.0359
2011-10-21,12.67,12.23,12.72,12.2,63355.0,星期五,0.0016,-0.0347
2011-10-20,12.9,12.65,12.9,12.38,77369.0,星期四,-0.01,-0.0194
2011-10-19,13.08,13.03,13.28,12.95,86437.0,星期三,0.0054,-0.0038
2011-10-18,13.76,13.01,13.95,12.9,219654.0,星期二,-0.0157,-0.0545
2011-10-17,13.79,13.98,14.04,13.66,192600.0,星期一,-0.0029,0.0138
2011-10-14,13.22,13.83,14.09,13.18,230560.0,星期五,-0.0215,0.0461
2011-10-13,13.39,13.51,14.0,13.39,275883.0,星期四,0.03,0.009
2011-10-12,12.21,13.0,13.08,12.19,132035.0,星期三,-0.0232,0.0647
2011-10-11,12.64,12.5,12.8,12.2,104991.0,星期二,0.0361,-0.0111
2011-10-10,12.08,12.2,12.2,11.8,51913.0,星期一,0.0067,0.0099
2011-09-30,12.33,12.0,12.39,11.78,62523.0,星期五,0.0057,-0.0268
2011-09-29,12.99,12.26,13.1,12.1,92876.0,星期四,-0.0129,-0.0562
2011-09-28,13.66,13.16,13.72,13.13,73943.0,星期三,0.0052,-0.0366
2011-09-27,13.68,13.59,13.76,13.23,73457.0,星期二,0.0111,-0.0066
2011-09-26,13.4,13.53,13.72,13.4,119107.0,星期一,-0.0212,0.0097
2011-09-23,12.93,13.69,13.74,12.86,240863.0,星期五,-0.0197,0.0588
2011-09-22,13.58,13.19,13.71,13.15,114167.0,星期四,-0.0073,-0.0287
2011-09-21,13.12,13.68,13.74,12.9,148008.0,星期三,-0.0046,0.0427
2011-09-20,12.9,13.18,13.32,12.71,107860.0,星期二,-0.0062,0.0217
2011-09-19,13.49,12.98,13.49,12.97,104898.0,星期一,-0.011,-0.0378
2011-09-16,13.86,13.64,13.99,13.61,84583.0,星期五,0.0014,-0.0159
2011-09-14,13.76,13.84,13.86,13.33,94989.0,星期三,0.0,0.0058
2011-09-13,13.52,13.76,14.17,13.52,182892.0,星期二,0.015,0.0178
2011-09-09,13.28,13.32,13.54,13.19,54745.0,星期五,-0.0052,0.003
2011-09-08,13.92,13.35,13.93,13.33,81502.0,星期四,0.0138,-0.0409
2011-09-07,13.44,13.73,13.77,13.32,100068.0,星期三,0.0105,0.0216
2011-09-06,13.2,13.3,13.49,13.15,68780.0,星期二,-0.0237,0.0076
2011-09-05,14.11,13.52,14.12,13.5,109561.0,星期一,-0.0126,-0.0418
2011-09-02,14.52,14.29,14.52,14.19,72155.0,星期五,0.0,-0.0158
2011-09-01,14.82,14.52,15.0,14.5,88490.0,星期四,0.0047,-0.0202
2011-08-31,14.61,14.75,14.94,14.52,125215.0,星期三,0.0069,0.0096
2011-08-30,14.98,14.51,15.05,14.45,114792.0,星期二,0.0081,-0.0314
2011-08-29,15.02,14.86,15.05,14.73,114458.0,星期一,-0.0092,-0.0107
2011-08-26,15.2,15.16,15.52,15.09,186572.0,星期五,0.0106,-0.0026
2011-08-25,14.9,15.04,15.09,14.7,152126.0,星期四,0.0034,0.0094
2011-08-24,14.59,14.85,15.27,14.53,234239.0,星期三,0.0076,0.0178
2011-08-23,14.35,14.48,14.49,14.18,99920.0,星期二,0.0084,0.0091
2011-08-22,14.35,14.23,14.5,14.12,89714.0,星期一,0.0056,-0.0084
2011-08-19,14.2,14.27,14.39,14.11,140986.0,星期五,-0.0301,0.0049
2011-08-18,14.91,14.64,15.27,14.6,147760.0,星期四,-0.0139,-0.0181
2011-08-17,15.1,15.12,15.46,15.01,119964.0,星期三,-0.0079,0.0013
2011-08-16,15.57,15.22,15.65,15.2,162143.0,星期二,0.0039,-0.0225
2011-08-15,15.49,15.51,15.58,15.24,163760.0,星期一,0.0058,0.0013
2011-08-12,15.52,15.4,15.67,15.39,201625.0,星期五,0.0065,-0.0077
2011-08-11,14.6,15.42,15.61,14.54,239083.0,星期四,-0.0407,0.0562
2011-08-10,15.5,15.22,15.67,15.17,253430.0,星期三,0.0224,-0.0181
2011-08-09,14.7,15.16,15.59,14.1,285325.0,星期二,-0.0442,0.0313
2011-08-08,16.35,15.38,16.64,15.15,354280.0,星期一,-0.0227,-0.0593
2011-08-05,16.4,16.73,17.12,16.21,416344.0,星期五,-0.0347,0.0201
2011-08-04,16.28,16.99,17.25,16.1,511121.0,星期四,0.0,0.0436
2011-08-03,16.1,16.28,16.32,15.93,221261.0,星期三,-0.0159,0.0112
2011-08-02,16.0,16.36,16.6,15.85,335321.0,星期二,0.005,0.0225
2011-08-01,15.91,15.92,16.17,15.64,171695.0,星期一,-0.0173,0.0006
2011-07-29,16.17,16.19,16.78,16.16,437510.0,星期五,0.0176,0.0012
2011-07-28,15.71,15.89,16.11,15.11,316185.0,星期四,-0.0187,0.0115
2011-07-27,15.79,16.01,16.14,15.6,242856.0,星期三,-0.0082,0.0139
2011-07-26,15.42,15.92,16.04,15.31,255194.0,星期二,-0.0006,0.0324
2011-07-25,16.22,15.43,16.38,15.33,278300.0,星期一,-0.014,-0.0487
2011-07-22,16.5,16.45,16.7,16.2,230818.0,星期五,0.0092,-0.003
2011-07-21,16.82,16.35,17.07,16.32,236481.0,星期四,-0.0077,-0.0279
2011-07-20,17.12,16.95,17.27,16.52,315091.0,星期三,0.0012,-0.0099
2011-07-19,16.88,17.1,17.88,16.81,477555.0,星期二,-0.0134,0.013
2011-07-18,17.2,17.11,17.36,16.79,432492.0,星期一,-0.0115,-0.0052
2011-07-15,17.25,17.4,18.08,17.12,524986.0,星期五,-0.0249,0.0087
2011-07-14,17.4,17.69,18.18,16.99,778541.0,星期四,-0.0158,0.0167
2011-07-13,17.0,17.68,17.75,16.81,894539.0,星期三,-0.0128,0.04
2011-07-12,15.25,17.22,17.22,15.1,1162912.0,星期二,-0.0256,0.1292
2011-07-11,15.9,15.65,16.44,15.5,627804.0,星期一,0.0544,-0.0157
2011-07-08,15.25,15.08,15.25,14.71,436172.0,星期五,-0.0155,-0.0111
2011-07-07,16.0,15.49,16.97,15.4,617112.0,星期四,0.005,-0.0319
2011-07-06,15.7,15.92,15.99,15.44,277918.0,星期三,-0.0051,0.014
2011-07-05,15.79,15.78,16.01,15.57,290350.0,星期二,-0.0088,-0.0006
2011-07-04,15.74,15.93,16.24,15.51,404659.0,星期一,0.0032,0.0121
2011-07-01,15.99,15.69,16.31,15.61,468433.0,星期五,0.005,-0.0188
2011-06-30,14.9,15.91,15.98,14.75,406783.0,星期四,-0.004,0.0678
2011-06-29,14.15,14.96,15.55,14.15,406872.0,星期三,0.0,0.0572
2011-06-28,13.86,14.15,14.38,13.62,285739.0,星期二,-0.0036,0.0209
2011-06-27,13.4,13.91,13.97,13.29,386884.0,星期一,-0.0074,0.0381
2011-06-24,12.87,13.5,14.14,12.65,509121.0,星期五,-0.0016,0.049
2011-06-23,12.65,12.89,13.08,12.31,228300.0,星期四,-0.0125,0.019
2011-06-22,13.0,12.81,13.12,12.72,201718.0,星期三,-0.0152,-0.0146
2011-06-21,13.03,13.2,13.38,12.75,339280.0,星期二,0.0031,0.013
2011-06-20,12.5,12.99,13.15,12.45,366652.0,星期一,-0.0056,0.0392
2011-06-17,12.21,12.57,12.86,12.21,294716.0,星期五,-0.0105,0.0295
2011-06-16,12.31,12.34,12.79,12.21,199012.0,星期四,-0.0191,0.0024
2011-06-15,12.18,12.55,12.96,12.12,343469.0,星期三,-0.0049,0.0304
2011-06-14,11.77,12.24,12.5,11.71,316925.0,星期二,0.0094,0.0399
2011-06-13,11.65,11.66,11.73,11.39,71217.0,星期一,-0.0034,0.0009
2011-06-10,11.5,11.69,11.76,11.32,98938.0,星期五,-0.0129,0.0165
2011-06-09,12.15,11.65,12.15,11.55,160098.0,星期四,-0.0008,-0.0412
2011-06-08,11.48,12.16,12.2,11.29,230282.0,星期三,-0.0052,0.0592
2011-06-07,11.69,11.54,11.7,11.35,111195.0,星期二,-0.0118,-0.0128
2011-06-03,11.62,11.83,11.91,11.43,69261.0,星期五,-0.3326,0.0181
2011-06-02,17.49,17.41,17.5,17.0,71719.0,星期四,-0.018,-0.0046
2011-06-01,17.38,17.81,18.1,17.06,101280.0,星期三,-0.0108,0.0247
2011-05-31,17.23,17.57,17.64,16.71,94770.0,星期二,-0.0182,0.0197
2011-05-30,16.36,17.55,17.79,16.36,163341.0,星期一,0.0118,0.0727
2011-05-27,17.89,16.17,17.97,16.1,151911.0,星期五,0.0,-0.0961
2011-05-26,18.18,17.89,18.42,17.8,129582.0,星期四,0.0,-0.016
2011-05-25,18.6,18.18,18.93,18.08,225598.0,星期三,0.0059,-0.0226
2011-05-24,17.45,18.49,18.56,17.43,266000.0,星期二,-0.0108,0.0596
2011-05-23,17.15,17.64,18.69,17.14,246416.0,星期一,0.0023,0.0286
2011-05-20,17.12,17.11,17.2,16.96,27331.0,星期五,0.0023,-0.0006
2011-05-19,17.28,17.08,17.39,17.05,41563.0,星期四,-0.0017,-0.0116
2011-05-18,16.93,17.31,17.45,16.86,55503.0,星期三,-0.0047,0.0224
2011-05-17,16.79,17.01,17.16,16.78,55909.0,星期二,-0.0065,0.0131
2011-05-16,17.18,16.9,17.36,16.9,46814.0,星期一,-0.0041,-0.0163
2011-05-13,17.26,17.25,17.48,16.93,48952.0,星期五,0.0,-0.0006
2011-05-12,17.6,17.26,17.6,17.22,54803.0,星期四,-0.0023,-0.0193
2011-05-11,17.71,17.64,17.97,17.5,61322.0,星期三,-0.0051,-0.004
2011-05-10,17.47,17.8,17.83,17.27,75239.0,星期二,-0.008,0.0189
2011-05-09,17.57,17.61,17.95,17.41,62881.0,星期一,0.0,0.0023
2011-05-06,17.05,17.57,17.8,17.01,89809.0,星期五,-0.0229,0.0305
2011-05-05,16.73,17.45,17.6,16.73,125382.0,星期四,0.0103,0.043
2011-05-04,16.8,16.56,16.92,16.47,43761.0,星期三,-0.0065,-0.0143
2011-05-03,16.58,16.91,16.93,16.36,45629.0,星期二,0.0,0.0199
2011-04-29,16.17,16.58,16.63,16.08,39448.0,星期五,-0.0037,0.0254
2011-04-28,17.33,16.23,17.44,16.21,86649.0,星期四,0.0029,-0.0635
2011-04-27,17.53,17.28,17.6,17.12,47708.0,星期三,0.0104,-0.0143
2011-04-26,17.4,17.35,17.73,17.21,64484.0,星期二,0.0023,-0.0029
2011-04-25,17.57,17.36,17.85,17.32,94164.0,星期一,0.0209,-0.012
2011-04-22,17.31,17.21,17.42,17.13,74836.0,星期五,-0.0125,-0.0058
2011-04-21,17.9,17.53,17.91,17.23,100869.0,星期四,0.0073,-0.0207
2011-04-20,17.3,17.77,18.26,17.3,146071.0,星期三,0.0111,0.0272
2011-04-19,17.8,17.11,17.8,17.04,141541.0,星期二,-0.0177,-0.0388
2011-04-15,18.57,18.12,18.66,17.91,98425.0,星期五,0.0,-0.0242
2011-04-14,18.9,18.57,19.07,18.53,72167.0,星期四,-0.0047,-0.0175
2011-04-13,18.4,18.99,19.0,18.25,85880.0,星期三,-0.007,0.0321
2011-04-12,18.53,18.53,18.68,18.36,79650.0,星期二,-0.0086,0.0
2011-04-11,18.99,18.69,19.34,18.61,122387.0,星期一,-0.0052,-0.0158
2011-04-08,18.54,19.09,19.13,18.31,133017.0,星期五,-0.0022,0.0297
2011-04-07,18.8,18.58,19.09,18.39,103224.0,星期四,0.0005,-0.0117
2011-04-06,18.25,18.79,18.95,17.78,163020.0,星期三,-0.0082,0.0296
2011-04-01,18.05,18.4,18.43,17.8,107516.0,星期五,0.0022,0.0194
2011-03-31,19.41,18.01,19.58,17.89,192587.0,星期四,0.0052,-0.0721
2011-03-30,20.06,19.31,20.06,19.0,238518.0,星期三,-0.001,-0.0374
2011-03-29,18.46,20.08,20.21,18.46,506486.0,星期二,0.0049,0.0878
2011-03-28,18.75,18.37,19.0,18.25,186682.0,星期一,0.0388,-0.0203
2011-03-25,17.82,18.05,18.19,17.73,111420.0,星期五,0.0056,0.0129
2011-03-24,18.0,17.72,18.03,17.7,68111.0,星期四,0.0,-0.0156
2011-03-23,17.51,18.0,18.0,17.38,108050.0,星期三,0.0,0.028
2011-03-22,17.45,17.51,17.65,17.12,58884.0,星期二,0.0052,0.0034
2011-03-21,17.56,17.36,17.64,17.21,66391.0,星期一,-0.0057,-0.0114
2011-03-18,17.9,17.66,17.99,17.61,64057.0,星期五,0.0176,-0.0134
2011-03-17,17.53,17.59,18.28,17.27,125024.0,星期四,-0.0107,0.0034
2011-03-16,17.71,17.72,17.8,17.45,95789.0,星期三,0.0,0.0006
2011-03-15,17.39,17.71,17.73,17.02,104305.0,星期二,-0.0069,0.0184
2011-03-14,17.81,17.51,17.88,17.26,138892.0,星期一,-0.0155,-0.0168
2011-03-11,18.11,18.09,18.42,18.05,88666.0,星期五,-0.0093,-0.0011
2011-03-10,18.83,18.28,18.84,18.25,135136.0,星期四,-0.0069,-0.0292
2011-03-09,18.65,18.96,19.5,18.65,259702.0,星期三,0.0147,0.0166
2011-03-08,18.48,18.38,18.59,18.18,87766.0,星期二,-0.0011,-0.0054
2011-03-07,18.45,18.5,18.55,18.06,140218.0,星期一,0.0044,0.0027
2011-03-04,18.31,18.37,18.43,18.05,72521.0,星期五,0.0005,0.0033
2011-03-03,18.45,18.3,19.03,18.28,127943.0,星期四,-0.0139,-0.0081
2011-03-02,19.23,18.71,19.23,18.1,216605.0,星期三,-0.0072,-0.027
2011-03-01,19.45,19.37,19.48,18.9,133330.0,星期二,0.0005,-0.0041
2011-02-28,18.65,19.44,20.1,18.65,226800.0,星期一,0.0065,0.0424
2011-02-25,18.38,18.53,18.65,18.2,106958.0,星期五,-0.0011,0.0082
2011-02-24,17.86,18.4,18.58,17.61,159708.0,星期四,-0.0067,0.0302
2011-02-23,17.88,17.98,18.25,17.58,180354.0,星期三,-0.0105,0.0056
2011-02-22,19.68,18.07,19.68,18.0,240988.0,星期二,0.0015,-0.0818
2011-02-21,19.35,19.65,19.95,19.3,145237.0,星期一,-0.0102,0.0155
2011-02-18,19.81,19.55,20.18,19.4,142413.0,星期五,-0.004,-0.0131
2011-02-17,19.68,19.89,20.24,19.41,217790.0,星期四,-0.0066,0.0107
2011-02-16,19.85,19.81,19.97,19.31,272262.0,星期三,-0.0255,-0.002
2011-02-15,19.69,20.37,21.3,19.52,429350.0,星期二,0.0,0.0345
2011-02-14,19.69,19.69,19.83,19.0,230797.0,星期一,0.0,0.0
2011-02-11,19.6,19.69,19.97,19.31,236686.0,星期五,-0.0116,0.0046
2011-02-10,20.11,19.83,20.58,19.53,348692.0,星期四,-0.0401,-0.0139
2011-02-09,19.61,20.95,21.99,18.94,442416.0,星期三,-0.0234,0.0683
2011-02-01,20.3,20.08,20.66,19.61,362133.0,星期二,-0.0268,-0.0108
2011-01-31,19.5,20.86,20.86,19.3,539135.0,星期一,0.0285,0.0697
2011-01-28,17.44,18.96,19.03,17.1,299127.0,星期五,-0.0063,0.0872
2011-01-27,16.65,17.55,17.95,16.54,261304.0,星期四,-0.0223,0.0541
2011-01-26,15.65,17.03,17.25,15.63,248397.0,星期三,-0.0063,0.0882
2011-01-25,15.98,15.75,16.35,14.84,259487.0,星期二,-0.0309,-0.0144
2011-01-24,16.79,16.49,17.74,16.3,281272.0,星期一,0.017,-0.0179
2011-01-21,15.53,16.51,17.05,15.32,281939.0,星期五,0.0019,0.0631
2011-01-20,15.5,15.5,15.71,15.1,193183.0,星期四,-0.0146,0.0
2011-01-19,14.19,15.73,15.77,14.1,220156.0,星期三,-0.0105,0.1085
2011-01-18,14.27,14.34,14.61,13.8,93886.0,星期二,-0.0219,0.0049
2011-01-17,14.79,14.59,15.16,13.99,176178.0,星期一,-0.01,-0.0135
2011-01-14,14.76,14.94,15.24,14.03,145544.0,星期五,0.0,0.0122
2011-01-13,14.9,14.76,15.23,14.6,126969.0,星期四,-0.0197,-0.0094
2011-01-12,14.25,15.2,15.26,14.06,243240.0,星期三,0.0035,0.0667
2011-01-11,14.22,14.2,14.75,13.8,118797.0,星期二,0.0007,-0.0014
2011-01-10,14.45,14.21,15.18,14.08,181106.0,星期一,0.0321,-0.0166
2011-01-07,13.95,14.0,14.35,13.75,179056.0,星期五,-0.0014,0.0036
2011-01-06,13.58,13.97,14.2,13.3,170997.0,星期四,0.0015,0.0287
2011-01-05,13.45,13.56,14.03,13.3,134846.0,星期三,0.0007,0.0082
2011-01-04,13.54,13.44,13.78,13.32,123071.0,星期二,0.003,-0.0074
2010-12-31,13.22,13.5,13.56,12.95,137443.0,星期五,0.0015,0.0212
2010-12-30,12.61,13.2,13.22,12.6,127348.0,星期四,-0.0079,0.0468
2010-12-29,12.04,12.71,12.76,12.04,83563.0,星期三,-0.0211,0.0556
2010-12-28,11.86,12.3,12.49,11.63,114467.0,星期二,-0.0239,0.0371
2010-12-27,12.72,12.15,12.98,12.1,94446.0,星期一,0.0039,-0.0448
2010-12-24,13.19,12.67,13.19,12.62,110083.0,星期五,-0.009,-0.0394
2010-12-23,14.3,13.31,14.4,13.25,202323.0,星期四,0.031,-0.0692
2010-12-22,13.97,13.87,14.42,13.55,142141.0,星期三,0.0029,-0.0072
2010-12-21,14.0,13.93,14.05,13.52,170029.0,星期二,0.0072,-0.005
2010-12-20,13.55,13.9,14.0,13.02,256208.0,星期一,0.0281,0.0258
2010-12-17,12.85,13.18,13.3,12.61,130855.0,星期五,-0.0153,0.0257
2010-12-15,12.99,13.05,13.82,12.88,229220.0,星期三,-0.0038,0.0046
2010-12-14,12.6,13.04,13.16,12.41,183751.0,星期二,0.0032,0.0349
2010-12-13,12.13,12.56,12.84,12.01,183784.0,星期一,0.0185,0.0354
2010-12-10,11.75,11.91,12.01,11.66,96273.0,星期五,-0.0017,0.0136
2010-12-09,12.08,11.77,12.14,11.72,94789.0,星期四,-0.0115,-0.0257
2010-12-08,12.33,12.22,12.66,12.13,114744.0,星期三,-0.0152,-0.0089
2010-12-07,12.1,12.52,12.61,11.7,120634.0,星期二,-0.0017,0.0347
2010-12-06,12.3,12.12,12.83,12.0,163583.0,星期一,-0.0184,-0.0146
2010-12-03,11.95,12.53,12.96,11.88,257908.0,星期五,-0.0285,0.0485
2010-12-02,12.8,12.3,13.29,12.2,363864.0,星期四,0.0596,-0.0391
2010-12-01,12.05,12.08,12.37,11.85,154937.0,星期三,-0.0227,0.0025
2010-11-30,11.8,12.33,12.6,11.63,341014.0,星期二,0.0094,0.0449
2010-11-29,11.8,11.69,12.02,11.54,143923.0,星期一,0.0,-0.0093
2010-11-26,11.39,11.8,11.98,11.37,197476.0,星期五,-0.0096,0.036
2010-11-25,11.18,11.5,11.88,11.17,203362.0,星期四,0.0018,0.0286
2010-11-24,10.79,11.16,11.3,10.75,144005.0,星期三,-0.0218,0.0343
2010-11-23,10.34,11.03,11.14,10.0,158720.0,星期二,-0.001,0.0667
2010-11-22,10.37,10.35,10.56,10.21,74664.0,星期一,-0.0058,-0.0019
2010-11-19,10.24,10.43,10.49,10.03,64251.0,星期五,0.0039,0.0186
2010-11-18,10.35,10.2,10.49,9.9,89590.0,星期四,0.0157,-0.0145
2010-11-17,10.81,10.19,10.98,10.16,120138.0,星期三,-0.0374,-0.0574
2010-11-16,11.65,11.23,12.02,11.05,345058.0,星期二,-0.0034,-0.0361
2010-11-15,10.78,11.69,11.69,10.53,303439.0,星期一,0.0141,0.0844
2010-11-12,10.89,10.63,11.37,10.45,178780.0,星期五,-0.0046,-0.0239
2010-11-11,11.06,10.94,11.47,10.83,210422.0,星期四,-0.0072,-0.0108
2010-11-10,10.8,11.14,11.29,10.7,199680.0,星期三,-0.0101,0.0315
2010-11-09,11.09,10.91,11.09,10.65,143968.0,星期二,0.0064,-0.0162
2010-11-08,10.83,11.02,11.16,10.8,143438.0,星期一,0.0093,0.0175
2010-11-05,10.6,10.73,10.8,10.48,114173.0,星期五,0.0066,0.0123
2010-11-04,10.49,10.53,10.63,10.34,108683.0,星期四,0.0,0.0038
2010-11-03,10.61,10.49,10.95,10.47,184805.0,星期三,-0.0112,-0.0113
2010-11-02,10.16,10.73,10.86,10.06,254883.0,星期二,0.003,0.0561
2010-11-01,10.06,10.13,10.19,9.96,96122.0,星期一,-0.001,0.007
2010-10-29,10.31,10.07,10.4,9.9,88094.0,星期五,0.0039,-0.0233
2010-10-28,10.16,10.27,10.38,10.15,99195.0,星期四,0.0049,0.0108
2010-10-27,10.14,10.11,10.3,10.05,87029.0,星期三,0.003,-0.003
2010-10-26,10.09,10.11,10.13,9.94,87023.0,星期二,0.002,0.002
2010-10-25,10.05,10.07,10.13,9.91,135062.0,星期一,0.006,0.002
2010-10-22,10.18,9.99,10.28,9.87,116935.0,星期五,-0.002,-0.0187
2010-10-21,10.41,10.2,10.85,10.14,151845.0,星期四,-0.0095,-0.0202
2010-10-20,9.8,10.51,10.57,9.75,133411.0,星期三,-0.0239,0.0724
2010-10-19,9.75,10.04,10.08,9.65,68565.0,星期二,0.0021,0.0297
2010-10-18,10.03,9.73,10.06,9.42,117139.0,星期一,-0.001,-0.0299
2010-10-15,10.31,10.04,10.38,9.91,109713.0,星期五,-0.0087,-0.0262
2010-10-14,11.05,10.4,11.15,10.35,92095.0,星期四,0.0009,-0.0588
2010-10-13,11.02,11.04,11.4,10.86,101491.0,星期三,0.0036,0.0018
2010-10-12,10.9,10.98,11.12,10.81,115949.0,星期二,-0.0109,0.0073
2010-10-11,10.55,11.02,11.1,10.54,189006.0,星期一,-0.0075,0.0445
2010-10-08,10.51,10.63,10.69,10.28,106590.0,星期五,-0.0094,0.0114
2010-09-30,10.65,10.61,10.83,10.53,104961.0,星期四,0.0,-0.0038
2010-09-29,10.62,10.65,10.75,10.4,94063.0,星期三,0.0009,0.0028
2010-09-28,10.71,10.61,10.73,10.46,122353.0,星期二,0.0009,-0.0093
2010-09-27,10.59,10.7,10.75,10.41,113187.0,星期一,0.0057,0.0104
2010-09-21,10.65,10.53,10.68,10.32,76901.0,星期二,-0.0028,-0.0113
2010-09-20,10.26,10.68,10.72,10.1,168817.0,星期一,0.001,0.0409
2010-09-17,10.34,10.25,10.37,10.08,49921.0,星期五,0.0,-0.0087
2010-09-16,10.48,10.34,10.59,9.96,86888.0,星期四,0.0029,-0.0134
2010-09-15,10.29,10.45,10.56,10.18,96213.0,星期三,-0.0019,0.0155
2010-09-14,10.3,10.31,10.41,10.22,63737.0,星期二,-0.001,0.001
2010-09-13,10.05,10.31,10.33,10.0,64598.0,星期一,-0.004,0.0259
2010-09-10,9.92,10.09,10.13,9.84,47033.0,星期五,-0.003,0.0171
2010-09-09,10.24,9.95,10.24,9.9,76853.0,星期四,0.0039,-0.0283
2010-09-08,10.4,10.2,10.41,10.19,105692.0,星期三,-0.0076,-0.0192
2010-09-07,10.52,10.48,10.61,10.33,42989.0,星期二,0.001,-0.0038
2010-09-06,10.45,10.51,10.55,10.21,77403.0,星期一,0.0067,0.0057
2010-09-03,10.35,10.38,10.41,10.25,37756.0,星期五,0.0,0.0029
2010-09-02,10.41,10.35,10.49,10.2,54629.0,星期四,0.0117,-0.0058
2010-09-01,10.6,10.29,10.69,10.15,42023.0,星期三,0.0086,-0.0292
2010-08-31,10.55,10.51,10.55,10.3,39863.0,星期二,0.0,-0.0038
2010-08-30,10.31,10.55,10.61,10.27,41633.0,星期一,0.0049,0.0233
2010-08-27,10.32,10.26,10.34,10.11,28987.0,星期五,-0.001,-0.0058
2010-08-26,10.24,10.33,10.44,10.17,26213.0,星期四,0.0,0.0088
2010-08-25,10.45,10.24,10.5,10.2,45348.0,星期三,-0.0048,-0.0201
2010-08-24,10.49,10.5,10.65,10.4,54202.0,星期二,0.0087,0.001
2010-08-20,10.94,10.4,10.94,10.32,99015.0,星期五,-0.0045,-0.0494
2010-08-19,10.92,10.99,11.17,10.92,59266.0,星期四,-0.0109,0.0064
2010-08-18,11.26,11.04,11.26,10.9,71955.0,星期三,0.0,-0.0195
2010-08-17,11.31,11.26,11.38,11.16,69053.0,星期二,0.0,-0.0044
2010-08-16,11.26,11.31,11.48,11.05,97471.0,星期一,-0.0035,0.0044
2010-08-13,11.02,11.3,11.5,10.82,110400.0,星期五,-0.0054,0.0254
2010-08-12,10.58,11.08,11.25,10.46,181524.0,星期四,-0.0121,0.0473
2010-08-11,10.3,10.71,10.78,10.26,96166.0,星期三,0.0039,0.0398
2010-08-10,10.89,10.26,10.91,10.22,79783.0,星期二,-0.0037,-0.0579
2010-08-09,10.55,10.93,10.99,10.48,102836.0,星期一,-0.0122,0.036
2010-08-06,10.48,10.68,10.72,10.22,100302.0,星期五,-0.0038,0.0191
2010-08-05,10.6,10.52,10.71,10.4,88111.0,星期四,-0.014,-0.0075
2010-08-04,10.6,10.75,10.8,10.19,121113.0,星期三,-0.0075,0.0142
2010-08-03,11.18,10.68,11.19,10.62,109540.0,星期二,0.0054,-0.0447
2010-08-02,11.07,11.12,11.2,10.85,100209.0,星期一,-0.0036,0.0045
2010-07-30,10.99,11.11,11.3,10.74,113310.0,星期五,-0.0036,0.0109
2010-07-29,10.6,11.03,11.07,10.56,171558.0,星期四,0.0009,0.0406
2010-07-28,10.2,10.59,10.64,10.18,160757.0,星期三,-0.0135,0.0382
2010-07-27,10.2,10.34,10.45,10.08,122207.0,星期二,-0.0029,0.0137
2010-07-26,10.27,10.23,10.37,10.08,135814.0,星期一,0.0088,-0.0039
2010-07-23,9.94,10.18,10.19,9.71,187886.0,星期五,0.0061,0.0241
2010-07-22,9.69,9.88,10.26,9.62,231232.0,星期四,-0.0051,0.0196
2010-07-21,9.5,9.74,9.85,9.38,168533.0,星期三,-0.0114,0.0253
2010-07-20,9.35,9.61,9.82,9.2,257625.0,星期二,0.047,0.0278
2010-07-19,8.5,8.93,8.99,8.41,86483.0,星期一,-0.0128,0.0506
2010-07-16,8.68,8.61,8.68,8.3,51459.0,星期五,0.0,-0.0081
2010-07-15,9.1,8.68,9.16,8.58,114586.0,星期四,-0.0011,-0.0462
2010-07-14,8.82,9.11,9.12,8.73,86240.0,星期三,0.0092,0.0329
2010-07-13,8.89,8.74,8.89,8.55,71437.0,星期二,0.0,-0.0169
2010-07-12,8.73,8.89,9.2,8.69,77916.0,星期一,0.0151,0.0183
2010-07-09,8.41,8.6,8.66,8.34,68904.0,星期五,0.0084,0.0226
2010-07-08,8.39,8.34,8.5,8.2,38826.0,星期四,-0.0071,-0.006
2010-07-07,8.2,8.45,8.55,8.12,50112.0,星期三,0.0049,0.0305
2010-07-06,7.93,8.16,8.25,7.91,31095.0,星期二,0.0025,0.029
2010-07-05,8.02,7.91,8.18,7.86,37044.0,星期一,-0.0196,-0.0137
2010-07-02,8.23,8.18,8.25,7.52,47630.0,星期五,0.0024,-0.0061
2010-07-01,8.26,8.21,8.37,8.1,24374.0,星期四,0.0061,-0.0061
2010-06-30,8.3,8.21,8.46,7.91,40143.0,星期三,-0.0095,-0.0108
2010-06-29,9.06,8.38,9.19,8.25,65033.0,星期二,-0.0044,-0.0751
2010-06-28,9.43,9.1,9.5,9.04,46660.0,星期一,-0.0084,-0.035
2010-06-25,9.46,9.51,9.68,9.22,90034.0,星期五,0.0,0.0053
2010-06-24,9.23,9.46,9.58,9.12,101282.0,星期四,-0.0065,0.0249
2010-06-23,9.2,9.29,9.36,8.96,88562.0,星期三,-0.0181,0.0098
2010-06-22,8.87,9.37,9.57,8.81,174142.0,星期二,-0.0089,0.0564
2010-06-21,8.4,8.95,9.03,8.16,85560.0,星期一,0.0024,0.0655
2010-06-18,8.65,8.38,8.74,8.26,33805.0,星期五,0.0,-0.0312
2010-06-17,8.71,8.65,8.81,8.63,27388.0,星期四,0.0058,-0.0069
2010-06-11,8.8,8.66,8.81,8.64,35666.0,星期五,0.008,-0.0159
2010-06-10,8.67,8.73,8.91,8.6,53238.0,星期四,-0.0103,0.0069
2010-06-09,8.46,8.76,8.8,8.35,66302.0,星期三,0.0,0.0355
2010-06-08,8.4,8.46,8.5,8.3,29676.0,星期二,0.0024,0.0071
2010-06-07,8.38,8.38,8.5,8.27,38973.0,星期一,-0.0267,0.0
2010-06-04,8.4,8.61,8.66,8.32,37503.0,星期五,-0.0198,0.025
2010-06-03,8.8,8.57,8.96,8.53,54531.0,星期四,0.0329,-0.0261
2010-06-02,8.39,8.52,8.58,8.21,35536.0,星期三,0.0133,0.0155
2010-06-01,8.51,8.28,8.51,8.15,45444.0,星期二,-0.047,-0.027
2010-05-28,9.12,8.93,9.15,8.88,42693.0,星期五,0.0111,-0.0208
2010-05-27,8.9,9.02,9.08,8.72,44252.0,星期四,-0.0022,0.0135
2010-05-26,8.91,8.92,9.01,8.84,36380.0,星期三,-0.0056,0.0011
2010-05-25,9.15,8.96,9.22,8.86,67419.0,星期二,-0.014,-0.0208
2010-05-24,8.71,9.28,9.34,8.71,114396.0,星期一,0.0104,0.0654
2010-05-21,8.1,8.62,8.69,8.0,58491.0,星期五,-0.0357,0.0642
2010-05-20,8.58,8.4,8.85,8.35,55646.0,星期四,-0.0183,-0.021
2010-05-19,8.6,8.74,9.09,8.4,59000.0,星期三,-0.0194,0.0163
2010-05-18,8.62,8.77,8.9,8.17,73426.0,星期二,0.0,0.0174
2010-05-17,9.5,8.62,9.5,8.62,75711.0,星期一,-0.0084,-0.0926
2010-05-14,9.44,9.58,9.71,9.43,82751.0,星期五,-0.0063,0.0148
2010-05-13,9.49,9.5,9.53,9.12,71088.0,星期四,0.0032,0.0011
2010-05-12,9.31,9.46,9.5,9.18,68644.0,星期三,0.0043,0.0161
2010-05-11,9.59,9.27,9.68,9.26,80645.0,星期二,0.0159,-0.0334
2010-05-10,9.3,9.44,9.51,9.12,68340.0,星期一,0.0076,0.0151
2010-05-07,9.2,9.23,9.55,9.13,62345.0,星期五,-0.0336,0.0033
2010-05-06,9.84,9.52,9.99,9.5,81692.0,星期四,-0.001,-0.0325
2010-05-05,10.05,9.85,10.05,9.4,118812.0,星期三,-0.0059,-0.0199
2010-05-04,10.29,10.11,10.4,10.02,32523.0,星期二,-0.0096,-0.0175
2010-04-30,10.82,10.39,10.9,10.25,25624.0,星期五,0.0009,-0.0397
2010-04-29,10.99,10.81,11.06,10.8,30588.0,星期四,0.0092,-0.0164
2010-04-28,10.8,10.89,10.99,10.62,34383.0,星期三,-0.0074,0.0083
2010-04-27,11.15,10.88,11.15,10.58,53545.0,星期二,-0.0045,-0.0242
2010-04-26,11.38,11.2,11.38,11.1,35959.0,星期一,0.0053,-0.0158
2010-04-23,11.39,11.32,11.4,11.04,59934.0,星期五,0.0026,-0.0061
2010-04-22,11.67,11.36,11.67,11.18,62699.0,星期四,-0.0017,-0.0266
2010-04-21,11.63,11.69,11.75,11.36,85594.0,星期三,0.0069,0.0052
2010-04-20,11.52,11.55,11.71,11.01,51635.0,星期二,0.0,0.0026
2010-04-19,12.55,11.52,12.55,11.52,129793.0,星期一,-0.0195,-0.0821
2010-04-15,13.27,12.8,13.27,12.68,67716.0,星期四,0.0053,-0.0354
2010-04-14,12.94,13.2,13.23,12.9,41358.0,星期三,0.0008,0.0201
2010-04-13,13.33,12.93,13.33,12.72,85112.0,星期二,0.006,-0.03
2010-04-12,13.75,13.25,13.87,13.15,115156.0,星期一,0.0044,-0.0364
2010-04-09,13.48,13.69,13.71,13.3,55674.0,星期五,0.0113,0.0156
2010-04-08,13.63,13.33,13.7,13.29,65193.0,星期四,-0.0051,-0.022
2010-04-07,13.9,13.7,13.91,13.48,91620.0,星期三,-0.0043,-0.0144
2010-04-06,14.36,13.96,14.53,13.83,62455.0,星期二,0.017,-0.0279
2010-04-02,13.96,14.12,14.36,13.96,83578.0,星期五,0.0,0.0115
2010-04-01,13.9,13.96,14.03,13.68,64872.0,星期四,-0.0007,0.0043
2010-03-31,14.16,13.91,14.17,13.72,58555.0,星期三,0.0014,-0.0177
2010-03-30,13.84,14.14,14.16,13.75,85490.0,星期二,-0.0007,0.0217
2010-03-29,13.91,13.85,14.18,13.73,80913.0,星期一,0.0022,-0.0043
2010-03-26,13.8,13.88,14.1,13.65,66229.0,星期五,0.0007,0.0058
2010-03-25,14.25,13.79,14.33,13.72,110164.0,星期四,-0.0028,-0.0323
2010-03-24,14.39,14.29,14.68,14.02,144615.0,星期三,-0.0055,-0.0069
2010-03-23,14.09,14.47,14.99,12.74,245289.0,星期二,-0.0042,0.027
2010-03-22,14.22,14.15,14.82,13.99,212358.0,星期一,0.0164,-0.0049
2010-03-19,13.58,13.99,14.14,13.52,144274.0,星期五,-0.0007,0.0302
2010-03-18,13.4,13.59,13.95,13.33,117620.0,星期四,-0.0147,0.0142
2010-03-17,13.37,13.6,13.96,13.36,74840.0,星期三,0.0167,0.0172
2010-03-16,13.05,13.15,13.18,12.96,20338.0,星期二,0.0008,0.0077
2010-03-15,13.46,13.04,13.67,12.88,52506.0,星期一,-0.0022,-0.0312
2010-03-12,13.46,13.49,13.85,13.19,58858.0,星期五,-0.0015,0.0022
2010-03-11,13.9,13.48,14.0,13.19,65695.0,星期四,-0.0036,-0.0302
2010-03-10,14.07,13.95,14.19,13.55,79694.0,星期三,0.0,-0.0085
2010-03-09,13.7,14.07,14.33,13.63,148873.0,星期二,-0.0186,0.027
2010-03-08,13.18,13.96,14.09,13.1,139280.0,星期一,0.0,0.0592
2010-03-05,12.9,13.18,13.35,12.66,49759.0,星期五,0.0,0.0217
2010-03-04,13.28,12.9,13.75,12.85,76676.0,星期四,0.003,-0.0286
2010-03-03,13.04,13.24,13.39,12.83,73227.0,星期三,0.0,0.0153
2010-03-02,13.17,13.04,13.2,12.7,60544.0,星期二,0.0008,-0.0099
2010-03-01,13.24,13.16,13.36,13.0,73813.0,星期一,0.0053,-0.006
2010-02-26,13.48,13.17,13.52,13.09,53231.0,星期五,0.0,-0.023
2010-02-25,12.66,13.48,13.52,12.66,80380.0,星期四,0.0016,0.0648
2010-02-24,12.45,12.64,12.69,12.31,44581.0,星期三,0.0032,0.0153
2010-02-23,12.3,12.41,12.5,12.2,32814.0,星期二,0.0,0.0089
2010-02-22,12.2,12.3,12.6,12.09,53371.0,星期一,0.0091,0.0082
2010-02-12,12.11,12.09,12.2,12.0,24365.0,星期五,0.0092,-0.0017
2010-02-11,12.2,12.0,12.43,11.97,30311.0,星期四,0.0,-0.0164
2010-02-10,12.0,12.2,12.27,11.85,37186.0,星期三,0.0213,0.0167
2010-02-09,11.55,11.75,11.94,11.42,20087.0,星期二,-0.0043,0.0173
2010-02-08,11.81,11.6,11.84,11.4,20846.0,星期一,0.0025,-0.0178
2010-02-05,11.85,11.78,12.13,11.61,46557.0,星期五,-0.0334,-0.0059
2010-02-04,12.04,12.26,12.48,11.67,78188.0,星期四,0.0017,0.0183
2010-02-03,11.36,12.02,12.05,11.02,73388.0,星期三,-0.0018,0.0581
2010-02-02,11.32,11.38,11.69,11.3,29301.0,星期二,0.0044,0.0053
2010-02-01,11.84,11.27,11.84,11.06,37981.0,星期一,0.0128,-0.0481
2010-01-29,11.6,11.69,11.8,11.42,37900.0,星期五,-0.0034,0.0078
2010-01-28,11.37,11.64,11.68,11.28,42263.0,星期四,-0.0052,0.0237
2010-01-27,11.86,11.43,12.0,11.2,76630.0,星期三,0.0,-0.0363
2010-01-26,12.31,11.86,12.5,11.8,47409.0,星期二,-0.0073,-0.0366
2010-01-25,12.98,12.4,12.98,12.15,67929.0,星期一,-0.0159,-0.0447
2010-01-22,14.1,13.19,14.5,12.91,158877.0,星期五,0.0159,-0.0645
2010-01-21,13.63,13.88,14.18,13.58,78557.0,星期四,0.0037,0.0183
2010-01-20,14.47,13.58,14.58,13.38,161058.0,星期三,0.0077,-0.0615
2010-01-19,13.54,14.36,14.84,13.54,215599.0,星期二,0.0,0.0606
2010-01-18,12.95,13.54,13.65,12.88,112210.0,星期一,-0.0038,0.0456
2010-01-15,13.16,13.0,13.25,12.83,61054.0,星期五,0.0154,-0.0122
2010-01-14,12.97,12.96,13.14,12.65,76494.0,星期四,0.0117,-0.0008
2010-01-13,12.49,12.82,13.25,12.3,148229.0,星期三,-0.0204,0.0264
2010-01-12,12.09,12.75,12.78,11.95,108297.0,星期二,-0.0017,0.0546
2010-01-11,12.05,12.11,12.23,11.7,70475.0,星期一,0.0075,0.005
2010-01-08,12.0,11.96,12.24,11.93,56504.0,星期五,-0.014,-0.0033
2010-01-07,12.57,12.17,12.71,12.1,59617.0,星期四,-0.0032,-0.0318
2010-01-06,12.79,12.61,12.95,12.49,76364.0,星期三,-0.0047,-0.0141
2010-01-05,12.98,12.85,13.08,12.6,59581.0,星期二,-0.0084,-0.01
2010-01-04,12.94,13.09,13.27,12.67,84092.0,星期一,0.0101,0.0116
2009-12-31,13.0,12.81,13.0,12.56,63647.0,星期四,0.007,-0.0146
2009-12-30,13.0,12.91,13.03,12.65,80291.0,星期三,0.0,-0.0069
2009-12-29,13.26,13.0,13.47,12.81,97858.0,星期二,0.0015,-0.0196
2009-12-28,12.11,13.24,13.24,12.11,115157.0,星期一,0.0058,0.0933
2009-12-25,12.1,12.04,12.2,11.8,60544.0,星期五,-0.0017,-0.005
2009-12-24,11.81,12.12,12.18,11.64,65445.0,星期四,0.0017,0.0262
2009-12-23,11.65,11.79,11.86,11.43,61167.0,星期三,0.0122,0.012
2009-12-22,12.29,11.51,12.32,11.36,67167.0,星期二,0.0024,-0.0635
2009-12-21,12.13,12.26,12.35,11.8,69402.0,星期一,0.0008,0.0107
2009-12-18,13.12,12.12,13.25,12.02,103572.0,星期五,-0.018,-0.0762
2009-12-17,14.23,13.36,14.3,13.25,70169.0,星期四,-0.0007,-0.0611
2009-12-16,14.15,14.24,14.44,14.02,41286.0,星期三,-0.0028,0.0064
2009-12-15,14.98,14.19,14.98,14.0,122759.0,星期二,-0.0027,-0.0527
2009-12-14,15.2,15.02,15.52,14.64,77998.0,星期一,-0.0065,-0.0118
2009-12-11,14.9,15.3,15.46,14.53,102882.0,星期五,0.0088,0.0268
2009-12-10,15.2,14.77,15.63,14.63,109618.0,星期四,0.0013,-0.0283
2009-12-09,14.8,15.18,15.65,14.6,165760.0,星期三,-0.004,0.0257
2009-12-08,14.6,14.86,15.13,14.49,150840.0,星期二,0.016,0.0178
2009-12-07,13.95,14.37,14.49,13.85,88520.0,星期一,0.0036,0.0301
2009-12-04,14.4,13.9,14.67,13.68,103148.0,星期五,-0.0021,-0.0347
2009-12-03,14.5,14.43,14.78,14.0,90397.0,星期四,-0.0028,-0.0048
2009-12-02,14.03,14.54,14.88,13.88,107164.0,星期三,0.0,0.0364
2009-12-01,13.54,14.03,14.06,13.32,66969.0,星期二,0.0,0.0362
2009-11-30,13.3,13.54,13.68,13.3,75328.0,星期一,0.0045,0.018
2009-11-27,14.0,13.24,14.4,13.0,92962.0,星期五,-0.0155,-0.0543
2009-11-26,14.8,14.22,15.1,14.15,123269.0,星期四,0.0,-0.0392
2009-11-25,13.82,14.8,14.87,13.74,120676.0,星期三,-0.0036,0.0709
2009-11-24,14.8,13.87,15.13,13.76,134649.0,星期二,-0.004,-0.0628
2009-11-23,14.0,14.86,14.95,13.91,170142.0,星期一,0.0057,0.0614
2009-11-20,13.47,13.92,14.2,13.3,138672.0,星期五,-0.0037,0.0334
2009-11-19,13.52,13.52,13.57,13.18,78049.0,星期四,-0.0044,0.0
2009-11-18,13.53,13.58,13.63,13.25,81604.0,星期三,0.0,0.0037
2009-11-17,13.17,13.53,13.68,13.07,104103.0,星期二,0.0023,0.0273
2009-11-16,12.73,13.14,13.22,12.66,107054.0,星期一,0.0008,0.0322
2009-11-13,12.89,12.72,13.03,12.44,100718.0,星期五,-0.0054,-0.0132
2009-11-12,13.0,12.96,13.09,12.87,52079.0,星期四,0.0023,-0.0031
2009-11-11,13.05,12.97,13.1,12.8,54171.0,星期三,-0.0031,-0.0061
2009-11-10,13.31,13.09,13.33,13.02,72867.0,星期二,0.0023,-0.0165
2009-11-09,12.9,13.28,13.29,12.88,112553.0,星期一,0.0031,0.0295
2009-11-06,12.92,12.86,13.01,12.76,62706.0,星期五,0.0062,-0.0046
2009-11-05,12.61,12.84,13.09,12.61,71215.0,星期四,-0.0039,0.0182
2009-11-04,12.6,12.66,12.76,12.46,57513.0,星期三,-0.0032,0.0048
2009-11-03,12.5,12.64,12.77,12.28,118230.0,星期二,0.0,0.0112
2009-11-02,12.0,12.5,12.65,11.71,74723.0,星期一,-0.0164,0.0417
2009-10-30,12.45,12.2,12.5,12.1,53730.0,星期五,0.0264,-0.0201
2009-10-29,12.45,12.13,12.5,12.03,57192.0,星期四,-0.0266,-0.0257
2009-10-28,13.02,12.79,13.19,12.41,64708.0,星期三,0.0015,-0.0177
2009-10-27,13.3,13.0,13.52,12.96,61454.0,星期二,-0.0192,-0.0226
2009-10-26,13.11,13.56,13.75,13.1,79475.0,星期一,-0.0068,0.0343
2009-10-23,13.15,13.2,13.57,12.75,104515.0,星期五,0.0015,0.0038
2009-10-22,13.25,13.13,13.53,13.11,70921.0,星期四,-0.003,-0.0091
2009-10-21,13.49,13.29,14.16,13.2,141668.0,星期三,-0.0044,-0.0148
2009-10-20,12.93,13.55,13.77,12.79,202341.0,星期二,-0.0008,0.048
2009-10-19,12.29,12.94,13.12,12.21,138238.0,星期一,0.0008,0.0529
2009-10-16,12.05,12.28,12.3,11.95,66392.0,星期五,0.0033,0.0191
2009-10-15,11.99,12.01,12.36,11.83,59098.0,星期四,0.0,0.0017
2009-10-14,11.68,11.99,12.3,11.64,106907.0,星期三,0.0043,0.0265
2009-10-13,11.16,11.63,11.66,11.16,46898.0,星期二,-0.0176,0.0421
2009-10-12,11.34,11.36,11.53,11.1,55137.0,星期一,0.0,0.0018
2009-10-09,10.85,11.34,11.35,10.83,48238.0,星期五,0.0,0.0452
2009-09-30,10.97,10.85,11.2,10.78,34012.0,星期三,0.0092,-0.0109
2009-09-29,11.13,10.87,11.25,10.7,37658.0,星期二,-0.0045,-0.0234
2009-09-28,11.7,11.18,11.79,11.05,43214.0,星期一,0.0034,-0.0444
2009-09-25,11.59,11.66,11.91,11.26,87966.0,星期五,-0.0009,0.006
2009-09-24,10.94,11.6,11.71,10.5,103947.0,星期四,0.0,0.0603
2009-09-23,11.36,10.94,11.74,10.8,73087.0,星期三,-0.0156,-0.037
2009-09-22,11.56,11.54,12.07,11.53,70524.0,星期二,-0.0086,-0.0017
2009-09-21,11.85,11.66,12.0,11.3,84783.0,星期一,-0.0084,-0.016
2009-09-18,12.7,11.95,12.91,11.66,150761.0,星期五,-0.0109,-0.0591
2009-09-17,12.41,12.84,13.2,12.33,157820.0,星期四,-0.0016,0.0346
2009-09-16,12.3,12.43,12.56,12.07,95358.0,星期三,-0.016,0.0106
2009-09-15,12.4,12.5,12.95,12.22,189152.0,星期二,-0.008,0.0081
2009-09-14,11.38,12.5,12.5,11.21,245202.0,星期一,0.0018,0.0984
2009-09-11,10.62,11.36,11.7,10.52,151461.0,星期五,-0.0112,0.0697
2009-09-10,10.63,10.74,11.06,10.6,64561.0,星期四,0.0009,0.0103
2009-09-09,11.0,10.62,11.19,10.57,78781.0,星期三,0.0148,-0.0345
2009-09-08,10.65,10.84,10.89,10.4,72700.0,星期二,0.0,0.0178
2009-09-07,10.86,10.65,11.05,10.62,61245.0,星期一,0.0102,-0.0193
2009-09-04,10.58,10.75,10.93,10.41,66753.0,星期五,0.0,0.0161
2009-09-03,9.8,10.58,10.8,9.8,66039.0,星期四,-0.0081,0.0796
2009-09-02,9.84,9.88,10.18,9.68,30525.0,星期三,-0.0051,0.0041
2009-09-01,9.83,9.89,10.19,9.7,54956.0,星期二,-0.0051,0.0061
2009-08-31,10.71,9.88,10.8,9.84,76938.0,星期一,-0.0201,-0.0775
2009-08-28,11.77,10.93,11.77,10.85,107403.0,星期五,-0.0101,-0.0714
2009-08-27,11.38,11.89,11.95,11.18,95500.0,星期四,-0.0052,0.0448
2009-08-26,10.58,11.44,11.65,10.5,97009.0,星期三,-0.0195,0.0813
2009-08-25,11.4,10.79,11.4,10.37,84416.0,星期二,-0.0104,-0.0535
2009-08-24,11.08,11.52,11.65,10.83,81200.0,星期一,0.0073,0.0397
2009-08-21,10.66,11.0,11.06,10.4,99354.0,星期五,0.0554,0.0319
2009-08-19,10.5,10.1,10.93,10.05,102053.0,星期三,0.0029,-0.0381
2009-08-18,11.07,10.47,11.15,10.13,142927.0,星期二,-0.016,-0.0542
2009-08-17,12.14,11.25,12.4,11.24,98864.0,星期一,-0.028,-0.0733
2009-08-14,11.91,12.49,13.15,11.91,177634.0,星期五,-0.0189,0.0487
2009-08-13,11.99,12.14,12.15,11.69,72326.0,星期四,0.011,0.0125
2009-08-12,12.25,11.86,12.46,11.85,126604.0,星期三,-0.0169,-0.0318
2009-08-11,11.61,12.46,12.46,11.61,212590.0,星期二,0.0247,0.0732
2009-08-10,10.9,11.33,11.48,10.87,71175.0,星期一,-0.0082,0.0394
2009-08-07,11.2,10.99,11.52,10.92,60000.0,星期五,0.0009,-0.0187
2009-08-06,11.38,11.19,11.44,10.98,79772.0,星期四,-0.0207,-0.0167
2009-08-05,11.54,11.62,11.96,11.19,96822.0,星期三,-0.0052,0.0069
2009-08-04,11.8,11.6,11.8,11.18,114577.0,星期二,-0.0084,-0.0169
2009-08-03,12.25,11.9,12.27,11.65,140674.0,星期一,-0.0016,-0.0286
2009-07-31,12.06,12.27,12.58,12.06,90788.0,星期五,-0.0179,0.0174
2009-07-30,11.88,12.28,12.7,11.88,129749.0,星期四,-0.0034,0.0337
2009-07-29,12.06,11.92,12.47,11.41,162447.0,星期三,-0.0235,-0.0116
2009-07-28,12.01,12.35,12.69,11.9,143443.0,星期二,-0.005,0.0283
2009-07-27,12.0,12.07,12.36,11.6,171425.0,星期一,0.0239,0.0058
2009-07-24,11.47,11.72,11.85,11.01,240987.0,星期五,0.0552,0.0218
2009-07-23,10.1,10.87,10.87,10.08,159692.0,星期四,0.0223,0.0762
2009-07-22,10.03,9.88,10.29,9.68,142640.0,星期三,-0.0089,-0.015
2009-07-21,10.1,10.12,10.45,9.92,222468.0,星期二,0.013,0.002
2009-07-20,9.1,9.97,9.97,8.96,230210.0,星期一,0.0044,0.0956
2009-07-17,8.8,9.06,9.31,8.75,137449.0,星期五,-0.0011,0.0295
2009-07-16,8.77,8.81,9.06,8.68,121659.0,星期四,-0.0011,0.0046
2009-07-15,9.0,8.78,9.05,8.68,128538.0,星期三,0.0011,-0.0244
2009-07-14,8.76,8.99,9.14,8.7,138001.0,星期二,-0.0102,0.0263
2009-07-13,8.73,8.85,9.29,8.6,150441.0,星期一,-0.0023,0.0137
2009-07-10,8.44,8.75,8.8,8.39,135888.0,星期五,-0.0152,0.0367
2009-07-09,8.7,8.57,9.16,8.5,294240.0,星期四,0.0164,-0.0149
2009-07-08,7.7,8.56,8.56,7.7,247670.0,星期三,-0.0103,0.1117
2009-07-07,7.81,7.78,8.07,7.65,147621.0,星期二,-0.0176,-0.0038
2009-07-06,8.1,7.95,8.35,7.85,298302.0,星期一,0.015,-0.0185
2009-07-03,7.21,7.98,7.98,7.05,301200.0,星期五,-0.0055,0.1068
2009-07-02,7.11,7.25,7.47,7.01,245763.0,星期四,0.0,0.0197
2009-07-01,6.62,7.11,7.25,6.5,288627.0,星期三,0.0046,0.074
2009-06-30,6.19,6.59,6.81,6.16,315085.0,星期二,-0.0048,0.0646
2009-06-29,6.05,6.22,6.25,6.04,92547.0,星期一,-0.0017,0.0281
2009-06-26,6.0,6.06,6.12,5.91,74096.0,星期五,0.0017,0.01
2009-06-25,6.1,5.99,6.13,5.96,63029.0,星期四,0.0,-0.018
2009-06-24,6.08,6.1,6.16,6.04,31457.0,星期三,-0.0016,0.0033
2009-06-23,6.03,6.09,6.14,5.96,41910.0,星期二,-0.0099,0.01
2009-06-22,6.23,6.09,6.28,6.08,69035.0,星期一,0.0,-0.0225
2009-06-19,6.26,6.23,6.32,6.22,67676.0,星期五,-0.0032,-0.0048
2009-06-18,6.18,6.28,6.29,6.14,98730.0,星期四,-0.0016,0.0162
2009-06-17,6.12,6.19,6.23,6.03,54621.0,星期三,-0.0065,0.0114
2009-06-16,6.15,6.16,6.21,6.06,52081.0,星期二,-0.0128,0.0016
2009-06-15,6.0,6.23,6.25,5.96,95032.0,星期一,-0.0033,0.0383
2009-06-12,6.23,6.02,6.23,5.9,109401.0,星期五,-0.0095,-0.0337
2009-06-10,6.35,6.29,6.37,6.2,99791.0,星期三,0.0079,-0.0094
2009-06-09,6.32,6.3,6.33,6.11,84297.0,星期二,-0.0078,-0.0032
2009-06-08,6.24,6.37,6.41,6.14,149850.0,星期一,0.0065,0.0208
2009-06-05,6.19,6.2,6.23,6.07,62508.0,星期五,0.0032,0.0016
2009-06-04,6.18,6.17,6.25,6.05,74904.0,星期四,-0.0064,-0.0016
2009-06-03,6.18,6.22,6.29,6.1,110396.0,星期三,0.0,0.0065
2009-06-02,6.09,6.18,6.31,6.04,156174.0,星期二,0.005,0.0148
2009-06-01,6.07,6.06,6.15,5.97,87803.0,星期一,0.01,-0.0016
2009-05-27,6.11,6.01,6.18,5.97,69140.0,星期三,-0.0016,-0.0164
2009-05-26,6.02,6.12,6.32,5.87,142851.0,星期二,0.0017,0.0166
2009-05-25,5.66,6.01,6.06,5.58,64837.0,星期一,-0.0358,0.0618
2009-05-22,5.89,5.87,5.98,5.8,42649.0,星期五,0.0,-0.0034
2009-05-21,6.01,5.89,6.14,5.8,80125.0,星期四,-0.0099,-0.02
2009-05-20,6.17,6.07,6.29,6.05,107594.0,星期三,-0.0128,-0.0162
2009-05-19,5.98,6.25,6.42,5.92,185614.0,星期二,-0.0017,0.0452
2009-05-18,5.9,5.99,6.01,5.87,65653.0,星期一,0.0068,0.0153
2009-05-15,5.9,5.86,5.95,5.82,53361.0,星期五,-0.0017,-0.0068
2009-05-14,6.0,5.91,6.0,5.78,91358.0,星期四,-0.0017,-0.015
2009-05-13,5.99,6.01,6.12,5.91,193588.0,星期三,-0.0017,0.0033
2009-05-12,5.67,6.0,6.05,5.6,186319.0,星期二,-0.0105,0.0582
2009-05-11,5.85,5.73,5.86,5.63,99170.0,星期一,-0.0034,-0.0205
2009-05-08,5.66,5.87,5.9,5.58,136102.0,星期五,-0.0035,0.0371
2009-05-07,5.7,5.68,5.77,5.5,73966.0,星期四,0.0,-0.0035
2009-05-06,5.66,5.7,5.73,5.58,72206.0,星期三,0.0018,0.0071
2009-05-05,5.64,5.65,5.72,5.56,68786.0,星期二,0.0108,0.0018
2009-05-04,5.42,5.58,5.63,5.42,59273.0,星期一,0.0,0.0295
2009-04-30,5.42,5.42,5.49,5.39,53382.0,星期四,0.0018,0.0
2009-04-29,5.25,5.41,5.44,5.21,47629.0,星期三,0.0,0.0305
2009-04-28,5.29,5.25,5.29,5.12,35487.0,星期二,0.0252,-0.0076
2009-04-27,5.38,5.16,5.45,5.14,45450.0,星期一,0.0,-0.0409
2009-04-23,5.37,5.38,5.47,5.3,59258.0,星期四,0.0075,0.0019
2009-04-22,5.68,5.33,5.8,5.31,89564.0,星期三,0.0,-0.0616
2009-04-21,5.72,5.68,5.74,5.57,82706.0,星期二,-0.0138,-0.007
2009-04-20,5.58,5.8,5.92,5.58,115133.0,星期一,-0.0279,0.0394
2009-04-17,5.82,5.74,5.99,5.5,160689.0,星期五,0.0017,-0.0137
2009-04-16,5.86,5.81,6.05,5.77,257609.0,星期四,0.0156,-0.0085
2009-04-15,5.41,5.77,5.85,5.38,186380.0,星期三,-0.0128,0.0665
2009-04-14,5.38,5.48,5.5,5.26,110781.0,星期二,-0.0019,0.0186
2009-04-13,5.31,5.39,5.4,5.3,75390.0,星期一,0.0,0.0151
2009-04-10,5.23,5.31,5.34,5.14,70187.0,星期五,0.0077,0.0153
2009-04-09,5.24,5.19,5.33,5.05,64140.0,星期四,0.0,-0.0095
2009-04-08,5.36,5.24,5.53,5.22,112802.0,星期三,-0.0037,-0.0224
2009-04-07,5.35,5.38,5.4,5.27,71504.0,星期二,0.0019,0.0056
2009-04-03,5.3,5.34,5.47,5.25,160556.0,星期五,0.0095,0.0075
2009-04-02,5.31,5.25,5.37,5.22,78396.0,星期四,0.0,-0.0113
2009-04-01,5.15,5.31,5.33,5.15,98599.0,星期三,0.0,0.0311
2009-03-31,5.1,5.15,5.15,4.98,48242.0,星期二,-0.0154,0.0098
2009-03-30,5.22,5.18,5.26,5.16,69684.0,星期一,0.0097,-0.0077
2009-03-27,5.09,5.17,5.22,5.04,68170.0,星期五,0.0039,0.0157
2009-03-26,5.02,5.07,5.1,4.9,58309.0,星期四,0.002,0.01
2009-03-25,5.18,5.01,5.24,5.0,54930.0,星期三,0.0058,-0.0328
2009-03-24,5.25,5.15,5.29,5.12,63573.0,星期二,0.0038,-0.019
2009-03-23,5.2,5.23,5.24,5.1,86407.0,星期一,-0.0038,0.0058
2009-03-20,5.24,5.22,5.35,5.13,93146.0,星期五,0.0096,-0.0038
2009-03-19,5.17,5.19,5.24,5.1,60374.0,星期四,0.0,0.0039
2009-03-18,5.08,5.17,5.3,5.04,121298.0,星期三,-0.002,0.0177
2009-03-17,4.99,5.09,5.12,4.92,103660.0,星期二,0.004,0.02
2009-03-16,4.91,4.97,4.98,4.81,85911.0,星期一,0.002,0.0122
2009-03-13,4.79,4.9,4.97,4.72,75088.0,星期五,0.0084,0.023
2009-03-12,4.84,4.75,4.87,4.61,38334.0,星期四,0.0,-0.0186
2009-03-11,5.02,4.84,5.08,4.74,61680.0,星期三,0.0101,-0.0359
2009-03-10,4.9,4.97,4.98,4.72,71427.0,星期二,-0.0101,0.0143
2009-03-09,4.96,4.95,5.15,4.9,100247.0,星期一,0.002,-0.002
2009-03-06,4.78,4.95,5.11,4.75,87364.0,星期五,-0.0124,0.0356
2009-03-05,4.86,4.84,4.9,4.7,69792.0,星期四,0.0083,-0.0041
2009-03-04,4.62,4.82,4.9,4.6,66311.0,星期三,0.0065,0.0433
2009-03-03,4.45,4.59,4.61,4.35,44479.0,星期二,-0.0305,0.0315
2009-03-02,4.47,4.59,4.62,4.44,39189.0,星期一,0.0,0.0268
2009-02-27,4.8,4.47,4.85,4.41,69058.0,星期五,-0.0164,-0.0688
2009-02-26,5.4,4.88,5.44,4.86,98989.0,星期四,0.0,-0.0963
2009-02-25,5.2,5.4,5.41,5.11,101025.0,星期三,0.0097,0.0385
2009-02-24,5.34,5.15,5.68,5.13,143130.0,星期二,-0.0111,-0.0356
2009-02-23,5.26,5.4,5.48,5.2,145864.0,星期一,-0.0057,0.0266
2009-02-20,5.17,5.29,5.31,5.07,165563.0,星期五,0.0039,0.0232
2009-02-19,4.99,5.15,5.17,4.8,123372.0,星期四,0.004,0.0321
2009-02-18,4.88,4.97,5.21,4.82,131000.0,星期三,-0.0201,0.0184
2009-02-17,5.18,4.98,5.25,4.94,107112.0,星期二,-0.0189,-0.0386
2009-02-16,5.11,5.28,5.48,5.05,171553.0,星期一,0.0,0.0333
2009-02-13,4.9,5.11,5.15,4.88,154181.0,星期五,-0.0041,0.0429
2009-02-12,5.06,4.92,5.07,4.79,77352.0,星期四,0.014,-0.0277
2009-02-11,4.95,4.99,5.08,4.85,141565.0,星期三,-0.0198,0.0081
2009-02-10,5.02,5.05,5.06,4.9,149413.0,星期二,-0.0157,0.006
2009-02-09,5.18,5.1,5.18,5.0,260413.0,星期一,0.0217,-0.0154
2009-02-06,4.86,5.07,5.07,4.85,314785.0,星期五,0.0542,0.0432
2009-02-05,4.5,4.61,4.91,4.47,202296.0,星期四,0.009,0.0244
2009-02-04,4.44,4.46,4.5,4.35,72060.0,星期三,0.0137,0.0045
2009-02-03,4.36,4.38,4.4,4.25,62431.0,星期二,0.0,0.0046
2009-02-02,4.12,4.36,4.37,4.12,74885.0,星期一,0.0073,0.0583
2009-01-23,4.18,4.09,4.21,4.08,24757.0,星期五,0.0,-0.0215
2009-01-22,4.11,4.18,4.22,4.08,30329.0,星期四,0.0098,0.017
2009-01-21,4.08,4.07,4.12,4.02,17323.0,星期三,-0.0024,-0.0025
2009-01-20,4.12,4.09,4.12,3.99,23024.0,星期二,0.0,-0.0073
2009-01-19,4.2,4.12,4.24,4.06,32270.0,星期一,0.0072,-0.019
2009-01-16,4.14,4.17,4.26,4.1,62193.0,星期五,0.0,0.0072
2009-01-15,4.09,4.14,4.2,4.07,50038.0,星期四,-0.0073,0.0122
2009-01-14,3.95,4.12,4.14,3.95,30142.0,星期三,-0.005,0.043
2009-01-13,4.14,3.97,4.18,3.95,32719.0,星期二,0.0,-0.0411
2009-01-12,4.1,4.14,4.25,4.07,46281.0,星期一,-0.0024,0.0098
2009-01-09,4.08,4.11,4.16,4.02,30913.0,星期五,0.0074,0.0074
2009-01-08,4.0,4.05,4.13,3.95,41686.0,星期四,-0.0244,0.0125
2009-01-07,4.04,4.1,4.25,4.04,82114.0,星期三,-0.0074,0.0149
2009-01-06,3.84,4.07,4.15,3.77,88369.0,星期二,0.0,0.0599
2009-01-05,3.66,3.84,3.85,3.64,35821.0,星期一,0.011,0.0492
2008-12-31,3.7,3.62,3.79,3.61,17927.0,星期三,-0.0054,-0.0216
2008-12-30,3.82,3.72,3.83,3.66,32602.0,星期二,-0.0052,-0.0262
2008-12-29,3.76,3.84,3.86,3.69,40534.0,星期一,0.0,0.0213
2008-12-26,3.78,3.76,3.78,3.69,23196.0,星期五,0.0107,-0.0053
2008-12-25,3.8,3.74,3.81,3.62,32514.0,星期四,0.0133,-0.0158
2008-12-24,3.78,3.75,3.79,3.64,44594.0,星期三,-0.0079,-0.0079
2008-12-23,4.22,3.81,4.22,3.8,61691.0,星期二,0.0048,-0.0972
2008-12-22,4.26,4.2,4.3,4.08,59702.0,星期一,-0.0023,-0.0141
2008-12-19,4.3,4.27,4.4,4.24,73492.0,星期五,-0.0092,-0.007
2008-12-18,4.4,4.34,4.4,4.2,77285.0,星期四,0.0069,-0.0136
2008-12-17,4.36,4.37,4.46,4.25,152842.0,星期三,-0.018,0.0023
2008-12-16,4.0,4.44,4.44,3.98,178829.0,星期二,-0.0099,0.11
2008-12-15,3.99,4.04,4.12,3.94,48276.0,星期一,0.0257,0.0125
2008-12-12,4.0,3.89,4.15,3.88,79553.0,星期五,0.0,-0.0275
2008-12-11,4.19,4.0,4.29,3.99,66499.0,星期四,-0.0071,-0.0453
2008-12-10,4.07,4.22,4.29,4.0,66232.0,星期三,0.0,0.0369
2008-12-09,4.34,4.07,4.34,4.07,77995.0,星期二,0.0,-0.0622
2008-12-08,4.2,4.34,4.38,4.15,134282.0,星期一,0.0,0.0333
2008-12-05,3.94,4.2,4.3,3.88,92729.0,星期五,-0.0101,0.066
2008-12-04,4.1,3.98,4.16,3.96,105575.0,星期四,0.0049,-0.0293
2008-12-03,3.94,4.08,4.12,3.93,87614.0,星期三,-0.0051,0.0355
2008-12-02,3.79,3.96,4.03,3.78,81214.0,星期二,-0.0257,0.0449
2008-12-01,3.68,3.89,3.94,3.65,62990.0,星期一,-0.0108,0.0571
2008-11-28,3.7,3.72,3.82,3.66,42349.0,星期五,-0.008,0.0054
2008-11-27,3.98,3.73,4.03,3.7,78643.0,星期四,0.067,-0.0628
2008-11-26,3.68,3.73,3.76,3.57,47873.0,星期三,0.0055,0.0136
2008-11-25,3.76,3.66,3.85,3.54,52459.0,星期二,0.0162,-0.0266
2008-11-24,3.83,3.7,3.95,3.66,56269.0,星期一,0.0026,-0.0339
2008-11-21,3.8,3.82,3.98,3.61,81341.0,星期五,-0.038,0.0053
2008-11-20,4.14,3.95,4.14,3.9,94212.0,星期四,0.0,-0.0459
2008-11-19,3.74,4.14,4.15,3.61,127517.0,星期三,-0.0106,0.107
2008-11-18,4.09,3.78,4.17,3.78,103340.0,星期二,-0.0262,-0.0758
2008-11-17,3.99,4.2,4.22,3.88,128311.0,星期一,0.0,0.0526
2008-11-14,3.86,3.99,4.05,3.78,183144.0,星期五,0.0321,0.0337
2008-11-13,3.5,3.74,3.74,3.5,102255.0,星期四,0.0294,0.0686
2008-11-11,3.51,3.4,3.62,3.39,99853.0,星期二,-0.0085,-0.0313
2008-11-10,3.3,3.54,3.61,3.29,126814.0,星期一,0.003,0.0727
2008-11-07,3.14,3.29,3.35,3.11,107097.0,星期五,-0.0248,0.0478
2008-11-06,3.24,3.22,3.41,3.2,154910.0,星期四,-0.0182,-0.0062
2008-11-05,3.0,3.3,3.3,2.94,99972.0,星期三,0.0,0.1
2008-11-04,2.73,3.0,3.0,2.72,91700.0,星期二,0.0,0.0989
2008-11-03,2.79,2.73,2.83,2.69,6063.0,星期一,0.0,-0.0215
2008-10-31,2.86,2.79,2.89,2.77,5701.0,星期五,-0.0138,-0.0245
2008-10-30,2.91,2.9,2.92,2.81,12624.0,星期四,0.0175,-0.0034
2008-10-29,3.0,2.86,3.04,2.84,13255.0,星期三,0.0169,-0.0467
2008-10-28,2.85,2.95,2.98,2.85,16541.0,星期二,-0.0273,0.0351
2008-10-27,3.05,2.93,3.12,2.9,12549.0,星期一,-0.0409,-0.0393
2008-10-24,3.28,3.18,3.29,3.12,14807.0,星期五,0.0,-0.0305
2008-10-23,3.12,3.28,3.3,3.04,32599.0,星期四,0.0,0.0513
2008-10-22,3.1,3.12,3.19,3.05,12039.0,星期三,-0.0127,0.0065
2008-10-21,3.2,3.14,3.2,3.08,10514.0,星期二,0.0191,-0.0188
2008-10-20,3.01,3.14,3.15,3.0,10013.0,星期一,0.0033,0.0432
2008-10-17,2.93,3.0,3.08,2.93,7817.0,星期五,0.0,0.0239
2008-10-16,3.02,2.93,3.02,2.92,5714.0,星期四,-0.0227,-0.0298
2008-10-15,3.03,3.09,3.15,3.0,5539.0,星期三,-0.013,0.0198
2008-10-14,3.3,3.07,3.3,3.06,12570.0,星期二,0.0577,-0.0697
2008-10-13,3.13,3.12,3.14,2.9,9268.0,星期一,0.0195,-0.0032
2008-10-10,3.19,3.07,3.19,3.01,11038.0,星期五,-0.0215,-0.0376
2008-10-09,3.35,3.26,3.35,3.25,6679.0,星期四,0.0276,-0.0269
2008-10-08,3.25,3.26,3.33,3.24,6007.0,星期三,-0.0269,0.0031
2008-10-07,3.3,3.34,3.36,3.21,8376.0,星期二,-0.0179,0.0121
2008-10-06,3.36,3.36,3.44,3.35,7979.0,星期一,-0.0372,0.0
2008-09-26,3.52,3.49,3.53,3.41,13206.0,星期五,0.0028,-0.0085
2008-09-25,3.45,3.51,3.56,3.4,12538.0,星期四,-0.0029,0.0174
2008-09-24,3.3,3.46,3.47,3.3,7481.0,星期三,-0.0294,0.0485
2008-09-23,3.52,3.4,3.55,3.38,13125.0,星期二,-0.033,-0.0341
2008-09-22,3.7,3.64,3.87,3.56,40275.0,星期一,0.0511,-0.0162
2008-09-19,3.48,3.52,3.52,3.41,17712.0,星期五,0.0875,0.0115
2008-09-18,3.27,3.2,3.31,3.0,11603.0,星期四,-0.0121,-0.0214
2008-09-17,3.48,3.31,3.48,3.29,5604.0,星期三,0.0205,-0.0489
2008-09-16,3.49,3.41,3.53,3.38,7268.0,星期二,-0.0029,-0.0229
2008-09-12,3.48,3.5,3.55,3.43,8508.0,星期五,0.0029,0.0057
2008-09-11,3.48,3.47,3.51,3.37,5928.0,星期四,0.0,-0.0029
2008-09-10,3.45,3.48,3.55,3.36,7793.0,星期三,-0.0029,0.0087
2008-09-09,3.48,3.46,3.52,3.35,5656.0,星期二,0.0296,-0.0057
2008-09-08,3.56,3.38,3.6,3.35,5972.0,星期一,0.0,-0.0506
2008-09-05,3.6,3.56,3.72,3.52,9181.0,星期五,-0.0551,-0.0111
2008-09-04,3.82,3.81,3.85,3.73,9597.0,星期四,0.0053,-0.0026
2008-09-03,3.7,3.8,3.85,3.7,11847.0,星期三,-0.0027,0.027
2008-09-02,3.61,3.71,3.8,3.61,7737.0,星期二,-0.0028,0.0277
2008-09-01,3.72,3.62,3.72,3.6,5575.0,星期一,-0.0053,-0.0269
2008-08-29,3.65,3.74,3.83,3.63,9835.0,星期五,0.0083,0.0247
2008-08-28,3.63,3.62,3.69,3.56,5040.0,星期四,0.0028,-0.0028
2008-08-27,3.58,3.62,3.69,3.48,6784.0,星期三,0.0,0.0112
2008-08-26,3.85,3.58,3.85,3.52,10870.0,星期二,0.0,-0.0701
2008-08-25,3.88,3.85,3.96,3.8,5396.0,星期一,0.0026,-0.0077
2008-08-22,3.9,3.87,3.96,3.78,6783.0,星期五,-0.0152,-0.0077
2008-08-21,4.12,3.96,4.17,3.96,13345.0,星期四,-0.0167,-0.0388
2008-08-20,3.79,4.19,4.25,3.75,18797.0,星期三,-0.0207,0.1055
2008-08-19,3.68,3.87,3.92,3.6,9817.0,星期二,-0.0054,0.0516
2008-08-18,4.13,3.7,4.14,3.7,8647.0,星期一,0.0049,-0.1041
2008-08-15,4.09,4.11,4.15,4.05,7687.0,星期五,-0.0049,0.0049
2008-08-14,4.01,4.11,4.21,3.95,10557.0,星期四,-0.005,0.0249
2008-08-13,4.08,4.03,4.08,3.86,8270.0,星期三,0.0,-0.0123
2008-08-12,4.05,4.08,4.15,3.98,11149.0,星期二,0.005,0.0074
2008-08-11,4.43,4.03,4.48,4.0,15654.0,星期一,0.0,-0.0903
2008-08-08,4.9,4.43,4.9,4.41,13042.0,星期五,0.0,-0.0959
2008-08-07,4.85,4.9,4.92,4.81,7600.0,星期四,-0.0041,0.0103
2008-08-06,4.88,4.87,4.91,4.77,10402.0,星期三,0.0124,-0.002
2008-08-05,5.01,4.82,5.05,4.78,12212.0,星期二,-0.002,-0.0379
2008-08-04,5.07,5.02,5.13,4.98,9742.0,星期一,0.004,-0.0099
2008-08-01,5.02,5.05,5.12,4.84,17514.0,星期五,0.002,0.006
2008-07-31,5.26,5.01,5.3,4.99,27321.0,星期四,0.0,-0.0475
2008-07-30,5.33,5.26,5.48,5.17,50976.0,星期三,-0.013,-0.0131
2008-07-29,5.19,5.4,5.63,5.19,111973.0,星期二,0.0078,0.0405
2008-07-25,5.08,5.15,5.19,5.03,28861.0,星期五,-0.0059,0.0138
2008-07-24,5.15,5.11,5.19,5.0,19818.0,星期四,0.03,-0.0078
2008-07-23,5.07,5.0,5.19,5.0,17984.0,星期三,0.004,-0.0138
2008-07-22,5.03,5.05,5.14,4.95,17397.0,星期二,0.008,0.004
2008-07-21,4.8,4.99,5.04,4.68,15244.0,星期一,0.0063,0.0396
2008-07-18,4.67,4.77,4.8,4.53,8014.0,星期五,0.0152,0.0214
2008-07-17,4.73,4.6,4.8,4.58,9607.0,星期四,0.0172,-0.0275
2008-07-16,4.89,4.65,4.95,4.52,14189.0,星期三,-0.0081,-0.0491
2008-07-15,5.09,4.93,5.18,4.91,17079.0,星期二,-0.0039,-0.0314
2008-07-14,4.93,5.11,5.12,4.86,10891.0,星期一,-0.004,0.0365
2008-07-11,5.02,4.95,5.11,4.88,16958.0,星期五,-0.0118,-0.0139
2008-07-10,5.06,5.08,5.26,5.01,26526.0,星期四,-0.0156,0.004
2008-07-09,5.05,5.14,5.16,5.01,27249.0,星期三,0.008,0.0178
2008-07-08,5.0,5.01,5.06,4.88,17132.0,星期二,-0.004,0.002
2008-07-07,4.8,5.02,5.08,4.8,18223.0,星期一,0.0021,0.0458
2008-07-04,4.7,4.79,4.83,4.69,10421.0,星期五,-0.0105,0.0191
2008-07-03,4.58,4.75,4.85,4.45,16060.0,星期四,-0.0151,0.0371
2008-07-02,4.61,4.65,4.75,4.61,7909.0,星期三,0.0,0.0087
2008-07-01,4.67,4.61,4.68,4.5,7214.0,星期二,0.0108,-0.0128
2008-06-30,4.6,4.62,4.7,4.5,8126.0,星期一,0.011,0.0043
2008-06-27,4.76,4.55,4.8,4.52,25097.0,星期五,-0.0286,-0.0441
2008-06-26,4.8,4.9,4.93,4.72,18424.0,星期四,-0.0041,0.0208
2008-06-25,4.62,4.82,4.86,4.51,18475.0,星期三,0.0065,0.0433
2008-06-24,4.46,4.59,4.65,4.4,9881.0,星期二,-0.0022,0.0291
2008-06-23,4.52,4.47,4.56,4.31,8863.0,星期一,0.0067,-0.0111
2008-06-20,4.5,4.49,4.6,4.26,19708.0,星期五,0.0465,-0.0022
2008-06-19,4.8,4.3,4.8,4.3,13208.0,星期四,0.0042,-0.1042
2008-06-18,4.48,4.78,4.85,4.35,14722.0,星期三,-0.0154,0.067
2008-06-17,4.95,4.55,5.0,4.52,10449.0,星期二,0.0102,-0.0808
2008-06-16,4.95,4.9,5.03,4.82,9776.0,星期一,0.0123,-0.0101
2008-06-13,5.1,4.89,5.14,4.88,10271.0,星期五,0.0079,-0.0412
2008-06-12,5.2,5.06,5.27,4.98,10906.0,星期四,0.0019,-0.0269
2008-06-11,5.4,5.19,5.4,5.1,9207.0,星期三,0.0019,-0.0389
2008-06-10,5.85,5.39,5.85,5.39,11942.0,星期二,-0.0234,-0.0786
2008-06-06,6.01,5.99,6.06,5.93,7298.0,星期五,0.0017,-0.0033
2008-06-05,5.98,6.0,6.08,5.92,10334.0,星期四,0.0017,0.0033
2008-06-04,6.02,5.97,6.07,5.87,12405.0,星期三,0.0,-0.0083
2008-06-03,6.12,6.02,6.16,5.98,14831.0,星期二,0.0,-0.0163
2008-06-02,6.11,6.12,6.19,6.03,13710.0,星期一,-0.0033,0.0016
2008-05-30,6.2,6.13,6.25,6.0,12347.0,星期五,0.0049,-0.0113
2008-05-29,6.34,6.17,6.38,6.16,11179.0,星期四,0.0016,-0.0268
2008-05-28,6.19,6.33,6.37,6.16,11306.0,星期三,0.0049,0.0226
2008-05-27,6.12,6.16,6.3,6.07,9641.0,星期二,-0.0145,0.0065
2008-05-26,6.35,6.21,6.45,6.2,14329.0,星期一,-0.0185,-0.022
2008-05-23,6.65,6.47,6.71,6.35,16396.0,星期五,-0.0075,-0.0271
2008-05-22,6.68,6.7,6.98,6.53,29642.0,星期四,-0.0074,0.003
2008-05-21,6.23,6.73,6.78,6.23,32998.0,星期三,-0.0174,0.0803
2008-05-20,6.8,6.34,6.87,6.32,21319.0,星期二,0.0,-0.0676
2008-05-19,6.76,6.8,6.84,6.63,15032.0,星期一,0.006,0.0059
2008-05-16,6.87,6.72,6.93,6.6,25871.0,星期五,-0.0029,-0.0218
2008-05-15,6.95,6.89,7.15,6.86,45452.0,星期四,0.0161,-0.0086
2008-05-14,6.75,6.84,6.93,6.74,30951.0,星期三,0.009,0.0133
2008-05-13,6.43,6.69,6.8,6.41,26203.0,星期二,-0.036,0.0404
2008-05-12,6.53,6.67,6.76,6.42,17429.0,星期一,0.0,0.0214
2008-05-09,6.71,6.53,6.85,6.4,22697.0,星期五,0.0,-0.0268
2008-05-08,6.59,6.71,6.72,6.4,20093.0,星期四,-0.009,0.0182
2008-05-07,6.9,6.65,7.07,6.61,17199.0,星期三,-0.2316,-0.0362
2008-05-06,9.14,8.98,9.2,8.95,37774.0,星期二,-0.0011,-0.0175
2008-05-05,8.74,9.15,9.18,8.65,32680.0,星期一,0.0139,0.0469
2008-04-30,8.36,8.62,8.65,8.28,27871.0,星期三,-0.0024,0.0311
2008-04-29,8.12,8.38,8.44,8.01,25640.0,星期二,0.0037,0.032
2008-04-28,7.9,8.09,8.2,7.86,16863.0,星期一,-0.01,0.0241
2008-04-25,8.04,7.98,8.25,7.92,26374.0,星期五,0.0037,-0.0075
2008-04-24,7.89,8.01,8.02,7.63,45048.0,星期四,0.0808,0.0152
2008-04-23,7.06,7.3,7.38,6.9,14759.0,星期三,-0.0112,0.034
2008-04-22,7.25,7.14,7.45,6.84,17245.0,星期二,-0.0461,-0.0152
2008-04-21,8.25,7.6,8.5,7.48,13794.0,星期一,0.0604,-0.0788
2008-04-17,8.13,7.78,8.14,7.6,6783.0,星期四,0.0239,-0.0431
2008-04-16,8.13,7.94,8.2,7.88,5515.0,星期三,-0.0037,-0.0234
2008-04-15,7.75,8.16,8.18,7.75,6817.0,星期二,-0.0202,0.0529
2008-04-14,8.15,7.91,8.3,7.85,9335.0,星期一,-0.0251,-0.0294
2008-04-11,8.38,8.36,8.49,8.26,7831.0,星期五,0.0207,-0.0024
2008-04-10,7.98,8.21,8.27,7.9,7121.0,星期四,-0.0087,0.0288
2008-04-09,8.4,8.05,8.63,8.03,10635.0,星期三,-0.0106,-0.0417
2008-04-08,8.42,8.49,8.62,8.33,10589.0,星期二,0.0,0.0083
2008-04-07,7.96,8.42,8.48,7.86,8382.0,星期一,-0.0038,0.0578
2008-04-03,7.75,7.99,8.1,7.62,8342.0,星期四,-0.0026,0.031
2008-04-02,8.28,7.77,8.36,7.62,14572.0,星期三,0.0197,-0.0616
2008-04-01,8.87,8.12,8.98,8.1,17381.0,星期二,-0.01,-0.0846
2008-03-31,9.07,8.96,9.22,8.9,8662.0,星期一,-0.0226,-0.0121
2008-03-28,8.95,9.28,9.32,8.71,15075.0,星期五,-0.0022,0.0369
2008-03-27,9.39,8.97,9.4,8.87,13200.0,星期四,0.0032,-0.0447
2008-03-26,9.58,9.36,9.65,9.31,10406.0,星期三,0.0095,-0.023
2008-03-25,9.07,9.49,9.5,9.07,13063.0,星期二,-0.0195,0.0463
2008-03-24,9.46,9.25,9.6,9.21,15427.0,星期一,0.0096,-0.0222
2008-03-21,9.3,9.37,9.55,9.28,19607.0,星期五,-0.0117,0.0075
2008-03-20,9.13,9.41,9.58,8.62,22926.0,星期四,0.0033,0.0307
2008-03-19,8.9,9.1,9.25,8.72,23019.0,星期三,0.0325,0.0225
2008-03-18,8.85,8.62,9.25,8.3,22994.0,星期二,-0.0253,-0.026
2008-03-17,9.77,9.08,10.0,9.0,28865.0,星期一,0.0209,-0.0706
2008-03-14,9.8,9.57,9.8,9.43,11171.0,星期五,0.0198,-0.0235
2008-03-13,9.89,9.61,10.09,9.24,18585.0,星期四,-0.0188,-0.0283
2008-03-12,10.52,10.08,10.52,10.06,15105.0,星期三,0.0224,-0.0418
2008-03-11,10.09,10.29,10.33,9.87,14426.0,星期二,0.001,0.0198
2008-03-10,10.15,10.08,10.39,9.91,21109.0,星期一,-0.0068,-0.0069
2008-03-07,10.49,10.22,10.54,10.2,28198.0,星期五,-0.0066,-0.0257
2008-03-06,11.0,10.56,11.16,10.55,56555.0,星期四,0.0092,-0.04
2008-03-05,10.76,10.9,10.91,10.55,47316.0,星期三,0.0009,0.013
2008-03-04,10.7,10.75,10.79,10.45,42623.0,星期二,0.0009,0.0047
2008-03-03,10.31,10.69,10.75,10.31,37943.0,星期一,-0.0172,0.0369
2008-02-29,10.47,10.49,10.64,10.29,33781.0,星期五,-0.0019,0.0019
2008-02-28,10.19,10.49,10.49,10.11,39675.0,星期四,0.001,0.0294
2008-02-27,9.85,10.18,10.23,9.8,25311.0,星期三,0.0041,0.0335
2008-02-26,9.9,9.81,9.98,9.48,16857.0,星期二,0.028,-0.0091
2008-02-25,10.11,9.63,10.14,9.5,18178.0,星期一,0.008,-0.0475
2008-02-22,10.2,10.03,10.2,9.75,27272.0,星期五,-0.0029,-0.0167
2008-02-21,9.81,10.23,10.35,9.74,45628.0,星期四,0.0,0.0428
2008-02-20,10.14,9.81,10.14,9.78,45904.0,星期三,0.009,-0.0325
2008-02-19,9.73,10.05,10.15,9.66,36992.0,星期二,-0.0051,0.0329
2008-02-18,9.6,9.78,9.88,9.5,25817.0,星期一,0.0127,0.0187
2008-02-15,9.5,9.48,9.6,9.31,10922.0,星期五,-0.0104,-0.0021
2008-02-14,9.53,9.6,9.63,9.37,20622.0,星期四,0.016,0.0073
2008-02-13,9.19,9.38,9.55,9.05,11213.0,星期三,-0.0161,0.0207
2008-02-05,9.35,9.34,9.55,9.2,14414.0,星期二,-0.0116,-0.0011
2008-02-04,8.99,9.46,9.51,8.99,20909.0,星期一,0.0239,0.0523
2008-02-01,9.05,8.78,9.26,8.5,17590.0,星期五,-0.0077,-0.0298
2008-01-31,9.57,9.12,9.57,9.08,17884.0,星期四,-0.0021,-0.047
2008-01-30,9.51,9.59,9.65,9.28,66255.0,星期三,0.0226,0.0084
2008-01-29,8.83,9.3,9.38,8.65,39250.0,星期二,0.008,0.0532
2008-01-28,9.4,8.76,9.49,8.56,32813.0,星期一,-0.0116,-0.0681
2008-01-25,9.58,9.51,9.78,9.39,32195.0,星期五,0.0,-0.0073
2008-01-24,9.31,9.58,9.77,9.15,41274.0,星期四,0.0043,0.029
2008-01-23,8.8,9.27,9.38,8.74,36520.0,星期三,-0.0157,0.0534
2008-01-22,9.75,8.94,9.75,8.94,32760.0,星期二,-0.0181,-0.0831
2008-01-21,10.58,9.93,10.67,9.87,30810.0,星期一,0.0009,-0.0614
2008-01-18,10.44,10.57,10.7,10.4,24825.0,星期五,-0.0057,0.0125
2008-01-17,10.96,10.5,11.2,10.15,41278.0,星期四,-0.0108,-0.042
2008-01-16,11.15,11.08,11.34,10.95,49922.0,星期三,0.0,-0.0063
2008-01-15,11.12,11.15,11.24,10.91,53292.0,星期二,0.0063,0.0027
2008-01-14,10.73,11.05,11.06,10.56,41843.0,星期一,-0.0009,0.0298
2008-01-11,10.96,10.74,10.96,10.48,40240.0,星期五,0.0027,-0.0201
2008-01-10,11.02,10.93,11.1,10.86,39055.0,星期四,0.0046,-0.0082
2008-01-09,10.52,10.97,10.98,10.5,28398.0,星期三,-0.0159,0.0428
2008-01-08,11.26,10.69,11.3,10.5,50488.0,星期二,0.0027,-0.0506
2008-01-07,10.81,11.23,11.38,10.79,52633.0,星期一,-0.011,0.0389
2008-01-04,11.15,10.93,11.58,10.9,109100.0,星期五,0.0343,-0.0197
2008-01-03,10.39,10.78,10.79,10.37,49199.0,星期四,-0.0048,0.0375
2008-01-02,10.1,10.44,10.49,10.1,44245.0,星期三,-0.003,0.0337
2007-12-28,10.33,10.13,10.43,10.05,43524.0,星期五,-0.0019,-0.0194
2007-12-27,10.4,10.35,10.52,10.3,37401.0,星期四,0.0058,-0.0048
2007-12-26,10.15,10.34,10.38,10.07,32974.0,星期三,0.0,0.0187
2007-12-25,9.92,10.15,10.28,9.92,39340.0,星期二,0.002,0.0232
2007-12-24,9.97,9.9,10.1,9.85,51524.0,星期一,0.0071,-0.007
2007-12-21,9.69,9.9,9.94,9.61,32582.0,星期五,-0.0031,0.0217
2007-12-20,9.6,9.72,9.83,9.6,28777.0,星期四,-0.0093,0.0125
2007-12-19,9.47,9.69,9.83,9.47,37458.0,星期三,0.0,0.0232
2007-12-18,9.42,9.47,9.55,9.33,16766.0,星期二,-0.0053,0.0053
2007-12-17,9.39,9.47,9.65,9.29,21970.0,星期一,0.0,0.0085
2007-12-14,9.21,9.39,9.41,9.05,19816.0,星期五,-0.0086,0.0195
2007-12-13,9.8,9.29,9.83,9.29,28514.0,星期四,0.0,-0.052
2007-12-12,9.59,9.8,9.92,9.5,39303.0,星期三,-0.0042,0.0219
2007-12-11,9.6,9.63,9.75,9.4,37527.0,星期二,0.001,0.0031
2007-12-10,9.18,9.59,9.67,9.1,30379.0,星期一,-0.0161,0.0447
2007-12-07,9.19,9.33,9.36,9.16,18120.0,星期五,0.0,0.0152
2007-12-06,9.2,9.19,9.24,9.02,14274.0,星期四,0.0099,-0.0011
2007-12-05,9.01,9.11,9.15,8.9,16590.0,星期三,0.0011,0.0111
2007-12-04,8.98,9.0,9.09,8.9,10122.0,星期二,0.0067,0.0022
2007-12-03,8.77,8.92,8.95,8.71,11259.0,星期一,-0.0068,0.0171
2007-11-30,9.08,8.83,9.08,8.8,15325.0,星期五,-0.0022,-0.0275
2007-11-29,9.05,9.1,9.12,8.62,44329.0,星期四,0.0134,0.0055
2007-11-28,9.01,8.93,9.13,8.74,18982.0,星期三,0.0101,-0.0089
2007-11-27,9.0,8.92,9.1,8.84,9549.0,星期二,-0.0066,-0.0089
2007-11-26,9.13,9.06,9.4,9.0,13705.0,星期一,0.0055,-0.0077
2007-11-23,8.73,9.08,9.12,8.6,11762.0,星期五,-0.0057,0.0401
2007-11-22,9.28,8.78,9.28,8.75,20897.0,星期四,-0.0096,-0.0539
2007-11-21,9.81,9.37,9.81,9.36,34884.0,星期三,0.0,-0.0449
2007-11-20,9.4,9.81,10.15,9.38,96637.0,星期二,0.0064,0.0436
2007-11-19,9.05,9.34,9.36,9.02,26367.0,星期一,0.0056,0.032
2007-11-16,8.88,9.0,9.11,8.86,22528.0,星期五,-0.0133,0.0135
2007-11-15,8.82,9.0,9.06,8.7,31019.0,星期四,-0.0056,0.0204
2007-11-14,8.64,8.87,8.88,8.52,22010.0,星期三,0.0177,0.0266
2007-11-13,8.38,8.49,8.66,8.27,24326.0,星期二,0.0036,0.0131
2007-11-12,8.31,8.35,8.45,8.02,19910.0,星期一,-0.0189,0.0048
2007-11-09,8.7,8.47,8.89,8.29,24902.0,星期五,-0.0147,-0.0264
2007-11-08,9.27,8.83,9.43,8.76,19248.0,星期四,0.0022,-0.0475
2007-11-07,9.5,9.25,9.6,8.99,18753.0,星期三,0.0,-0.0263
2007-11-06,9.41,9.5,9.62,9.3,17129.0,星期二,0.0,0.0096
2007-11-05,9.22,9.41,9.65,9.11,19277.0,星期一,-0.0139,0.0206
2007-11-02,9.59,9.35,9.95,9.33,31644.0,星期五,-0.0154,-0.025
2007-11-01,9.9,9.74,10.26,9.5,49571.0,星期四,-0.0265,-0.0162
2007-10-31,10.06,10.17,10.28,9.78,78597.0,星期三,0.0276,0.0109
2007-10-30,9.1,9.79,9.87,8.75,61554.0,星期二,0.0044,0.0758
2007-10-29,9.09,9.06,9.29,8.6,34580.0,星期一,0.0134,-0.0033
2007-10-26,9.18,8.97,9.49,8.7,40215.0,星期五,-0.0275,-0.0229
2007-10-25,10.29,9.44,10.32,9.44,49800.0,星期四,-0.0191,-0.0826
2007-10-24,10.75,10.49,10.99,10.17,41350.0,星期三,0.0,-0.0242
2007-10-23,10.5,10.75,10.8,10.05,54398.0,星期二,-0.0076,0.0238
2007-10-22,11.66,10.58,11.66,10.57,70349.0,星期一,-0.0068,-0.0926
2007-10-19,12.38,11.74,12.5,11.67,48189.0,星期五,0.0139,-0.0517
2007-10-18,12.4,12.21,12.58,11.91,64882.0,星期四,-0.0305,-0.0153
2007-10-17,12.57,12.79,13.31,12.32,114058.0,星期三,0.0303,0.0175
2007-10-16,12.42,12.2,12.43,11.8,68008.0,星期二,0.0,-0.0177
2007-10-15,12.89,12.42,13.26,12.26,184791.0,星期一,0.0206,-0.0365
2007-10-12,11.9,12.63,12.79,11.47,245505.0,星期五,0.0093,0.0613
2007-10-11,11.6,11.79,12.1,11.6,104025.0,星期四,0.0,0.0164
2007-10-10,12.02,11.6,12.18,11.54,75808.0,星期三,0.0,-0.0349
2007-10-09,11.31,12.02,12.28,11.31,116490.0,星期二,0.0027,0.0628
2007-10-08,11.08,11.28,11.58,11.04,71878.0,星期一,0.0119,0.0181
2007-09-28,10.8,10.95,11.29,10.73,61246.0,星期五,0.0,0.0139
2007-09-27,10.7,10.8,11.04,10.5,62373.0,星期四,-0.0093,0.0093
2007-09-26,11.4,10.8,11.56,10.77,58677.0,星期三,-0.0009,-0.0526
2007-09-25,11.93,11.41,12.17,11.3,90600.0,星期二,0.0,-0.0436
2007-09-24,11.98,11.93,12.3,11.65,140808.0,星期一,0.0067,-0.0042
2007-09-21,11.72,11.9,12.25,11.4,175390.0,星期五,0.0043,0.0154
2007-09-20,10.86,11.67,11.8,10.86,162886.0,星期四,0.0065,0.0746
2007-09-19,10.42,10.79,10.93,10.24,77570.0,星期三,0.001,0.0355
2007-09-18,10.59,10.41,10.65,10.23,42124.0,星期二,0.0124,-0.017
2007-09-17,10.11,10.46,10.55,10.0,55343.0,星期一,-0.0127,0.0346
2007-09-14,10.19,10.24,10.26,9.88,43118.0,星期五,0.0,0.0049
2007-09-13,10.13,10.19,10.25,9.91,37312.0,星期四,0.001,0.0059
2007-09-12,9.92,10.12,10.24,9.73,51676.0,星期三,-0.011,0.0202
2007-09-11,10.85,10.03,11.19,9.99,64712.0,星期二,-0.0046,-0.0756
2007-09-10,10.58,10.9,10.98,10.27,54221.0,星期一,-0.0176,0.0302
2007-09-07,11.04,10.77,11.04,10.75,54271.0,星期五,-0.009,-0.0245
2007-09-06,11.3,11.14,11.38,11.1,47058.0,星期四,0.0053,-0.0142
2007-09-05,11.3,11.24,11.32,10.8,67870.0,星期三,0.0071,-0.0053
2007-09-04,11.7,11.22,11.7,11.2,89704.0,星期二,-0.0017,-0.041
2007-09-03,11.42,11.72,11.98,11.2,280408.0,星期一,0.0467,0.0263
2007-08-31,10.27,10.91,11.27,10.12,195704.0,星期五,0.002,0.0623
2007-08-30,9.82,10.25,10.29,9.82,51588.0,星期四,0.0031,0.0438
2007-08-29,10.05,9.79,10.08,9.7,44598.0,星期三,-0.0069,-0.0259
2007-08-28,10.03,10.12,10.26,9.9,48114.0,星期二,0.002,0.009
2007-08-27,10.36,10.01,10.5,9.93,68015.0,星期一,0.0029,-0.0338
2007-08-24,10.6,10.33,10.65,10.2,78890.0,星期五,-0.0009,-0.0255
2007-08-23,10.48,10.61,10.85,10.35,168065.0,星期四,0.0195,0.0124
2007-08-22,9.83,10.28,10.3,9.82,115740.0,星期三,-0.0493,0.0458
2007-08-21,10.47,10.34,10.52,10.21,54024.0,星期二,0.0019,-0.0124
2007-08-20,10.08,10.45,10.59,10.08,66212.0,星期一,0.011,0.0367
2007-08-17,10.01,9.97,10.3,9.95,42038.0,星期五,-0.0225,-0.004
2007-08-16,10.04,10.24,10.5,9.51,67885.0,星期四,0.0224,0.0199
2007-08-15,10.09,9.82,10.24,9.5,46223.0,星期三,0.005,-0.0268
2007-08-14,9.74,10.04,10.17,9.6,44790.0,星期二,-0.0041,0.0308
2007-08-13,9.55,9.78,9.9,9.2,56978.0,星期一,-0.0104,0.0241
2007-08-10,10.04,9.65,10.1,9.41,67505.0,星期五,-0.0147,-0.0388
2007-08-09,10.07,10.19,10.28,9.96,49040.0,星期四,-0.0049,0.0119
2007-08-08,10.48,10.12,10.64,9.86,79178.0,星期三,-0.0187,-0.0344
2007-08-07,11.09,10.68,11.12,10.58,79120.0,星期二,0.0009,-0.037
2007-08-06,11.0,11.08,11.34,10.63,114263.0,星期一,0.0073,0.0073
2007-08-03,10.88,10.92,11.2,10.64,160044.0,星期五,0.0093,0.0037
2007-08-02,9.88,10.78,10.79,9.88,180489.0,星期四,0.0071,0.0911
2007-08-01,10.17,9.81,10.57,9.75,116549.0,星期三,0.001,-0.0354
2007-07-31,10.25,10.16,10.34,9.88,90672.0,星期二,-0.0039,-0.0088
2007-07-30,10.24,10.29,10.57,10.21,114718.0,星期一,0.0169,0.0049
2007-07-27,9.75,10.07,10.17,9.7,83311.0,星期五,-0.0201,0.0328
2007-07-26,9.91,9.95,10.09,9.7,110505.0,星期四,0.001,0.004
2007-07-25,9.45,9.9,10.0,9.41,189964.0,星期三,-0.0166,0.0476
2007-07-24,8.97,9.61,9.8,8.79,196252.0,星期二,0.0067,0.0713
2007-07-23,8.55,8.91,8.97,8.55,106244.0,星期一,0.0071,0.0421
2007-07-20,8.03,8.49,8.58,8.01,81946.0,星期五,0.0,0.0573
2007-07-19,8.0,8.03,8.16,7.92,21344.0,星期四,0.0,0.0037
2007-07-18,8.04,8.0,8.26,7.86,31653.0,星期三,-0.0074,-0.005
2007-07-17,7.8,8.1,8.3,7.64,38975.0,星期二,-0.0139,0.0385
2007-07-16,8.6,7.91,8.6,7.85,51194.0,星期一,0.0361,-0.0802
2007-07-13,8.22,8.3,8.49,8.09,65398.0,星期五,0.0098,0.0097
2007-07-12,8.31,8.14,8.32,7.91,78148.0,星期四,0.0,-0.0205
2007-07-11,7.49,8.31,8.31,7.31,106625.0,星期三,-0.0079,0.1095
2007-07-10,7.8,7.55,7.81,7.44,38406.0,星期二,-0.0102,-0.0321
2007-07-09,7.43,7.88,7.95,7.43,63036.0,星期一,0.0013,0.0606
2007-07-06,6.96,7.42,7.48,6.82,47806.0,星期五,0.0116,0.0661
2007-07-05,7.49,6.88,7.6,6.87,44918.0,星期四,-0.0183,-0.0814
2007-07-04,7.8,7.63,7.83,7.62,28920.0,星期三,-0.0076,-0.0218
2007-07-03,8.12,7.86,8.12,7.61,25907.0,星期二,-0.0624,-0.032
2007-07-02,8.38,8.66,8.74,8.38,37617.0,星期一,-0.0048,0.0334
2007-06-29,8.1,8.42,8.74,7.92,57400.0,星期五,-0.0253,0.0395
2007-06-28,9.28,8.31,9.38,8.31,54302.0,星期四,0.0054,-0.1045
2007-06-27,9.01,9.23,9.25,8.8,54562.0,星期三,0.0135,0.0244
2007-06-26,8.42,8.89,8.9,7.95,70069.0,星期二,-0.0311,0.0558
2007-06-25,9.66,8.69,9.8,8.69,66378.0,星期一,0.001,-0.1004
2007-06-22,10.74,9.65,10.89,9.65,75910.0,星期五,0.0019,-0.1015
2007-06-21,10.81,10.72,11.15,10.48,61642.0,星期四,-0.0155,-0.0083
2007-06-20,11.12,10.98,11.59,10.86,109533.0,星期三,0.0036,-0.0126
2007-06-19,10.94,11.08,11.2,10.65,80875.0,星期二,-0.0027,0.0128
2007-06-18,10.94,10.97,11.09,10.66,82337.0,星期一,0.037,0.0027
2007-06-15,10.65,10.55,10.95,10.36,56022.0,星期五,-0.0102,-0.0094
2007-06-14,11.03,10.76,11.23,10.7,74987.0,星期四,-0.0054,-0.0245
2007-06-13,10.78,11.09,11.17,10.5,107826.0,星期三,-0.0009,0.0288
2007-06-12,10.45,10.79,10.8,9.6,101415.0,星期二,0.0,0.0325
2007-06-11,10.8,10.45,10.85,10.38,107041.0,星期一,0.0693,-0.0324
2007-06-07,9.4,10.1,10.34,9.3,120933.0,星期四,0.0,0.0745
2007-06-06,9.26,9.4,9.64,8.85,116754.0,星期三,0.0109,0.0151
2007-06-05,8.29,9.16,9.21,8.28,123595.0,星期二,-0.0989,0.1049
2007-06-04,10.0,9.2,10.0,9.2,102232.0,星期一,-0.0215,-0.08
2007-06-01,11.38,10.22,11.58,10.22,94473.0,星期五,0.0026,-0.1019
2007-05-31,11.95,11.35,12.34,11.35,117211.0,星期四,-0.0523,-0.0502
2007-05-30,12.67,12.61,13.59,12.61,91631.0,星期三,-0.0956,-0.0047
2007-05-29,14.1,14.01,14.4,13.75,87225.0,星期二,0.0014,-0.0064
2007-05-28,13.92,14.08,14.54,13.75,108525.0,星期一,0.0029,0.0115
2007-05-25,13.77,13.88,14.25,13.5,95486.0,星期五,-0.0072,0.008
2007-05-24,13.35,13.87,14.27,13.13,140088.0,星期四,0.006,0.039
2007-05-23,13.35,13.27,13.45,13.0,90720.0,星期三,0.0007,-0.006
2007-05-22,13.0,13.34,13.6,12.81,146797.0,星期二,0.0326,0.0262
2007-05-18,12.75,12.59,12.82,12.42,80562.0,星期五,-0.0132,-0.0125
2007-05-17,12.6,12.92,13.32,12.3,118218.0,星期四,0.0,0.0254
2007-05-16,12.85,12.6,13.2,12.1,121328.0,星期三,0.0,-0.0195
2007-05-15,12.01,12.85,13.73,12.01,205488.0,星期二,-0.0483,0.0699
2007-05-14,12.62,12.62,12.62,11.8,277809.0,星期一,0.1003,0.0
2007-05-11,11.47,11.47,11.47,11.47,11833.0,星期五,0.0997,0.0
2007-05-10,10.43,10.43,10.43,10.43,3674.0,星期四,0.1002,0.0
2007-04-26,9.24,9.48,9.6,9.2,68372.0,星期四,-0.0011,0.026
2007-04-25,9.32,9.25,9.36,8.98,82599.0,星期三,-0.0075,-0.0075
2007-04-24,9.6,9.39,9.65,9.25,86329.0,星期二,0.0063,-0.0219
2007-04-23,9.13,9.54,9.59,9.13,103149.0,星期一,0.0022,0.0449
2007-04-20,8.57,9.11,9.15,8.57,64568.0,星期五,0.0094,0.063
2007-04-19,9.32,8.49,9.32,8.41,80595.0,星期四,-0.0021,-0.0891
2007-04-18,9.28,9.34,9.5,9.21,63321.0,星期三,0.0,0.0065
2007-04-17,8.78,9.28,9.5,8.72,91135.0,星期二,0.0,0.0569
2007-04-16,8.3,8.78,8.9,8.28,77506.0,星期一,0.0012,0.0578
2007-04-13,8.48,8.29,8.63,8.21,72008.0,星期五,-0.0024,-0.0224
2007-04-12,8.3,8.5,8.55,8.23,71541.0,星期四,-0.0119,0.0241
2007-04-11,8.1,8.4,8.48,7.98,83433.0,星期三,0.0012,0.037
2007-04-10,8.18,8.09,8.23,7.83,62453.0,星期二,0.0049,-0.011
2007-04-09,8.35,8.14,8.36,8.05,73882.0,星期一,0.0296,-0.0251
2007-04-06,7.71,8.11,8.2,7.68,76607.0,星期五,-0.0115,0.0519
2007-04-05,7.64,7.8,7.82,7.6,53326.0,星期四,-0.0026,0.0209
2007-04-04,7.68,7.66,7.75,7.57,44378.0,星期三,0.0039,-0.0026
2007-04-03,7.47,7.65,7.69,7.47,49839.0,星期二,0.0013,0.0241
2007-04-02,7.35,7.46,7.47,7.35,39112.0,星期一,0.0027,0.015
2007-03-30,7.22,7.33,7.44,7.21,38168.0,星期五,-0.0123,0.0152
2007-03-29,7.7,7.31,7.72,7.3,63746.0,星期四,0.0026,-0.0506
2007-03-28,7.83,7.68,7.88,7.35,93418.0,星期三,-0.0038,-0.0192
2007-03-27,7.81,7.86,7.98,7.72,80268.0,星期二,-0.0114,0.0064
2007-03-26,7.63,7.9,7.98,7.6,182221.0,星期一,0.0119,0.0354
2007-03-23,7.33,7.54,7.61,7.33,88119.0,星期五,0.0014,0.0286
2007-03-22,7.33,7.32,7.5,7.28,94577.0,星期四,-0.0068,-0.0014
2007-03-21,7.6,7.38,7.6,7.35,196519.0,星期三,0.0284,-0.0289
2007-03-20,6.74,7.39,7.39,6.66,164791.0,星期二,0.003,0.0964
2007-03-19,6.37,6.72,6.76,6.36,68068.0,星期一,-0.0319,0.0549
2007-03-16,6.71,6.58,6.81,6.45,76371.0,星期五,0.003,-0.0194
2007-03-15,6.5,6.69,6.78,6.49,63767.0,星期四,0.0078,0.0292
2007-03-14,6.56,6.45,6.63,6.32,66915.0,星期三,-0.015,-0.0168
2007-03-13,6.5,6.66,6.68,6.49,76500.0,星期二,-0.0061,0.0246
2007-03-12,6.42,6.54,6.54,6.31,65879.0,星期一,-0.0016,0.0187
2007-03-09,6.55,6.43,6.56,6.29,64056.0,星期五,0.0,-0.0183
2007-03-08,6.24,6.55,6.6,6.2,104783.0,星期四,0.0048,0.0497
2007-03-07,6.11,6.21,6.22,6.1,49111.0,星期三,0.0033,0.0164
2007-03-06,6.12,6.09,6.15,5.97,37440.0,星期二,-0.0081,-0.0049
2007-03-05,6.03,6.17,6.29,5.91,67852.0,星期一,0.0017,0.0232
2007-03-02,5.72,6.02,6.09,5.72,61719.0,星期五,-0.0087,0.0524
2007-03-01,5.89,5.77,5.99,5.68,54518.0,星期四,-0.0051,-0.0204
2007-02-28,5.62,5.92,5.96,5.62,70370.0,星期三,-0.0106,0.0534
2007-02-27,6.35,5.68,6.43,5.68,111693.0,星期二,0.0063,-0.1055
2007-02-26,6.06,6.31,6.33,5.98,71309.0,星期一,0.0017,0.0413
2007-02-16,6.07,6.05,6.16,5.96,57218.0,星期五,0.0017,-0.0033
2007-02-15,5.89,6.06,6.09,5.87,57670.0,星期四,0.0034,0.0289
2007-02-14,5.85,5.87,5.98,5.8,52882.0,星期三,-0.0017,0.0034
2007-02-13,5.84,5.86,5.86,5.73,49218.0,星期二,0.0,0.0034
2007-02-12,5.58,5.84,5.91,5.58,71897.0,星期一,-0.0053,0.0466
2007-02-09,5.72,5.61,5.8,5.58,52905.0,星期五,0.0,-0.0192
2007-02-08,5.73,5.72,5.84,5.66,78458.0,星期四,0.0053,-0.0017
2007-02-07,5.75,5.7,5.76,5.58,72707.0,星期三,0.0017,-0.0087
2007-02-06,5.49,5.74,5.74,5.39,95066.0,星期二,0.0018,0.0455
2007-02-05,5.37,5.48,5.6,5.33,53582.0,星期一,0.0,0.0205
2007-02-02,5.4,5.37,5.63,5.35,68365.0,星期五,0.0019,-0.0056
2007-02-01,5.16,5.39,5.47,5.12,51186.0,星期四,-0.0153,0.0446
2007-01-31,5.41,5.24,5.58,5.2,78899.0,星期三,-0.0018,-0.0314
2007-01-30,5.48,5.42,5.56,5.35,59295.0,星期二,0.0148,-0.0109
2007-01-29,5.16,5.4,5.48,5.16,58813.0,星期一,0.0019,0.0465
2007-01-26,5.09,5.15,5.22,4.92,54048.0,星期五,-0.0097,0.0118
2007-01-25,5.48,5.14,5.48,5.11,63682.0,星期四,-0.0054,-0.062
2007-01-24,5.58,5.51,5.63,5.46,65650.0,星期三,0.0054,-0.0125
2007-01-23,5.4,5.55,5.58,5.26,90366.0,星期二,0.0,0.0278
2007-01-22,5.33,5.4,5.44,5.2,95790.0,星期一,0.0114,0.0131
2007-01-19,5.02,5.27,5.28,5.02,105691.0,星期五,-0.0099,0.0498
2007-01-18,4.78,5.07,5.1,4.68,75802.0,星期四,-0.0104,0.0607
2007-01-17,4.97,4.83,5.07,4.72,67243.0,星期三,-0.004,-0.0282
2007-01-16,4.9,4.99,5.0,4.85,51505.0,星期二,0.0041,0.0184
2007-01-15,4.67,4.88,4.88,4.67,40615.0,星期一,-0.0085,0.045
2007-01-12,4.89,4.71,5.0,4.7,58321.0,星期五,-0.0061,-0.0368
2007-01-11,4.87,4.92,5.14,4.86,88215.0,星期四,-0.0061,0.0103
2007-01-10,4.87,4.9,4.92,4.72,52309.0,星期三,0.0,0.0062
2007-01-09,4.78,4.87,4.9,4.73,65364.0,星期二,0.0021,0.0188
2007-01-08,4.55,4.77,4.78,4.55,41651.0,星期一,-0.013,0.0484
2007-01-05,4.47,4.61,4.62,4.46,21824.0,星期五,0.0,0.0313
2007-01-04,4.52,4.47,4.54,4.44,22501.0,星期四,0.0157,-0.0111
2006-12-29,4.4,4.45,4.53,4.4,17772.0,星期五,0.0,0.0114
2006-12-28,4.54,4.4,4.58,4.36,20775.0,星期四,-0.0044,-0.0308
2006-12-27,4.54,4.56,4.64,4.52,15561.0,星期三,-0.0022,0.0044
2006-12-26,4.66,4.55,4.71,4.51,22756.0,星期二,-0.0021,-0.0236
2006-12-25,4.83,4.67,4.83,4.65,30279.0,星期一,0.0477,-0.0331
2006-12-22,4.7,4.61,4.7,4.56,32890.0,星期五,-0.0084,-0.0191
2006-12-21,4.65,4.74,4.87,4.58,78623.0,星期四,0.0043,0.0194
2006-12-20,4.46,4.63,4.65,4.43,38968.0,星期三,-0.0067,0.0381
2006-12-19,4.56,4.49,4.59,4.39,23063.0,星期二,-0.0065,-0.0154
2006-12-18,4.59,4.59,4.6,4.52,24471.0,星期一,0.0066,0.0
2006-12-15,4.46,4.56,4.62,4.43,26550.0,星期五,-0.0022,0.0224
2006-12-14,4.42,4.47,4.5,4.38,14155.0,星期四,0.0045,0.0113
2006-12-13,4.4,4.4,4.42,4.33,10479.0,星期三,0.0046,0.0
2006-12-12,4.48,4.38,4.48,4.32,17597.0,星期二,0.0067,-0.0223
2006-12-11,4.3,4.45,4.47,4.3,12505.0,星期一,-0.0069,0.0349
2006-12-08,4.5,4.33,4.5,4.3,19467.0,星期五,-0.0044,-0.0378
2006-12-07,4.57,4.52,4.63,4.51,23067.0,星期四,0.0022,-0.0109
2006-12-06,4.74,4.56,4.76,4.47,38190.0,星期三,0.0021,-0.038
2006-12-05,4.7,4.73,4.8,4.69,35148.0,星期二,-0.0063,0.0064
2006-12-04,4.69,4.73,4.77,4.62,43225.0,星期一,0.0,0.0085
2006-12-01,4.49,4.69,4.87,4.46,111228.0,星期五,0.009,0.0445
2006-11-30,4.31,4.45,4.45,4.31,30296.0,星期四,0.0,0.0325
2006-11-29,4.28,4.31,4.33,4.23,10954.0,星期三,-0.0093,0.007
2006-11-28,4.34,4.32,4.36,4.29,11594.0,星期二,0.0,-0.0046
2006-11-27,4.32,4.34,4.34,4.28,12729.0,星期一,-0.0023,0.0046
2006-11-24,4.23,4.33,4.33,4.22,20973.0,星期五,0.0024,0.0236
2006-11-23,4.19,4.22,4.23,4.15,14058.0,星期四,0.0,0.0072
2006-11-22,4.17,4.19,4.24,4.14,13913.0,星期三,0.0024,0.0048
2006-11-21,4.13,4.16,4.18,4.08,11493.0,星期二,0.0,0.0073
2006-11-20,4.16,4.13,4.18,4.08,10075.0,星期一,0.0024,-0.0072
2006-11-17,4.1,4.15,4.16,4.08,9262.0,星期五,-0.0049,0.0122
2006-11-16,4.2,4.12,4.23,4.11,9176.0,星期四,0.0,-0.019
2006-11-15,4.17,4.2,4.21,4.12,8849.0,星期三,0.0024,0.0072
2006-11-14,4.1,4.16,4.16,4.07,6727.0,星期二,-0.0024,0.0146
2006-11-13,4.25,4.11,4.25,4.06,11621.0,星期一,0.0,-0.0329
2006-11-10,4.38,4.25,4.42,4.24,13109.0,星期五,-0.009,-0.0297
2006-11-09,4.36,4.42,4.43,4.3,12775.0,星期四,0.0046,0.0138
2006-11-08,4.33,4.34,4.37,4.31,5689.0,星期三,-0.0023,0.0023
2006-11-07,4.46,4.34,4.47,4.31,18232.0,星期二,0.0022,-0.0269
2006-11-06,4.49,4.45,4.5,4.44,9770.0,星期一,0.0,-0.0089
2006-11-03,4.49,4.49,4.5,4.45,7399.0,星期五,0.0045,0.0
2006-11-02,4.42,4.47,4.5,4.41,10838.0,星期四,-0.0045,0.0113
2006-11-01,4.47,4.44,4.48,4.4,11435.0,星期三,0.0022,-0.0067
2006-10-31,4.4,4.46,4.49,4.38,8894.0,星期二,0.0,0.0136
2006-10-30,4.45,4.4,4.48,4.36,11962.0,星期一,0.0,-0.0112
2006-10-27,4.51,4.45,4.57,4.41,13083.0,星期五,-0.0022,-0.0133
2006-10-26,4.6,4.52,4.62,4.51,15020.0,星期四,-0.0043,-0.0174
2006-10-25,4.71,4.62,4.74,4.58,17999.0,星期三,0.0021,-0.0191
2006-10-24,4.6,4.7,4.71,4.59,36090.0,星期二,0.0066,0.0217
2006-10-23,4.69,4.57,4.7,4.46,25987.0,星期一,0.0,-0.0256
2006-10-20,4.71,4.69,4.73,4.63,16269.0,星期五,0.0021,-0.0042
2006-10-19,4.75,4.7,4.75,4.68,12277.0,星期四,0.0,-0.0105
2006-10-18,4.65,4.75,4.75,4.63,19184.0,星期三,-0.0043,0.0215
2006-10-17,4.64,4.67,4.69,4.6,13847.0,星期二,-0.0022,0.0065
2006-10-16,4.66,4.65,4.67,4.6,14228.0,星期一,0.0043,-0.0021
2006-10-13,4.62,4.64,4.68,4.62,9890.0,星期五,0.0,0.0043
2006-10-12,4.76,4.62,4.76,4.61,24161.0,星期四,0.0,-0.0294
2006-10-11,4.88,4.76,4.88,4.73,22706.0,星期三,0.0,-0.0246
2006-10-10,4.8,4.88,4.93,4.77,37564.0,星期二,0.0042,0.0167
2006-10-09,4.81,4.78,4.85,4.72,38310.0,星期一,0.0256,-0.0062
2006-09-29,4.7,4.69,4.74,4.65,16509.0,星期五,0.0086,-0.0021
2006-09-28,4.68,4.66,4.71,4.61,14194.0,星期四,0.0021,-0.0043
2006-09-27,4.71,4.67,4.73,4.6,20194.0,星期三,-0.0021,-0.0085
2006-09-26,4.49,4.72,4.73,4.44,34063.0,星期二,0.0,0.0512
2006-09-25,4.55,4.49,4.61,4.43,17014.0,星期一,0.0044,-0.0132
2006-09-22,4.63,4.53,4.63,4.46,23707.0,星期五,0.0043,-0.0216
2006-09-21,4.58,4.61,4.65,4.55,39583.0,星期四,0.0,0.0066
2006-09-20,4.39,4.58,4.6,4.35,55540.0,星期三,0.0,0.0433
2006-09-19,4.42,4.39,4.44,4.36,13655.0,星期二,0.0,-0.0068
2006-09-18,4.28,4.42,4.43,4.28,21595.0,星期一,-0.007,0.0327
2006-09-15,4.24,4.31,4.32,4.24,9779.0,星期五,-0.0047,0.0165
2006-09-14,4.3,4.26,4.32,4.2,11316.0,星期四,-0.0023,-0.0093
2006-09-13,4.41,4.31,4.41,4.31,9246.0,星期三,0.0023,-0.0227
2006-09-12,4.32,4.4,4.41,4.29,13346.0,星期二,0.0023,0.0185
2006-09-11,4.33,4.31,4.42,4.2,11491.0,星期一,-0.0023,-0.0046
2006-09-07,4.45,4.34,4.45,4.32,11150.0,星期四,0.0023,-0.0247
2006-09-06,4.38,4.44,4.47,4.35,10472.0,星期三,-0.0023,0.0137
2006-09-05,4.41,4.39,4.43,4.35,11725.0,星期二,0.0,-0.0045
2006-09-04,4.4,4.41,4.42,4.34,10358.0,星期一,0.0115,0.0023
2006-09-01,4.48,4.35,4.51,4.35,16095.0,星期五,0.0,-0.029
2006-08-31,4.48,4.48,4.5,4.43,11977.0,星期四,0.0022,0.0
2006-08-30,4.44,4.47,4.49,4.37,15749.0,星期三,-0.0067,0.0068
2006-08-29,4.51,4.47,4.58,4.46,21906.0,星期二,0.0,-0.0089
2006-08-28,4.45,4.51,4.53,4.4,16527.0,星期一,0.0068,0.0135
2006-08-25,4.47,4.42,4.52,4.4,14866.0,星期五,-0.0022,-0.0112
2006-08-24,4.41,4.48,4.48,4.31,30090.0,星期四,0.0046,0.0159
2006-08-23,4.33,4.39,4.41,4.29,17081.0,星期三,0.0,0.0139
2006-08-22,4.3,4.33,4.37,4.25,11204.0,星期二,-0.0069,0.007
2006-08-21,4.1,4.33,4.35,4.06,10508.0,星期一,-0.0421,0.0561
2006-08-18,4.25,4.28,4.64,4.25,25291.0,星期五,0.0024,0.0071
2006-08-17,4.27,4.24,4.27,4.18,10146.0,星期四,-0.007,-0.007
2006-08-16,4.2,4.3,4.31,4.18,14552.0,星期三,-0.0047,0.0238
2006-08-15,4.12,4.22,4.23,4.11,8809.0,星期二,0.0,0.0243
2006-08-14,4.26,4.12,4.28,4.11,10729.0,星期一,0.0,-0.0329
2006-08-11,4.24,4.26,4.3,4.2,8047.0,星期五,0.0047,0.0047
2006-08-10,4.17,4.22,4.26,4.17,10261.0,星期四,-0.0024,0.012
2006-08-09,4.2,4.18,4.24,4.12,6793.0,星期三,0.0024,-0.0048
2006-08-08,4.08,4.19,4.2,4.08,11184.0,星期二,0.0,0.027
2006-08-07,4.31,4.08,4.31,4.07,16736.0,星期一,-0.0115,-0.0534
2006-08-04,4.5,4.36,4.5,4.33,10124.0,星期五,0.0067,-0.0311
2006-08-03,4.53,4.47,4.55,4.42,6212.0,星期四,0.0089,-0.0132
2006-08-02,4.45,4.49,4.53,4.39,11657.0,星期三,-0.0022,0.009
2006-08-01,4.5,4.46,4.6,4.43,9558.0,星期二,-0.0044,-0.0089
2006-07-31,4.77,4.52,4.81,4.46,18467.0,星期一,-0.0104,-0.0524
2006-07-28,4.71,4.82,5.14,4.71,43534.0,星期五,0.0,0.0234
2006-07-27,4.79,4.71,4.87,4.66,25819.0,星期四,-0.0083,-0.0167
2006-07-26,4.75,4.83,4.85,4.72,56359.0,星期三,0.0128,0.0168
2006-07-25,4.65,4.69,4.7,4.58,25835.0,星期二,0.0087,0.0086
2006-07-24,4.39,4.61,4.62,4.33,17901.0,星期一,-0.0244,0.0501
2006-07-21,4.47,4.5,4.56,4.46,10600.0,星期五,-0.0022,0.0067
2006-07-20,4.42,4.48,4.51,4.4,13454.0,星期四,-0.0045,0.0136
2006-07-19,4.65,4.44,4.67,4.36,22025.0,星期三,-0.0043,-0.0452
2006-07-18,4.58,4.67,4.7,4.56,17419.0,星期二,-0.0065,0.0197
2006-07-17,4.51,4.61,4.64,4.48,16480.0,星期一,0.0,0.0222
2006-07-14,4.53,4.51,4.6,4.42,31659.0,星期五,-0.0174,-0.0044
2006-07-13,5.1,4.61,5.1,4.61,51903.0,星期四,-0.0039,-0.0961
2006-07-12,5.04,5.12,5.17,5.0,50011.0,星期三,0.0,0.0159
2006-07-11,5.03,5.04,5.04,4.95,24764.0,星期二,0.0,0.002
2006-07-10,5.0,5.03,5.04,4.91,23475.0,星期一,-0.002,0.006
2006-07-07,5.12,5.01,5.13,4.97,41195.0,星期五,0.0,-0.0215
2006-07-06,4.99,5.12,5.13,4.96,24332.0,星期四,-0.004,0.0261
2006-07-05,5.14,5.01,5.16,4.92,35574.0,星期三,-0.0019,-0.0253
2006-07-04,5.31,5.15,5.31,5.06,59005.0,星期二,0.0,-0.0301
2006-07-03,5.16,5.31,5.32,5.05,114895.0,星期一,0.0098,0.0291
2006-06-30,5.01,5.11,5.17,4.92,84780.0,星期五,0.004,0.02
2006-06-29,4.77,4.99,5.0,4.76,74612.0,星期四,0.0,0.0461
2006-06-28,4.78,4.77,4.85,4.7,22985.0,星期三,-0.0062,-0.0021
2006-06-27,4.92,4.81,4.93,4.75,37822.0,星期二,-0.002,-0.0224
2006-06-26,4.9,4.93,4.97,4.83,41065.0,星期一,0.0,0.0061
2006-06-23,4.76,4.9,4.93,4.76,64592.0,星期五,0.0,0.0294
2006-06-22,4.75,4.76,4.77,4.69,31463.0,星期四,0.0,0.0021
2006-06-21,4.82,4.75,4.84,4.7,58938.0,星期三,0.0063,-0.0145
2006-06-20,4.56,4.79,4.83,4.56,61028.0,星期二,-0.0172,0.0504
2006-06-19,4.62,4.64,4.72,4.5,36458.0,星期一,-0.0065,0.0043
2006-06-16,4.55,4.65,4.67,4.53,48501.0,星期五,0.0022,0.022
2006-06-15,4.46,4.54,4.57,4.44,34433.0,星期四,-0.0045,0.0179
2006-06-14,4.58,4.48,4.62,4.32,42721.0,星期三,-0.0087,-0.0218
2006-06-13,4.82,4.62,4.82,4.55,51054.0,星期二,0.0,-0.0415
2006-06-12,4.7,4.82,4.88,4.59,92731.0,星期一,0.0108,0.0255
2006-06-09,4.61,4.65,4.78,4.51,82299.0,星期五,-0.0043,0.0087
2006-06-08,4.82,4.63,4.9,4.49,113483.0,星期四,-0.0341,-0.0394
2006-06-07,5.52,4.99,5.64,4.99,111047.0,星期三,-0.0036,-0.096
2006-06-06,5.7,5.54,5.73,5.5,191079.0,星期二,-0.007,-0.0281
2006-06-05,5.84,5.74,5.93,5.54,277998.0,星期一,-0.1573,-0.0171
2006-05-11,6.9,6.93,7.21,6.77,95377.0,星期四,0.0029,0.0043
2006-05-10,6.28,6.88,6.88,6.15,68101.0,星期三,0.0048,0.0955
2006-05-09,5.68,6.25,6.25,5.58,81629.0,星期二,0.0,0.1004
2006-05-08,5.57,5.68,5.8,5.4,67997.0,星期一,-0.0107,0.0197
2006-04-27,5.63,5.63,5.63,5.3,95309.0,星期四,0.0996,0.0
2006-04-14,5.15,5.12,5.16,4.9,43016.0,星期五,-0.0019,-0.0058
2006-04-13,5.12,5.16,5.23,4.96,90726.0,星期四,0.0039,0.0078
2006-04-12,4.94,5.1,5.15,4.91,74179.0,星期三,0.0,0.0324
2006-04-11,5.0,4.94,5.09,4.89,101999.0,星期二,0.0309,-0.012
2006-04-10,4.48,4.85,4.85,4.48,101543.0,星期一,0.0159,0.0826
2006-04-07,4.01,4.41,4.41,4.01,91983.0,星期五,0.0,0.0998
2006-04-06,3.97,4.01,4.08,3.93,21847.0,星期四,0.0,0.0101
2006-04-05,4.0,3.97,4.0,3.91,14905.0,星期三,0.0025,-0.0075
2006-04-04,3.95,3.99,4.03,3.93,14044.0,星期二,0.0,0.0101
2006-04-03,3.92,3.95,3.95,3.9,11449.0,星期一,0.0,0.0077
2006-03-31,3.76,3.92,3.93,3.75,13347.0,星期五,-0.0053,0.0426
2006-03-30,3.86,3.78,3.88,3.78,6142.0,星期四,0.0,-0.0207
2006-03-29,3.87,3.86,3.89,3.84,9490.0,星期三,0.0078,-0.0026
2006-03-28,3.82,3.84,3.87,3.82,5833.0,星期二,0.0053,0.0052
2006-03-27,3.75,3.8,3.81,3.74,4839.0,星期一,-0.0079,0.0133
2006-03-24,3.81,3.78,3.84,3.76,6852.0,星期五,-0.0052,-0.0079
2006-03-23,3.81,3.83,3.84,3.79,7327.0,星期四,0.0,0.0052
2006-03-22,3.76,3.81,3.82,3.76,4325.0,星期三,-0.0079,0.0133
2006-03-21,3.79,3.79,3.83,3.77,4924.0,星期二,0.0,0.0
2006-03-20,3.73,3.79,3.79,3.73,5943.0,星期一,0.0027,0.0161
2006-03-17,3.73,3.72,3.74,3.69,5451.0,星期五,0.0,-0.0027
2006-03-16,3.72,3.73,3.75,3.71,4122.0,星期四,-0.0053,0.0027
2006-03-15,3.72,3.74,3.75,3.7,4502.0,星期三,-0.0027,0.0054
2006-03-14,3.66,3.73,3.73,3.66,3676.0,星期二,-0.0081,0.0191
2006-03-13,3.66,3.69,3.7,3.65,2084.0,星期一,-0.0027,0.0082
2006-03-10,3.69,3.67,3.74,3.65,5617.0,星期五,0.0,-0.0054
2006-03-09,3.69,3.69,3.74,3.66,3776.0,星期四,0.0,0.0
2006-03-08,3.73,3.69,3.74,3.67,6647.0,星期三,-0.0027,-0.0107
2006-03-07,3.87,3.74,3.88,3.71,12848.0,星期二,0.0,-0.0336
2006-03-06,3.8,3.87,3.96,3.8,17192.0,星期一,0.0026,0.0184
2006-03-03,3.8,3.79,3.82,3.72,9582.0,星期五,0.0026,-0.0026
2006-03-02,3.89,3.79,3.9,3.77,8052.0,星期四,-0.0026,-0.0257
2006-03-01,3.82,3.9,3.91,3.81,8397.0,星期三,-0.0052,0.0209
2006-02-28,3.85,3.84,3.86,3.78,9326.0,星期二,-0.0077,-0.0026
2006-02-27,3.92,3.88,3.92,3.85,11501.0,星期一,0.0,-0.0102
2006-02-24,3.86,3.92,3.95,3.85,11896.0,星期五,0.0,0.0155
2006-02-23,3.84,3.86,3.87,3.79,8709.0,星期四,0.0,0.0052
2006-02-22,3.88,3.84,3.92,3.83,14532.0,星期三,0.0052,-0.0103
2006-02-21,3.76,3.86,3.87,3.75,13698.0,星期二,-0.0105,0.0266
2006-02-20,3.99,3.8,4.0,3.75,43878.0,星期一,-0.0172,-0.0476
2006-02-17,4.1,4.06,4.2,4.06,46160.0,星期五,0.0024,-0.0098
2006-02-16,4.11,4.09,4.22,4.05,49889.0,星期四,0.0024,-0.0049
2006-02-15,4.09,4.1,4.15,4.04,22105.0,星期三,0.0,0.0024
2006-02-14,4.12,4.09,4.14,4.0,27061.0,星期二,0.0,-0.0073
2006-02-13,3.99,4.12,4.19,3.99,90013.0,星期一,0.0153,0.0326
2006-02-10,3.72,3.93,3.96,3.72,35114.0,星期五,-0.0106,0.0565
2006-02-09,3.85,3.76,3.86,3.74,9893.0,星期四,0.0,-0.0234
2006-02-08,3.85,3.85,3.88,3.79,7582.0,星期三,-0.0026,0.0
2006-02-07,3.8,3.86,3.89,3.74,18045.0,星期二,0.0,0.0158
2006-02-06,3.7,3.8,3.82,3.7,11502.0,星期一,-0.0027,0.027
2006-01-25,3.74,3.71,3.76,3.66,7952.0,星期三,-0.0027,-0.008
2006-01-24,3.79,3.75,3.79,3.73,7646.0,星期二,0.0053,-0.0106
2006-01-23,3.67,3.77,3.77,3.63,16753.0,星期一,-0.0027,0.0272
2006-01-20,3.67,3.68,3.69,3.63,9560.0,星期五,0.0,0.0027
2006-01-19,3.62,3.67,3.69,3.6,11519.0,星期四,0.0,0.0138
2006-01-18,3.55,3.62,3.63,3.55,8712.0,星期三,0.0028,0.0197
2006-01-17,3.56,3.54,3.57,3.53,5392.0,星期二,0.0,-0.0056
2006-01-16,3.65,3.56,3.65,3.55,8985.0,星期一,0.0,-0.0247
2006-01-13,3.68,3.65,3.7,3.63,10022.0,星期五,0.0,-0.0082
2006-01-12,3.54,3.68,3.68,3.53,12558.0,星期四,-0.0084,0.0395
2006-01-11,3.61,3.57,3.63,3.55,8977.0,星期三,-0.0055,-0.0111
2006-01-10,3.57,3.63,3.63,3.54,12389.0,星期二,-0.0056,0.0168
2006-01-09,3.55,3.59,3.62,3.55,10202.0,星期一,-0.0056,0.0113
2006-01-06,3.54,3.57,3.61,3.54,13257.0,星期五,0.0,0.0085
2006-01-05,3.5,3.54,3.55,3.49,11110.0,星期四,-0.0028,0.0114
2006-01-04,3.45,3.51,3.52,3.42,16066.0,星期三,0.0058,0.0174
2005-12-30,3.41,3.43,3.44,3.39,7196.0,星期五,0.0,0.0059
2005-12-29,3.37,3.41,3.42,3.37,6592.0,星期四,-0.003,0.0119
2005-12-28,3.4,3.38,3.4,3.36,4670.0,星期三,0.0,-0.0059
2005-12-27,3.38,3.4,3.41,3.36,4943.0,星期二,-0.0029,0.0059
2005-12-26,3.36,3.39,3.4,3.35,5735.0,星期一,0.0,0.0089
2005-12-23,3.35,3.36,3.38,3.33,4553.0,星期五,0.003,0.003
2005-12-22,3.32,3.34,3.34,3.28,2271.0,星期四,0.003,0.006
2005-12-21,3.32,3.31,3.36,3.3,3386.0,星期三,-0.003,-0.003
2005-12-20,3.35,3.33,3.36,3.32,1981.0,星期二,0.0,-0.006
2005-12-19,3.33,3.35,3.37,3.31,3612.0,星期一,-0.003,0.006
2005-12-16,3.34,3.34,3.35,3.32,2396.0,星期五,0.006,0.0
2005-12-15,3.33,3.32,3.37,3.31,3983.0,星期四,-0.003,-0.003
2005-12-14,3.31,3.34,3.35,3.28,3291.0,星期三,0.0,0.0091
2005-12-13,3.29,3.31,3.31,3.26,2152.0,星期二,-0.003,0.0061
2005-12-12,3.29,3.3,3.32,3.26,2431.0,星期一,0.0,0.003
2005-12-09,3.23,3.29,3.29,3.23,2483.0,星期五,0.0031,0.0186
2005-12-08,3.25,3.22,3.28,3.2,3095.0,星期四,-0.0061,-0.0092
2005-12-07,3.23,3.27,3.27,3.23,2007.0,星期三,0.0,0.0124
2005-12-06,3.22,3.23,3.27,3.2,2361.0,星期二,-0.0031,0.0031
2005-12-05,3.32,3.23,3.35,3.22,3743.0,星期一,-0.006,-0.0271
2005-12-02,3.4,3.34,3.4,3.33,3297.0,星期五,0.0,-0.0176
2005-12-01,3.38,3.4,3.43,3.35,2259.0,星期四,-0.0088,0.0059
2005-11-30,3.4,3.41,3.43,3.36,2949.0,星期三,0.0,0.0029
2005-11-29,3.46,3.4,3.46,3.39,3241.0,星期二,0.0,-0.0173
2005-11-28,3.45,3.46,3.47,3.43,2819.0,星期一,-0.0029,0.0029
2005-11-25,3.41,3.46,3.49,3.39,5451.0,星期五,0.0,0.0147
2005-11-24,3.41,3.41,3.47,3.39,5227.0,星期四,-0.0087,0.0
2005-11-23,3.41,3.44,3.45,3.39,3172.0,星期三,-0.0029,0.0088
2005-11-22,3.51,3.42,3.51,3.42,3269.0,星期二,0.0,-0.0256
2005-11-21,3.48,3.51,3.52,3.46,4195.0,星期一,-0.0057,0.0086
2005-11-18,3.41,3.5,3.51,3.41,7901.0,星期五,-0.0087,0.0264
2005-11-17,3.45,3.44,3.47,3.39,3753.0,星期四,0.0029,-0.0029
2005-11-16,3.36,3.44,3.44,3.36,3998.0,星期三,0.0,0.0238
2005-11-15,3.4,3.36,3.46,3.35,3985.0,星期二,0.0,-0.0118
2005-11-14,3.33,3.4,3.41,3.32,3260.0,星期一,-0.0177,0.021
2005-11-11,3.35,3.39,3.44,3.31,3143.0,星期五,-0.0089,0.0119
2005-11-10,3.49,3.38,3.49,3.37,5747.0,星期四,0.0029,-0.0315
2005-11-09,3.53,3.48,3.56,3.47,5945.0,星期三,0.0028,-0.0142
2005-11-08,3.56,3.52,3.59,3.5,6060.0,星期二,0.0028,-0.0112
2005-11-07,3.5,3.55,3.55,3.47,4898.0,星期一,-0.0057,0.0143
2005-11-04,3.42,3.52,3.52,3.41,6243.0,星期五,-0.0116,0.0292
2005-11-03,3.56,3.46,3.56,3.44,14264.0,星期四,0.0,-0.0281
2005-11-02,3.45,3.56,3.56,3.39,18119.0,星期三,0.0207,0.0319
2005-11-01,3.41,3.38,3.45,3.31,5731.0,星期二,-0.0087,-0.0088
2005-10-31,3.33,3.44,3.49,3.31,7140.0,星期一,-0.003,0.033
2005-10-28,3.47,3.34,3.5,3.29,4951.0,星期五,0.0087,-0.0375
2005-10-27,3.45,3.44,3.5,3.41,6164.0,星期四,-0.0029,-0.0029
2005-10-26,3.6,3.46,3.66,3.45,10105.0,星期三,-0.0055,-0.0389
2005-10-25,3.71,3.62,3.76,3.62,8552.0,星期二,-0.0185,-0.0243
2005-10-24,3.79,3.78,3.79,3.72,4552.0,星期一,0.0053,-0.0026
2005-10-21,3.77,3.77,3.82,3.74,9488.0,星期五,0.0,0.0
2005-10-20,3.7,3.77,3.77,3.67,7981.0,星期四,-0.0133,0.0189
2005-10-19,3.84,3.75,3.86,3.74,13082.0,星期三,0.0,-0.0234
2005-10-18,3.78,3.84,3.85,3.72,21336.0,星期二,-0.0026,0.0159
2005-10-17,3.6,3.79,3.8,3.57,17867.0,星期一,-0.0055,0.0528
2005-10-14,3.66,3.62,3.7,3.6,4748.0,星期五,-0.0027,-0.0109
2005-10-13,3.72,3.67,3.74,3.65,4725.0,星期四,0.0,-0.0134
2005-10-12,3.65,3.72,3.77,3.64,7118.0,星期三,-0.0027,0.0192
2005-10-11,3.6,3.66,3.67,3.57,3602.0,星期二,0.0,0.0167
2005-10-10,3.6,3.6,3.61,3.52,3162.0,星期一,-0.0028,0.0
2005-09-30,3.64,3.61,3.64,3.59,4126.0,星期五,0.0,-0.0082
2005-09-29,3.57,3.64,3.65,3.55,5503.0,星期四,0.0085,0.0196
2005-09-28,3.55,3.54,3.62,3.52,5899.0,星期三,0.0,-0.0028
2005-09-27,3.71,3.55,3.72,3.55,9280.0,星期二,0.0,-0.0431
2005-09-26,3.66,3.71,3.71,3.63,6080.0,星期一,0.0027,0.0137
2005-09-23,3.65,3.65,3.82,3.64,15505.0,星期五,0.0027,0.0
2005-09-22,3.77,3.64,3.78,3.6,16026.0,星期四,-0.0026,-0.0345
2005-09-21,3.88,3.78,3.88,3.77,13231.0,星期三,0.0,-0.0258
2005-09-20,3.99,3.88,3.99,3.8,14882.0,星期二,0.0101,-0.0276
2005-09-19,3.87,3.95,3.98,3.86,14860.0,星期一,0.0,0.0207
2005-09-16,3.84,3.87,3.92,3.84,14150.0,星期五,-0.0026,0.0078
2005-09-15,3.88,3.85,3.88,3.82,10139.0,星期四,0.0026,-0.0077
2005-09-14,3.83,3.87,3.87,3.78,20974.0,星期三,0.0,0.0104
2005-09-13,3.7,3.83,3.83,3.7,25131.0,星期二,0.0109,0.0351
2005-09-09,3.74,3.66,3.75,3.65,11387.0,星期五,0.0,-0.0214
2005-09-08,3.72,3.74,3.75,3.65,13916.0,星期四,0.0054,0.0054
2005-09-07,3.59,3.7,3.71,3.58,14067.0,星期三,-0.0055,0.0306
2005-09-06,3.7,3.61,3.75,3.56,15052.0,星期二,-0.0107,-0.0243
2005-09-05,3.7,3.74,3.75,3.67,19275.0,星期一,0.0082,0.0108
2005-09-02,3.66,3.67,3.68,3.62,13212.0,星期五,0.0,0.0027
2005-09-01,3.55,3.66,3.66,3.53,19558.0,星期四,0.0,0.031
2005-08-31,3.46,3.55,3.56,3.43,8837.0,星期三,-0.0029,0.026
2005-08-30,3.52,3.47,3.52,3.43,5417.0,星期二,0.0057,-0.0142
2005-08-29,3.58,3.5,3.61,3.47,7487.0,星期一,0.0056,-0.0223
2005-08-26,3.52,3.56,3.57,3.48,10165.0,星期五,0.0028,0.0114
2005-08-25,3.47,3.51,3.51,3.46,6599.0,星期四,-0.0029,0.0115
2005-08-24,3.47,3.48,3.51,3.43,7830.0,星期三,0.0,0.0029
2005-08-23,3.57,3.47,3.57,3.44,10330.0,星期二,-0.0111,-0.028
2005-08-22,3.58,3.61,3.65,3.5,13624.0,星期一,-0.0083,0.0084
2005-08-19,3.48,3.61,3.63,3.35,21384.0,星期五,0.0,0.0374
2005-08-18,3.6,3.48,3.7,3.45,25662.0,星期四,-0.011,-0.0333
2005-08-17,3.55,3.64,3.68,3.44,20892.0,星期三,0.0143,0.0254
2005-08-16,3.5,3.5,3.58,3.46,16973.0,星期二,0.0029,0.0
2005-08-15,3.37,3.49,3.49,3.35,9703.0,星期一,-0.003,0.0356
2005-08-12,3.53,3.38,3.53,3.38,15173.0,星期五,0.0057,-0.0425
2005-08-11,3.45,3.51,3.52,3.42,16216.0,星期四,-0.0058,0.0174
2005-08-10,3.45,3.47,3.48,3.38,18304.0,星期三,0.0147,0.0058
2005-08-09,3.31,3.4,3.4,3.3,13115.0,星期二,-0.006,0.0272
2005-08-08,3.31,3.33,3.36,3.28,15907.0,星期一,0.0061,0.006
2005-08-05,3.23,3.29,3.3,3.21,10442.0,星期五,0.0062,0.0186
2005-08-04,3.24,3.21,3.24,3.19,7925.0,星期四,-0.0061,-0.0093
2005-08-03,3.22,3.26,3.31,3.18,18823.0,星期三,0.0063,0.0124
2005-08-02,3.13,3.2,3.21,3.1,7569.0,星期二,0.0,0.0224
2005-08-01,3.18,3.13,3.2,3.09,6097.0,星期一,0.0095,-0.0157
2005-07-29,3.12,3.15,3.19,3.1,7372.0,星期五,-0.0095,0.0096
2005-07-28,3.15,3.15,3.17,3.12,8086.0,星期四,-0.0032,0.0
2005-07-27,3.09,3.16,3.16,3.08,8408.0,星期三,-0.0064,0.0227
2005-07-26,3.04,3.11,3.13,3.03,7976.0,星期二,-0.0065,0.023
2005-07-25,3.08,3.06,3.09,3.0,4958.0,星期一,0.0,-0.0065
2005-07-22,3.0,3.08,3.15,2.99,9296.0,星期五,0.0,0.0267
2005-07-21,3.02,3.0,3.04,2.97,4161.0,星期四,0.0,-0.0066
2005-07-20,2.95,3.02,3.03,2.92,6505.0,星期三,-0.0067,0.0237
2005-07-19,2.9,2.97,3.0,2.86,3918.0,星期二,-0.0136,0.0241
2005-07-18,3.1,2.94,3.1,2.91,8510.0,星期一,-0.0032,-0.0516
2005-07-15,3.06,3.11,3.18,3.06,9595.0,星期五,0.0,0.0163
2005-07-14,3.36,3.06,3.36,3.05,23386.0,星期四,0.0,-0.0893
2005-07-13,3.46,3.36,3.52,3.35,6935.0,星期三,-0.017,-0.0289
2005-07-12,3.39,3.52,3.55,3.39,7037.0,星期二,0.0,0.0383
2005-07-11,3.43,3.39,3.51,3.38,10310.0,星期一,0.0118,-0.0117
2005-07-08,3.44,3.39,3.46,3.35,5986.0,星期五,-0.0029,-0.0145
2005-07-07,3.45,3.45,3.49,3.38,3829.0,星期四,0.0029,0.0
2005-07-06,3.4,3.44,3.49,3.38,3563.0,星期三,-0.0087,0.0118
2005-07-05,3.42,3.43,3.44,3.35,4609.0,星期二,0.0029,0.0029
2005-07-04,3.49,3.41,3.51,3.3,9722.0,星期一,-0.0113,-0.0229
2005-07-01,3.7,3.53,3.78,3.47,8214.0,星期五,-0.0054,-0.0459
2005-06-30,3.89,3.72,3.89,3.71,7739.0,星期四,-0.0051,-0.0437
2005-06-29,3.95,3.91,3.95,3.9,3731.0,星期三,0.0077,-0.0101
2005-06-28,4.01,3.92,4.02,3.91,6235.0,星期二,-0.0099,-0.0224
2005-06-27,3.99,4.05,4.12,3.98,13555.0,星期一,0.0127,0.015
2005-06-24,3.87,3.94,3.95,3.87,4141.0,星期五,-0.0077,0.0181
2005-06-23,3.94,3.9,3.98,3.9,4636.0,星期四,-0.0025,-0.0102
2005-06-22,3.95,3.95,3.99,3.88,5455.0,星期三,0.0,0.0
2005-06-21,4.0,3.95,4.03,3.94,6985.0,星期二,0.0,-0.0125
2005-06-20,3.8,4.0,4.01,3.8,9205.0,星期一,-0.0231,0.0526
2005-06-17,3.96,3.89,3.98,3.86,9474.0,星期五,0.0051,-0.0177
2005-06-16,3.81,3.94,3.96,3.81,7318.0,星期四,-0.0104,0.0341
2005-06-15,3.98,3.85,4.0,3.84,11500.0,星期三,-0.01,-0.0327
2005-06-14,4.17,4.02,4.21,4.0,11303.0,星期二,0.0,-0.036
2005-06-13,4.05,4.17,4.35,4.04,15720.0,星期一,-0.0049,0.0296
2005-06-10,4.2,4.07,4.25,4.03,22101.0,星期五,-0.0071,-0.031
2005-06-09,4.25,4.23,4.37,4.12,40392.0,星期四,-0.0116,-0.0047
2005-06-08,3.97,4.3,4.42,3.85,75859.0,星期三,-0.0198,0.0831
2005-06-07,3.97,4.05,4.16,3.97,58084.0,星期二,0.0025,0.0202
2005-06-06,4.08,3.96,4.08,3.87,34875.0,星期一,0.0,-0.0294
2005-06-03,3.71,4.08,4.08,3.65,54871.0,星期五,0.0,0.0997
2005-06-02,3.63,3.71,3.71,3.62,4142.0,星期四,-0.0055,0.022
2005-06-01,3.72,3.65,3.75,3.61,4487.0,星期三,0.0,-0.0188
2005-05-31,3.68,3.72,3.8,3.67,13312.0,星期二,0.0,0.0109
2005-05-30,3.58,3.68,3.69,3.55,5643.0,星期一,-0.0056,0.0279
2005-05-27,3.6,3.6,3.67,3.57,1735.0,星期五,0.0028,0.0
2005-05-26,3.61,3.59,3.62,3.56,2229.0,星期四,-0.0028,-0.0055
2005-05-25,3.6,3.62,3.65,3.58,3116.0,星期三,0.0,0.0056
2005-05-24,3.52,3.6,3.64,3.5,3117.0,星期二,-0.0028,0.0227
2005-05-23,3.75,3.53,3.75,3.52,4799.0,星期一,0.0054,-0.0587
2005-05-20,3.73,3.73,3.9,3.72,16057.0,星期五,0.0081,0.0
2005-05-19,3.66,3.7,3.72,3.61,4043.0,星期四,0.0,0.0109
2005-05-18,3.64,3.66,3.69,3.61,2403.0,星期三,-0.0055,0.0055
2005-05-17,3.55,3.66,3.69,3.55,4918.0,星期二,0.0,0.031
2005-05-16,3.56,3.55,3.61,3.5,1340.0,星期一,-0.0166,-0.0028
2005-05-13,3.52,3.62,3.65,3.52,2062.0,星期五,-0.0085,0.0284
2005-05-12,3.61,3.55,3.66,3.51,3747.0,星期四,-0.011,-0.0166
2005-05-11,3.67,3.65,3.74,3.6,6476.0,星期三,-0.0054,-0.0054
2005-05-10,3.58,3.69,3.7,3.53,8882.0,星期二,0.0056,0.0307
2005-05-09,3.55,3.56,3.58,3.49,3838.0,星期一,-0.0193,0.0028
2005-04-28,3.5,3.62,3.66,3.45,4079.0,星期四,-0.0028,0.0343
2005-04-27,3.58,3.51,3.59,3.5,1787.0,星期三,0.0056,-0.0196
2005-04-26,3.43,3.56,3.59,3.43,2416.0,星期二,-0.0172,0.0379
2005-04-25,3.47,3.49,3.5,3.43,2579.0,星期一,-0.0086,0.0058
2005-04-22,3.64,3.5,3.7,3.49,4950.0,星期五,0.0,-0.0385
2005-04-21,3.78,3.64,3.8,3.61,3154.0,星期四,0.0027,-0.037
2005-04-20,3.91,3.77,3.91,3.73,3988.0,星期三,0.0026,-0.0358
2005-04-19,3.85,3.9,3.91,3.84,1639.0,星期二,-0.0077,0.013
2005-04-18,3.9,3.88,3.92,3.82,4118.0,星期一,-0.0076,-0.0051
2005-04-15,4.02,3.93,4.02,3.92,4933.0,星期五,-0.0099,-0.0224
2005-04-14,4.13,4.06,4.16,4.02,3740.0,星期四,0.0049,-0.0169
2005-04-13,4.01,4.11,4.13,4.01,4526.0,星期三,0.0,0.0249
2005-04-12,4.11,4.01,4.13,4.01,2850.0,星期二,0.0024,-0.0243
2005-04-11,4.18,4.1,4.18,4.09,3824.0,星期一,0.0,-0.0191
2005-04-08,4.11,4.18,4.18,4.08,3974.0,星期五,-0.0024,0.017
2005-04-07,4.09,4.12,4.16,4.06,6661.0,星期四,0.0074,0.0073
2005-04-06,4.02,4.06,4.09,3.95,3761.0,星期三,0.005,0.01
2005-04-05,4.06,4.0,4.1,3.97,3354.0,星期二,-0.0098,-0.0148
2005-04-04,4.05,4.1,4.18,4.0,7270.0,星期一,-0.0122,0.0123
2005-04-01,3.93,4.1,4.18,3.9,5647.0,星期五,0.0,0.0433
2005-03-31,3.86,3.93,3.95,3.85,3133.0,星期四,-0.0077,0.0181
2005-03-30,4.0,3.89,4.0,3.83,4733.0,星期三,-0.0074,-0.0275
2005-03-29,4.1,4.03,4.11,4.0,2734.0,星期二,0.0049,-0.0171
2005-03-28,4.04,4.08,4.14,3.95,5416.0,星期一,-0.0494,0.0099
2005-03-25,4.24,4.25,4.27,4.2,2140.0,星期五,0.0047,0.0024
2005-03-24,4.15,4.22,4.26,4.15,2891.0,星期四,-0.0143,0.0169
2005-03-23,4.2,4.21,4.27,4.17,3017.0,星期三,0.0,0.0024
2005-03-22,4.35,4.2,4.39,4.18,4004.0,星期二,-0.0091,-0.0345
2005-03-21,4.47,4.39,4.47,4.3,4651.0,星期一,0.0,-0.0179
2005-03-18,4.55,4.47,4.64,4.47,11487.0,星期五,0.0066,-0.0176
2005-03-17,4.46,4.52,4.55,4.45,3473.0,星期四,-0.0022,0.0135
2005-03-16,4.45,4.47,4.49,4.42,1869.0,星期三,0.0023,0.0045
2005-03-15,4.51,4.44,4.56,4.44,3647.0,星期二,-0.0066,-0.0155
2005-03-14,4.59,4.54,4.59,4.45,3495.0,星期一,0.0044,-0.0109
2005-03-11,4.57,4.57,4.61,4.52,3236.0,星期五,0.0022,0.0
2005-03-10,4.8,4.56,4.8,4.5,4220.0,星期四,0.0042,-0.05
2005-03-09,4.78,4.78,4.82,4.76,4570.0,星期三,0.0042,0.0
2005-03-08,4.71,4.76,4.77,4.69,4494.0,星期二,0.0021,0.0106
2005-03-07,4.72,4.7,4.75,4.67,1388.0,星期一,0.0043,-0.0042
2005-03-04,4.75,4.7,4.79,4.68,2539.0,星期五,-0.0084,-0.0105
2005-03-03,4.73,4.79,4.79,4.66,3517.0,星期四,0.0,0.0127
2005-03-02,4.71,4.73,4.8,4.7,10248.0,星期三,0.0043,0.0042
2005-03-01,4.64,4.69,4.69,4.63,2794.0,星期二,-0.0022,0.0108
2005-02-28,4.7,4.65,4.72,4.63,4036.0,星期一,0.0021,-0.0106
2005-02-25,4.7,4.69,4.78,4.68,5876.0,星期五,-0.0021,-0.0021
2005-02-24,4.65,4.71,4.75,4.65,3851.0,星期四,-0.0085,0.0129
2005-02-23,4.7,4.69,4.72,4.64,5590.0,星期三,0.0,-0.0021
2005-02-22,4.62,4.7,4.71,4.61,6323.0,星期二,-0.0043,0.0173
2005-02-21,4.58,4.64,4.65,4.51,3953.0,星期一,0.0133,0.0131
2005-02-18,4.52,4.52,4.58,4.5,1145.0,星期五,-0.0044,0.0
2005-02-17,4.52,4.54,4.56,4.5,871.0,星期四,-0.0088,0.0044
2005-02-16,4.54,4.56,4.6,4.54,2357.0,星期三,0.0,0.0044
2005-02-04,4.45,4.54,4.55,4.45,3238.0,星期五,-0.0067,0.0202
2005-02-03,4.56,4.48,4.67,4.47,5536.0,星期四,-0.0087,-0.0175
2005-02-02,4.42,4.6,4.63,4.38,6933.0,星期三,0.0023,0.0407
2005-02-01,4.36,4.41,4.53,4.36,4222.0,星期二,0.0,0.0115
2005-01-31,4.39,4.36,4.4,4.26,3510.0,星期一,0.0,-0.0068
2005-01-28,4.43,4.39,4.46,4.35,1250.0,星期五,0.0023,-0.009
2005-01-27,4.48,4.42,4.49,4.42,2197.0,星期四,0.0,-0.0134
2005-01-26,4.48,4.48,4.54,4.46,1675.0,星期三,-0.0067,0.0
2005-01-25,4.49,4.51,4.53,4.47,1593.0,星期二,-0.0218,0.0045
2005-01-24,4.55,4.59,4.64,4.55,3711.0,星期一,0.0134,0.0088
2005-01-21,4.4,4.49,4.49,4.3,3116.0,星期五,0.0046,0.0205
2005-01-20,4.4,4.38,4.44,4.37,1669.0,星期四,-0.0135,-0.0045
2005-01-19,4.47,4.46,4.5,4.44,1122.0,星期三,0.0,-0.0022
2005-01-18,4.45,4.47,4.48,4.4,1121.0,星期二,0.0114,0.0045
2005-01-17,4.55,4.4,4.55,4.37,3187.0,星期一,-0.0066,-0.033
2005-01-14,4.64,4.58,4.69,4.56,1016.0,星期五,0.0,-0.0129
2005-01-13,4.58,4.64,4.65,4.58,1254.0,星期四,-0.0151,0.0131
2005-01-12,4.65,4.65,4.65,4.55,1353.0,星期三,0.0,0.0
2005-01-11,4.64,4.65,4.68,4.63,1191.0,星期二,-0.0043,0.0022
2005-01-10,4.58,4.66,4.66,4.56,1048.0,星期一,-0.0043,0.0175
2005-01-07,4.63,4.6,4.68,4.57,1039.0,星期五,0.0087,-0.0065
2005-01-06,4.64,4.59,4.64,4.56,1357.0,星期四,0.0,-0.0108
2005-01-05,4.6,4.64,4.69,4.58,1558.0,星期三,0.0066,0.0087
2005-01-04,4.64,4.57,4.64,4.55,1363.0,星期二,0.0022,-0.0151
2004-12-31,4.85,4.63,4.85,4.58,2087.0,星期五,0.043,-0.0454
2004-12-30,4.74,4.65,4.74,4.6,2014.0,星期四,0.015,-0.019
2004-12-29,4.77,4.67,4.77,4.66,2432.0,星期三,0.0192,-0.021
2004-12-28,4.68,4.68,4.69,4.64,1293.0,星期二,0.0,0.0
2004-12-27,4.72,4.68,4.79,4.68,986.0,星期一,0.0,-0.0085
2004-12-24,4.7,4.72,4.75,4.68,800.0,星期五,-0.0021,0.0043
2004-12-23,4.8,4.71,4.8,4.7,1221.0,星期四,0.0,-0.0187
2004-12-22,4.68,4.8,4.81,4.68,2659.0,星期三,0.0,0.0256
2004-12-21,4.68,4.68,4.75,4.62,1416.0,星期二,0.0,0.0
2004-12-20,4.7,4.68,4.71,4.63,1920.0,星期一,-0.0021,-0.0043
2004-12-17,4.7,4.71,4.76,4.66,1580.0,星期五,-0.0021,0.0021
2004-12-16,4.8,4.71,4.8,4.7,3091.0,星期四,0.0,-0.0187
2004-12-15,4.9,4.8,4.95,4.69,5967.0,星期三,0.0,-0.0204
2004-12-14,5.0,4.9,5.01,4.88,4881.0,星期二,-0.002,-0.02
2004-12-13,4.94,5.01,5.07,4.9,16092.0,星期一,0.0123,0.0142
2004-12-10,5.0,4.88,5.0,4.87,3162.0,星期五,0.002,-0.024
2004-12-09,4.9,4.99,5.04,4.88,3435.0,星期四,-0.0041,0.0184
2004-12-08,5.0,4.92,5.0,4.9,1096.0,星期三,0.0204,-0.016
2004-12-07,5.02,4.9,5.05,4.9,2495.0,星期二,0.002,-0.0239
2004-12-06,5.05,5.01,5.06,4.98,2691.0,星期一,0.012,-0.0079
2004-12-03,4.95,4.99,5.04,4.95,3675.0,星期五,-0.004,0.0081
2004-12-02,4.9,4.97,5.05,4.9,2035.0,星期四,0.0041,0.0143
2004-12-01,4.91,4.88,4.92,4.85,1466.0,星期三,0.002,-0.0061
2004-11-30,4.88,4.9,4.93,4.88,1426.0,星期二,0.0,0.0041
2004-11-29,4.98,4.88,4.99,4.85,2677.0,星期一,-0.008,-0.0201
2004-11-26,5.01,5.02,5.06,4.98,2833.0,星期五,0.0,0.002
2004-11-25,5.06,5.01,5.08,4.98,3473.0,星期四,-0.0039,-0.0099
2004-11-24,5.08,5.08,5.14,5.07,4212.0,星期三,-0.0059,0.0
2004-11-23,5.15,5.11,5.16,5.05,5350.0,星期二,-0.0019,-0.0078
2004-11-22,5.13,5.16,5.16,5.09,5957.0,星期一,0.0,0.0058
2004-11-19,5.06,5.13,5.16,5.05,6301.0,星期五,0.0,0.0138
2004-11-18,5.0,5.06,5.06,5.0,2538.0,星期四,-0.002,0.012
2004-11-17,5.08,5.01,5.08,4.98,3418.0,星期三,0.002,-0.0138
2004-11-16,5.1,5.07,5.1,5.02,3502.0,星期二,-0.002,-0.0059
2004-11-15,5.0,5.11,5.13,5.0,5119.0,星期一,-0.002,0.022
2004-11-12,5.01,5.01,5.05,4.95,3985.0,星期五,0.0,0.0
2004-11-11,5.08,5.01,5.13,5.0,9595.0,星期四,0.004,-0.0138
2004-11-10,4.91,5.06,5.08,4.86,7210.0,星期三,0.0061,0.0305
2004-11-09,4.87,4.88,4.93,4.85,1898.0,星期二,0.0,0.0021
2004-11-08,4.85,4.87,4.94,4.79,2239.0,星期一,-0.0021,0.0041
2004-11-05,4.92,4.86,4.95,4.83,3286.0,星期五,0.0103,-0.0122
2004-11-04,5.09,4.87,5.09,4.82,5051.0,星期四,0.018,-0.0432
2004-11-03,4.85,5.0,5.0,4.85,4373.0,星期三,0.0,0.0309
2004-11-02,4.8,4.85,4.91,4.8,2354.0,星期二,-0.0103,0.0104
2004-11-01,4.76,4.85,4.94,4.76,3714.0,星期一,-0.0186,0.0189
2004-10-29,4.88,4.85,5.05,4.7,13463.0,星期五,-0.0279,-0.0061
2004-10-28,5.02,5.02,5.35,5.0,22147.0,星期四,-0.004,0.0
2004-10-27,4.81,5.04,5.15,4.81,21123.0,星期三,0.0,0.0478
2004-10-26,4.66,4.81,4.84,4.62,6848.0,星期二,0.0,0.0322
2004-10-25,4.72,4.66,4.82,4.6,10105.0,星期一,0.0374,-0.0127
2004-10-22,4.5,4.55,4.59,4.36,7352.0,星期五,0.0022,0.0111
2004-10-21,4.72,4.49,4.78,4.48,7749.0,星期四,0.0,-0.0487
2004-10-20,4.81,4.72,4.82,4.63,4982.0,星期三,0.0,-0.0187
2004-10-19,4.9,4.81,4.98,4.8,5109.0,星期二,0.0,-0.0184
2004-10-18,4.97,4.9,4.97,4.8,2894.0,星期一,0.0164,-0.0141
2004-10-15,4.88,4.89,4.95,4.8,3185.0,星期五,0.0,0.002
2004-10-14,5.22,4.88,5.22,4.86,5926.0,星期四,0.0019,-0.0651
2004-10-13,5.16,5.21,5.22,5.16,2927.0,星期三,-0.0019,0.0097
2004-10-12,5.2,5.17,5.25,5.14,4881.0,星期二,-0.0133,-0.0058
2004-10-11,5.28,5.27,5.4,5.26,6649.0,星期一,-0.0056,-0.0019
2004-10-08,5.18,5.31,5.33,5.12,4424.0,星期五,0.0039,0.0251
2004-09-30,5.27,5.16,5.28,5.13,4309.0,星期四,-0.0019,-0.0209
2004-09-29,5.36,5.28,5.39,5.25,2938.0,星期三,0.0,-0.0149
2004-09-28,5.31,5.36,5.4,5.24,4988.0,星期二,0.0095,0.0094
2004-09-27,5.41,5.26,5.53,5.2,8768.0,星期一,0.0074,-0.0277
2004-09-24,5.62,5.37,5.66,5.36,13328.0,星期五,0.0072,-0.0445
2004-09-23,5.41,5.58,5.59,5.36,8686.0,星期四,-0.0092,0.0314
2004-09-22,5.54,5.46,5.74,5.44,13136.0,星期三,-0.0125,-0.0144
2004-09-21,5.66,5.61,5.8,5.55,19134.0,星期二,-0.007,-0.0088
2004-09-20,5.5,5.7,5.73,5.37,26639.0,星期一,0.0055,0.0364
2004-09-17,5.31,5.47,5.48,5.25,15598.0,星期五,0.0,0.0301
2004-09-16,5.34,5.31,5.36,5.24,13352.0,星期四,0.0,-0.0056
2004-09-15,4.93,5.34,5.42,4.9,31685.0,星期三,0.0,0.0832
2004-09-14,4.85,4.93,4.97,4.85,3956.0,星期二,0.0146,0.0165
2004-09-13,4.9,4.78,4.9,4.78,1686.0,星期一,0.0,-0.0245
2004-09-10,4.88,4.9,4.9,4.85,1051.0,星期五,-0.002,0.0041
2004-09-09,4.98,4.89,4.99,4.88,1541.0,星期四,-0.006,-0.0181
2004-09-08,5.02,5.01,5.03,4.98,1608.0,星期三,-0.002,-0.002
2004-09-07,5.05,5.03,5.06,4.98,1121.0,星期二,0.002,-0.004
2004-09-06,5.03,5.04,5.06,4.99,1564.0,星期一,-0.002,0.002
2004-09-03,4.97,5.04,5.06,4.93,3788.0,星期五,0.0,0.0141
2004-09-02,4.9,4.97,4.98,4.86,1144.0,星期四,0.0,0.0143
2004-09-01,4.96,4.9,4.96,4.88,734.0,星期三,0.0,-0.0121
2004-08-31,4.98,4.96,5.07,4.92,4061.0,星期二,0.0247,-0.004
2004-08-30,4.86,4.86,4.88,4.78,1027.0,星期一,-0.0021,0.0
2004-08-27,4.9,4.87,4.94,4.8,1230.0,星期五,0.0,-0.0061
2004-08-26,4.96,4.9,4.99,4.9,810.0,星期四,0.004,-0.0121
2004-08-25,4.95,4.94,4.97,4.9,874.0,星期三,0.0,-0.002
2004-08-24,4.78,4.95,5.03,4.78,3468.0,星期二,-0.0042,0.0356
2004-08-23,4.86,4.8,4.86,4.75,1022.0,星期一,0.0,-0.0123
2004-08-20,4.78,4.86,4.93,4.74,2669.0,星期五,-0.0083,0.0167
2004-08-19,4.96,4.82,4.96,4.8,3948.0,星期四,0.0,-0.0282
2004-08-18,5.0,4.96,5.0,4.93,1231.0,星期三,0.004,-0.008
2004-08-17,4.92,4.98,5.03,4.91,1163.0,星期二,-0.0061,0.0122
2004-08-16,5.01,4.95,5.01,4.91,1577.0,星期一,0.002,-0.012
2004-08-13,5.01,5.0,5.05,4.96,1602.0,星期五,0.002,-0.002
2004-08-12,5.05,5.0,5.08,4.9,3175.0,星期四,-0.0098,-0.0099
2004-08-11,5.22,5.1,5.22,5.1,1594.0,星期三,0.0,-0.023
2004-08-10,5.15,5.22,5.23,5.11,2854.0,星期二,-0.0039,0.0136
2004-08-09,5.13,5.17,5.18,5.08,1417.0,星期一,-0.0039,0.0078
2004-08-06,5.1,5.15,5.15,5.08,1725.0,星期五,-0.002,0.0098
2004-08-05,5.17,5.11,5.19,5.1,3006.0,星期四,-0.0019,-0.0116
2004-08-04,5.03,5.18,5.25,5.03,5344.0,星期三,-0.0059,0.0298
2004-08-03,5.02,5.06,5.09,5.02,1414.0,星期二,0.0,0.008
2004-08-02,5.02,5.02,5.08,4.98,1669.0,星期一,-0.0176,0.0
2004-07-30,5.18,5.11,5.19,5.07,1953.0,星期五,-0.0019,-0.0135
2004-07-29,5.11,5.19,5.19,5.09,2955.0,星期四,0.0,0.0157
2004-07-28,5.06,5.11,5.14,4.99,3743.0,星期三,0.0202,0.0099
2004-07-27,4.91,4.96,5.02,4.9,1143.0,星期二,-0.0121,0.0102
2004-07-26,4.99,4.97,4.99,4.92,1544.0,星期一,-0.008,-0.004
2004-07-23,4.95,5.03,5.04,4.92,2293.0,星期五,-0.01,0.0162
2004-07-22,5.18,5.0,5.2,4.98,4256.0,星期四,-0.0058,-0.0347
2004-07-21,5.18,5.21,5.29,5.18,4117.0,星期三,0.0,0.0058
2004-07-20,5.18,5.18,5.18,5.07,2925.0,星期二,-0.0058,0.0
2004-07-19,5.15,5.21,5.23,5.15,2968.0,星期一,-0.0096,0.0117
2004-07-16,5.09,5.2,5.26,5.0,6505.0,星期五,0.0079,0.0216
2004-07-15,5.0,5.05,5.09,4.95,2501.0,星期四,0.004,0.01
2004-07-14,5.06,4.98,5.1,4.88,4668.0,星期三,0.0,-0.0158
2004-07-13,5.06,5.06,5.1,5.05,1697.0,星期二,0.0,0.0
2004-07-12,5.16,5.06,5.24,5.06,3183.0,星期一,-0.0039,-0.0194
2004-07-09,5.25,5.18,5.28,5.18,2101.0,星期五,0.0038,-0.0133
2004-07-08,5.23,5.23,5.28,5.19,2236.0,星期四,-0.0076,0.0
2004-07-07,5.35,5.27,5.36,5.26,1274.0,星期三,-0.0019,-0.015
2004-07-06,5.31,5.36,5.43,5.31,2419.0,星期二,-0.0038,0.0094
2004-07-05,5.4,5.33,5.42,5.28,1792.0,星期一,0.0019,-0.013
2004-07-02,5.41,5.39,5.45,5.28,3063.0,星期五,-0.0018,-0.0037
2004-07-01,5.21,5.42,5.44,5.16,4819.0,星期四,-0.0095,0.0403
2004-06-29,5.27,5.26,5.3,5.15,2978.0,星期二,0.0115,-0.0019
2004-06-28,5.33,5.21,5.36,5.19,4198.0,星期一,0.0,-0.0225
2004-06-25,5.67,5.33,5.68,5.31,7442.0,星期五,0.0071,-0.06
2004-06-24,5.69,5.63,5.69,5.58,3421.0,星期四,0.0089,-0.0105
2004-06-23,5.72,5.64,5.72,5.52,3122.0,星期三,0.0142,-0.014
2004-06-22,5.68,5.64,5.68,5.5,4058.0,星期二,0.0216,-0.007
2004-06-21,5.4,5.56,5.58,5.35,2924.0,星期一,-0.0037,0.0296
2004-06-18,5.52,5.42,5.52,5.31,4073.0,星期五,-0.0018,-0.0181
2004-06-17,5.61,5.53,5.8,5.51,7295.0,星期四,0.0145,-0.0143
2004-06-16,5.49,5.53,5.61,5.41,3111.0,星期三,0.0,0.0073
2004-06-15,5.41,5.49,5.55,5.33,3294.0,星期二,-0.0018,0.0148
2004-06-14,5.62,5.42,5.62,5.35,2852.0,星期一,0.0,-0.0356
2004-06-11,5.74,5.62,5.8,5.6,3118.0,星期五,0.0214,-0.0209
2004-06-10,5.66,5.62,5.75,5.6,4123.0,星期四,-0.0035,-0.0071
2004-06-09,5.9,5.68,5.95,5.68,4440.0,星期三,-0.0067,-0.0373
2004-06-08,6.0,5.94,6.03,5.9,3382.0,星期二,0.0033,-0.01
2004-06-07,6.11,5.98,6.15,5.93,5165.0,星期一,-0.0065,-0.0213
2004-06-04,6.2,6.15,6.32,6.1,13191.0,星期五,0.0333,-0.0081
2004-06-03,6.19,6.0,6.19,6.0,4292.0,星期四,0.0065,-0.0307
2004-06-02,6.11,6.15,6.2,6.08,5284.0,星期三,0.0,0.0065
2004-06-01,5.98,6.11,6.14,5.93,6113.0,星期二,0.005,0.0217
2004-05-31,6.0,5.95,6.02,5.9,2515.0,星期一,-0.0066,-0.0083
2004-05-27,5.89,6.04,6.05,5.89,5020.0,星期四,-0.0034,0.0255
2004-05-26,5.95,5.91,6.04,5.88,4867.0,星期三,-0.0017,-0.0067
2004-05-25,6.12,5.96,6.15,5.96,5156.0,星期二,0.0,-0.0261
2004-05-24,6.25,6.12,6.26,6.12,2570.0,星期一,-0.0048,-0.0208
2004-05-21,6.27,6.28,6.29,6.2,2098.0,星期五,0.0113,0.0016
2004-05-20,6.26,6.2,6.36,6.18,2434.0,星期四,-0.0111,-0.0096
2004-05-19,6.38,6.33,6.42,6.31,3345.0,星期三,0.0,-0.0078
2004-05-18,6.18,6.38,6.39,6.18,3077.0,星期二,-0.0016,0.0324
2004-05-17,6.18,6.19,6.25,6.1,2418.0,星期一,0.0,0.0016
2004-05-14,6.43,6.18,6.43,6.16,5344.0,星期五,-0.0016,-0.0389
2004-05-13,6.48,6.44,6.48,6.37,6249.0,星期四,-0.0015,-0.0062
2004-05-12,6.13,6.49,6.49,6.13,13209.0,星期三,0.0,0.0587
2004-05-11,6.08,6.13,6.14,6.01,1802.0,星期二,-0.0016,0.0082
2004-05-10,6.24,6.09,6.24,6.07,2127.0,星期一,0.0097,-0.024
2004-04-30,6.12,6.18,6.21,6.1,2487.0,星期五,0.0033,0.0098
2004-04-29,6.2,6.1,6.27,6.09,3854.0,星期四,-0.0016,-0.0161
2004-04-28,6.09,6.21,6.25,6.09,3737.0,星期三,-0.0016,0.0197
2004-04-27,6.19,6.1,6.25,6.09,4830.0,星期二,0.0016,-0.0145
2004-04-26,6.4,6.18,6.4,6.1,4350.0,星期一,0.0063,-0.0344
2004-04-23,6.52,6.36,6.52,6.34,5000.0,星期五,0.0015,-0.0245
2004-04-22,6.5,6.51,6.55,6.46,2492.0,星期四,0.0062,0.0015
2004-04-21,6.56,6.46,6.58,6.43,4290.0,星期三,0.0046,-0.0152
2004-04-20,6.51,6.53,6.6,6.46,3086.0,星期二,0.0031,0.0031
2004-04-19,6.7,6.49,6.78,6.47,6690.0,星期一,-0.0045,-0.0313
2004-04-16,6.7,6.73,6.88,6.56,4373.0,星期五,-0.2463,0.0045
2004-04-15,9.03,8.89,9.17,8.86,10565.0,星期四,-0.0066,-0.0155
2004-04-14,9.15,9.09,9.28,8.97,11318.0,星期三,-0.0076,-0.0066
2004-04-13,9.38,9.22,9.42,9.2,8090.0,星期二,0.0011,-0.0171
2004-04-12,9.11,9.37,9.5,9.06,13436.0,星期一,-0.0044,0.0285
2004-04-09,9.39,9.15,9.44,9.1,14862.0,星期五,0.0,-0.0256
2004-04-08,9.41,9.39,9.49,9.26,13431.0,星期四,-0.0095,-0.0021
2004-04-07,9.68,9.5,9.7,9.48,11860.0,星期三,-0.0021,-0.0186
2004-04-06,9.64,9.7,9.72,9.46,16397.0,星期二,0.0,0.0062
2004-04-05,9.42,9.64,9.67,9.38,27335.0,星期一,0.0032,0.0234
2004-04-02,9.36,9.39,9.49,9.28,23880.0,星期五,0.0,0.0032
2004-04-01,9.11,9.36,9.38,9.1,25633.0,星期四,0.0,0.0274
2004-03-31,8.98,9.11,9.18,8.98,7568.0,星期三,0.0045,0.0145
2004-03-30,9.04,8.94,9.08,8.88,9972.0,星期二,0.0,-0.0111
2004-03-26,9.16,9.04,9.2,9.0,6424.0,星期五,0.0033,-0.0131
2004-03-25,9.08,9.13,9.22,9.02,8665.0,星期四,0.0,0.0055
2004-03-24,9.0,9.08,9.12,9.0,5823.0,星期三,-0.0044,0.0089
2004-03-23,9.15,9.04,9.15,8.98,6551.0,星期二,0.0,-0.012
2004-03-22,9.23,9.15,9.25,9.06,6802.0,星期一,0.0165,-0.0087
2004-03-19,8.98,9.08,9.1,8.89,6893.0,星期五,-0.0022,0.0111
2004-03-18,9.1,9.0,9.2,8.98,10709.0,星期四,-0.0022,-0.011
2004-03-17,9.22,9.12,9.25,9.06,9990.0,星期三,0.0,-0.0108
2004-03-16,9.22,9.22,9.26,9.05,14838.0,星期二,0.0033,0.0
2004-03-15,9.11,9.19,9.24,9.02,17073.0,星期一,0.01,0.0088
2004-03-12,9.05,9.02,9.12,8.95,10045.0,星期五,0.0146,-0.0033
2004-03-11,8.88,8.92,9.06,8.8,10504.0,星期四,0.0,0.0045
2004-03-10,8.59,8.88,8.91,8.59,6924.0,星期三,-0.0035,0.0338
2004-03-09,8.72,8.62,8.85,8.6,7337.0,星期二,-0.0034,-0.0115
2004-03-08,9.01,8.75,9.08,8.72,9402.0,星期一,0.0011,-0.0289
2004-03-05,9.02,9.0,9.38,8.84,17244.0,星期五,0.0204,-0.0022
2004-03-04,8.78,8.84,8.89,8.62,9222.0,星期四,-0.0023,0.0068
2004-03-03,9.09,8.8,9.1,8.78,13582.0,星期三,0.0011,-0.0319
2004-03-02,9.06,9.08,9.23,9.01,15517.0,星期二,0.0011,0.0022
2004-03-01,9.05,9.05,9.14,8.85,32161.0,星期一,-0.0216,0.0
2004-02-27,8.55,9.25,9.3,8.45,31867.0,星期五,0.0071,0.0819
2004-02-26,8.5,8.49,8.6,8.35,8511.0,星期四,-0.0058,-0.0012
2004-02-25,8.75,8.55,8.88,8.53,11354.0,星期三,0.0034,-0.0229
2004-02-24,8.82,8.72,8.9,8.58,14612.0,星期二,-0.0112,-0.0113
2004-02-23,9.31,8.92,9.38,8.9,17605.0,星期一,0.0022,-0.0419
2004-02-20,9.23,9.29,9.37,9.15,15187.0,星期五,0.0,0.0065
2004-02-19,9.07,9.23,9.37,9.07,18181.0,星期四,0.0022,0.0176
2004-02-18,9.01,9.05,9.14,9.0,16217.0,星期三,-0.0055,0.0044
2004-02-17,9.18,9.06,9.18,9.02,16899.0,星期二,0.0055,-0.0131
2004-02-16,9.0,9.13,9.15,8.96,15444.0,星期一,0.0,0.0144
2004-02-13,9.1,9.0,9.12,8.95,11087.0,星期五,-0.0022,-0.011
2004-02-12,9.25,9.12,9.29,9.07,12467.0,星期四,0.0,-0.0141
2004-02-11,9.0,9.25,9.26,8.91,16319.0,星期三,0.0011,0.0278
2004-02-10,9.14,8.99,9.15,8.91,19405.0,星期二,0.0022,-0.0164
2004-02-09,8.58,9.12,9.24,8.58,36941.0,星期一,0.0023,0.0629
2004-02-06,8.7,8.56,8.76,8.56,18219.0,星期五,-0.0023,-0.0161
2004-02-05,8.87,8.72,8.88,8.64,20158.0,星期四,0.0034,-0.0169
2004-02-04,8.82,8.84,8.94,8.7,20385.0,星期三,0.0,0.0023
2004-02-03,8.78,8.82,8.88,8.63,20804.0,星期二,0.0,0.0046
2004-02-02,8.6,8.78,8.97,8.41,54060.0,星期一,0.0263,0.0209
2004-01-30,8.35,8.38,8.55,8.26,29706.0,星期五,0.0,0.0036
2004-01-29,8.15,8.35,8.36,8.05,12878.0,星期四,0.0062,0.0245
2004-01-16,7.97,8.1,8.18,7.95,9381.0,星期五,0.0013,0.0163
2004-01-15,8.05,7.96,8.07,7.95,7155.0,星期四,0.0,-0.0112
2004-01-14,8.0,8.05,8.1,7.91,6480.0,星期三,0.0,0.0063
2004-01-13,8.07,8.0,8.15,7.95,9586.0,星期二,0.0,-0.0087
2004-01-12,7.9,8.07,8.07,7.9,7949.0,星期一,-0.01,0.0215
2004-01-09,8.4,7.98,8.44,7.95,17598.0,星期五,0.0,-0.05
2004-01-08,8.18,8.4,8.48,8.1,21175.0,星期四,-0.0024,0.0269
2004-01-07,8.15,8.2,8.22,8.05,20597.0,星期三,-0.0049,0.0061
2004-01-06,8.35,8.19,8.47,8.13,17933.0,星期二,0.0036,-0.0192
2004-01-05,8.3,8.32,8.33,8.18,21371.0,星期一,0.0024,0.0024
2004-01-02,7.9,8.28,8.32,7.9,28595.0,星期五,-0.0038,0.0481
2003-12-31,7.95,7.93,8.04,7.81,10403.0,星期三,0.0,-0.0025
2003-12-30,7.87,7.95,7.95,7.76,7782.0,星期二,0.0013,0.0102
2003-12-29,7.75,7.86,7.94,7.7,9313.0,星期一,0.0,0.0142
2003-12-26,7.87,7.75,7.87,7.72,6013.0,星期五,0.0013,-0.0152
2003-12-25,7.96,7.86,7.98,7.78,9131.0,星期四,0.0038,-0.0126
2003-12-24,7.9,7.93,7.95,7.76,11669.0,星期三,0.0,0.0038
2003-12-23,7.72,7.9,8.08,7.7,29501.0,星期二,-0.0039,0.0233
2003-12-22,7.3,7.75,7.75,7.15,18487.0,星期一,0.0027,0.0616
2003-12-19,7.25,7.28,7.39,7.13,11103.0,星期五,0.0,0.0041
2003-12-18,7.43,7.25,7.47,7.2,9002.0,星期四,-0.004,-0.0242
2003-12-17,7.62,7.46,7.66,7.46,6625.0,星期三,0.0,-0.021
2003-12-16,7.69,7.62,7.69,7.53,5703.0,星期二,0.0,-0.0091
2003-12-15,7.64,7.69,7.72,7.62,4673.0,星期一,-0.0052,0.0065
2003-12-12,7.81,7.68,7.81,7.6,9490.0,星期五,-0.0051,-0.0166
2003-12-11,7.97,7.85,7.99,7.79,6840.0,星期四,0.0089,-0.0151
2003-12-10,7.87,7.9,7.94,7.78,7842.0,星期三,0.0,0.0038
2003-12-09,7.82,7.87,7.87,7.71,6773.0,星期二,-0.0038,0.0064
2003-12-08,8.12,7.85,8.16,7.83,18687.0,星期一,0.01,-0.0333
2003-12-05,7.81,8.04,8.05,7.76,23131.0,星期五,-0.0013,0.0294
2003-12-04,7.76,7.82,7.86,7.7,12919.0,星期四,0.0,0.0077
2003-12-03,7.48,7.76,7.9,7.44,29439.0,星期三,-0.0053,0.0374
2003-12-02,7.65,7.52,7.65,7.46,10455.0,星期二,0.0039,-0.017
2003-12-01,7.41,7.62,7.66,7.41,8896.0,星期一,0.0,0.0283
2003-11-28,7.33,7.41,7.56,7.3,5751.0,星期五,-0.0027,0.0109
2003-11-27,7.58,7.35,7.7,7.33,10140.0,星期四,-0.0052,-0.0303
2003-11-26,7.6,7.62,7.63,7.44,11730.0,星期三,-0.0039,0.0026
2003-11-25,7.5,7.63,7.75,7.41,39019.0,星期二,0.0027,0.0173
2003-11-24,6.8,7.48,7.53,6.78,29249.0,星期一,-0.0272,0.1
2003-11-20,6.68,6.99,7.0,6.68,10026.0,星期四,-0.0074,0.0464
2003-11-19,6.52,6.73,6.76,6.52,2124.0,星期三,-0.0046,0.0322
2003-11-18,6.7,6.55,6.7,6.53,2083.0,星期二,-0.0045,-0.0224
2003-11-17,6.87,6.73,6.87,6.68,2296.0,星期一,0.0163,-0.0204
2003-11-14,6.52,6.76,6.83,6.52,3992.0,星期五,-0.0091,0.0368
2003-11-13,6.52,6.58,6.6,6.45,2563.0,星期四,-0.0015,0.0092
2003-11-12,6.8,6.53,6.8,6.53,3991.0,星期三,0.0,-0.0397
2003-11-11,6.86,6.8,6.86,6.75,2440.0,星期二,0.0029,-0.0087
2003-11-10,6.74,6.84,6.89,6.74,2112.0,星期一,-0.003,0.0148
2003-11-07,7.0,6.76,7.02,6.73,5989.0,星期五,0.0,-0.0343
2003-11-06,7.4,7.0,7.41,6.99,9825.0,星期四,-0.0013,-0.0541
2003-11-05,7.43,7.41,7.49,7.34,3877.0,星期三,0.0,-0.0027
2003-11-04,7.38,7.43,7.57,7.35,6194.0,星期二,-0.0027,0.0068
2003-11-03,7.3,7.4,7.46,7.22,3996.0,星期一,0.0083,0.0137
2003-10-31,7.17,7.24,7.4,7.17,2566.0,星期五,-0.0055,0.0098
2003-10-30,7.3,7.21,7.33,7.16,3023.0,星期四,0.0041,-0.0123
2003-10-29,7.6,7.27,7.61,7.16,6930.0,星期三,0.012,-0.0434
2003-10-28,7.7,7.51,7.8,7.43,6072.0,星期二,-0.0153,-0.0247
2003-10-27,7.85,7.82,7.92,7.67,4185.0,星期一,0.0038,-0.0038
2003-10-24,7.63,7.82,7.88,7.63,7183.0,星期五,-0.0013,0.0249
2003-10-23,7.7,7.64,7.88,7.61,4500.0,星期四,0.0,-0.0078
2003-10-22,7.47,7.7,7.75,7.43,5507.0,星期三,0.0,0.0308
2003-10-21,7.52,7.47,7.52,7.21,1169.0,星期二,0.0121,-0.0066
2003-10-20,7.45,7.43,7.58,7.4,1324.0,星期一,-0.004,-0.0027
2003-10-17,7.54,7.48,7.61,7.43,2585.0,星期五,-0.004,-0.008
2003-10-16,7.71,7.57,7.8,7.56,2726.0,星期四,-0.0039,-0.0182
2003-10-15,7.77,7.74,7.91,7.73,13010.0,星期三,0.0065,-0.0039
2003-10-14,7.63,7.72,7.74,7.56,3090.0,星期二,0.0013,0.0118
2003-10-13,7.68,7.62,7.77,7.55,3801.0,星期一,0.0079,-0.0078
2003-10-10,7.43,7.62,7.67,7.4,4259.0,星期五,0.0,0.0256
2003-10-09,7.45,7.43,7.54,7.4,1352.0,星期四,-0.004,-0.0027
2003-10-08,7.41,7.48,7.52,7.3,2331.0,星期三,0.0014,0.0094
2003-09-30,7.49,7.4,7.51,7.28,3731.0,星期二,-0.0079,-0.012
2003-09-26,7.5,7.55,7.6,7.45,1660.0,星期五,-0.0053,0.0067
2003-09-25,7.71,7.54,7.73,7.5,1936.0,星期四,-0.0026,-0.022
2003-09-24,7.72,7.73,7.76,7.66,1958.0,星期三,0.0039,0.0013
2003-09-23,7.66,7.69,7.71,7.6,1741.0,星期二,0.0,0.0039
2003-09-22,7.6,7.66,7.69,7.58,1796.0,星期一,0.0,0.0079
2003-09-19,7.52,7.6,7.6,7.5,1875.0,星期五,0.0013,0.0106
2003-09-18,7.51,7.51,7.56,7.48,2724.0,星期四,0.0,0.0
2003-09-17,7.67,7.51,7.69,7.5,2559.0,星期三,0.0,-0.0209
2003-09-16,7.63,7.67,7.72,7.56,3617.0,星期二,-0.0013,0.0052
2003-09-15,7.8,7.64,7.87,7.59,3801.0,星期一,0.0,-0.0205
2003-09-12,8.09,7.8,8.09,7.79,6397.0,星期五,0.0,-0.0358
2003-09-11,8.09,8.09,8.15,8.06,1272.0,星期四,0.0,0.0
2003-09-10,8.09,8.09,8.18,8.07,1100.0,星期三,0.0,0.0
2003-09-09,8.07,8.09,8.16,8.05,1381.0,星期二,0.0,0.0025
2003-09-08,8.14,8.07,8.14,8.03,2028.0,星期一,0.0,-0.0086
2003-09-05,8.24,8.14,8.34,8.1,2689.0,星期五,-0.0132,-0.0121
2003-09-04,8.29,8.35,8.38,8.21,4146.0,星期四,0.0012,0.0072
2003-09-03,8.3,8.28,8.32,8.16,3160.0,星期三,0.0,-0.0024
2003-09-02,8.43,8.3,8.43,8.27,5424.0,星期二,0.0,-0.0154
2003-09-01,8.14,8.43,8.47,8.1,8758.0,星期一,0.0012,0.0356
2003-08-29,8.0,8.13,8.14,8.0,2568.0,星期五,-0.005,0.0163
2003-08-28,8.05,8.04,8.15,8.02,4788.0,星期四,-0.0025,-0.0012
2003-08-27,8.53,8.07,8.54,8.02,11161.0,星期三,0.0,-0.0539
2003-08-26,8.5,8.53,8.6,8.47,1846.0,星期二,0.0035,0.0035
2003-08-25,8.57,8.47,8.61,8.46,3563.0,星期一,-0.0058,-0.0117
2003-08-22,8.69,8.62,8.72,8.6,2053.0,星期五,-0.0034,-0.0081
2003-08-21,8.72,8.72,8.78,8.71,2519.0,星期四,-0.0046,0.0
2003-08-20,8.85,8.76,8.88,8.71,6984.0,星期三,0.0114,-0.0102
2003-08-19,8.59,8.75,8.75,8.56,3564.0,星期二,-0.0046,0.0186
2003-08-18,8.63,8.63,8.7,8.5,2430.0,星期一,0.0012,0.0
2003-08-15,8.66,8.62,8.74,8.6,2329.0,星期五,0.0012,-0.0046
2003-08-14,8.66,8.65,8.85,8.63,2440.0,星期四,0.0,-0.0012
2003-08-13,8.85,8.66,8.86,8.63,2632.0,星期三,-0.0034,-0.0215
2003-08-12,8.8,8.88,8.93,8.8,5344.0,星期二,-0.0023,0.0091
2003-08-11,8.55,8.82,8.85,8.55,5579.0,星期一,0.0,0.0316
2003-08-08,8.68,8.55,8.71,8.53,4558.0,星期五,-0.0046,-0.015
2003-08-07,8.81,8.72,8.83,8.7,4109.0,星期四,-0.0023,-0.0102
2003-08-06,8.89,8.83,8.98,8.82,7658.0,星期三,0.0045,-0.0067
2003-08-05,8.78,8.85,8.92,8.7,6998.0,星期二,-0.0011,0.008
2003-08-04,8.64,8.79,8.84,8.49,9567.0,星期一,0.0023,0.0174
2003-08-01,8.54,8.62,8.64,8.5,3800.0,星期五,0.0,0.0094
2003-07-31,8.6,8.54,8.65,8.52,3952.0,星期四,-0.0035,-0.007
2003-07-30,8.76,8.63,8.79,8.45,11735.0,星期三,0.0011,-0.0148
2003-07-29,8.73,8.75,8.8,8.68,6688.0,星期二,-0.0034,0.0023
2003-07-28,9.04,8.76,9.04,8.63,11923.0,星期一,-0.0011,-0.031
2003-07-25,9.92,9.05,9.92,8.96,27119.0,星期五,0.0081,-0.0877
2003-07-24,9.92,9.84,9.95,9.83,2445.0,星期四,0.0,-0.0081
2003-07-23,9.95,9.92,9.96,9.82,2815.0,星期三,0.0,-0.003
2003-07-22,9.87,9.95,10.03,9.83,2942.0,星期二,0.0,0.0081
2003-07-21,9.95,9.87,9.98,9.81,8349.0,星期一,-0.004,-0.008
2003-07-18,10.15,9.99,10.22,9.98,5250.0,星期五,-0.002,-0.0158
2003-07-17,10.22,10.17,10.27,10.12,5920.0,星期四,-0.001,-0.0049
2003-07-16,10.31,10.23,10.32,10.1,6066.0,星期三,0.0,-0.0078
2003-07-15,10.2,10.31,10.34,10.15,23607.0,星期二,0.0089,0.0108
2003-07-14,10.1,10.11,10.12,9.95,6292.0,星期一,0.001,0.001
2003-07-11,10.12,10.09,10.12,10.0,4964.0,星期五,0.002,-0.003
2003-07-10,9.9,10.1,10.11,9.86,8928.0,星期四,-0.002,0.0202
2003-07-09,10.15,9.92,10.17,9.9,4757.0,星期三,0.0,-0.0227
2003-07-08,10.11,10.15,10.18,10.08,3307.0,星期二,0.005,0.004
2003-07-07,10.0,10.06,10.06,9.99,2666.0,星期一,-0.005,0.006
2003-07-04,9.98,10.05,10.09,9.97,2486.0,星期五,-0.002,0.007
2003-07-03,10.04,10.0,10.08,9.95,2326.0,星期四,0.0,-0.004
2003-07-02,9.91,10.04,10.07,9.85,2792.0,星期三,0.0,0.0131
2003-07-01,9.99,9.91,10.08,9.9,2383.0,星期二,0.004,-0.008
2003-06-30,9.96,9.95,10.05,9.93,2783.0,星期一,-0.004,-0.001
2003-06-27,10.16,10.0,10.16,9.98,3377.0,星期五,0.002,-0.0157
2003-06-26,9.93,10.14,10.22,9.93,4807.0,星期四,-0.007,0.0211
2003-06-25,10.15,10.0,10.15,9.98,5691.0,星期三,0.005,-0.0148
2003-06-24,10.04,10.1,10.16,10.01,3394.0,星期二,0.0,0.006
2003-06-23,10.18,10.04,10.22,10.02,6462.0,星期一,-0.0039,-0.0138
2003-06-20,10.26,10.22,10.32,10.2,3620.0,星期五,0.002,-0.0039
2003-06-19,10.36,10.24,10.4,10.21,5465.0,星期四,0.0,-0.0116
2003-06-18,10.4,10.36,10.46,10.36,3160.0,星期三,-0.001,-0.0038
2003-06-17,10.45,10.41,10.51,10.33,3949.0,星期二,0.0038,-0.0038
2003-06-16,10.55,10.41,10.59,10.39,5057.0,星期一,0.0,-0.0133
2003-06-13,10.57,10.55,10.62,10.5,4570.0,星期五,0.0009,-0.0019
2003-06-12,10.53,10.56,10.6,10.4,5699.0,星期四,0.0,0.0028
2003-06-11,10.41,10.53,10.58,10.36,5708.0,星期三,0.0029,0.0115
2003-06-10,10.31,10.38,10.48,10.3,5257.0,星期二,-0.0039,0.0068
2003-06-09,10.48,10.35,10.57,10.33,8589.0,星期一,-0.0085,-0.0124
2003-06-06,10.62,10.57,10.78,10.52,9129.0,星期五,-0.0019,-0.0047
2003-06-05,10.85,10.64,10.92,10.62,13920.0,星期四,-0.0046,-0.0194
2003-06-04,10.78,10.9,10.96,10.7,21292.0,星期三,-0.0019,0.0111
2003-06-03,10.95,10.8,11.25,10.78,51578.0,星期二,0.0064,-0.0137
2003-06-02,10.68,10.88,10.9,10.67,21326.0,星期一,0.0009,0.0187
2003-05-30,10.6,10.67,10.75,10.53,12579.0,星期五,-0.0047,0.0066
2003-05-29,10.36,10.65,10.75,10.32,18874.0,星期四,0.0,0.028
2003-05-28,10.55,10.36,10.65,10.35,13786.0,星期三,-0.0019,-0.018
2003-05-27,10.71,10.57,10.77,10.5,15858.0,星期二,0.0009,-0.0131
2003-05-26,10.79,10.7,10.85,10.66,20732.0,星期一,0.0047,-0.0083
2003-05-23,10.56,10.74,10.8,10.56,40072.0,星期五,-0.0038,0.017
2003-05-22,10.49,10.6,10.65,10.38,11514.0,星期四,0.0,0.0105
2003-05-21,10.41,10.49,10.7,10.37,12811.0,星期三,-0.001,0.0077
2003-05-20,10.69,10.42,10.69,10.41,17071.0,星期二,-0.0009,-0.0253
2003-05-19,10.66,10.7,10.89,10.61,24980.0,星期一,0.0,0.0038
2003-05-16,10.88,10.66,10.97,10.57,48706.0,星期五,0.0342,-0.0202
2003-05-15,10.34,10.52,10.65,10.24,36858.0,星期四,-0.001,0.0174
2003-05-14,9.95,10.35,10.38,9.93,22459.0,星期三,-0.001,0.0402
2003-05-13,10.43,9.96,10.48,9.9,26836.0,星期二,0.0097,-0.0451
2003-05-12,10.11,10.33,10.36,9.88,22710.0,星期一,0.006,0.0218
2003-04-30,9.93,10.05,10.35,9.93,17772.0,星期三,0.002,0.0121
2003-04-29,10.23,9.91,10.25,9.9,16535.0,星期二,-0.0116,-0.0313
2003-04-28,10.06,10.35,10.49,9.81,28997.0,星期一,-0.0089,0.0288
2003-04-25,10.47,10.15,10.64,10.11,20229.0,星期五,0.001,-0.0306
2003-04-24,10.62,10.46,10.8,10.42,26222.0,星期四,-0.0019,-0.0151
2003-04-23,11.16,10.64,11.28,10.61,45583.0,星期三,0.0,-0.0466
2003-04-22,11.4,11.16,11.59,11.07,44370.0,星期二,-0.0164,-0.0211
2003-04-21,11.53,11.59,11.73,11.42,39979.0,星期一,0.0026,0.0052
2003-04-18,11.47,11.5,11.7,11.4,37966.0,星期五,0.0,0.0026
2003-04-17,11.7,11.47,11.77,11.39,70496.0,星期四,-0.0068,-0.0197
2003-04-16,11.6,11.78,12.13,11.31,154095.0,星期三,-0.0077,0.0155
2003-04-15,11.51,11.69,11.99,11.38,292905.0,星期二,,0.0156
