time,open,close,high,low,vol,day,open-percent,close-percent
2026-06-26,4828.48,4713.52,4828.48,4687.75,1688323.0,星期五,-0.0073,-0.0238
2026-06-25,4809.81,4863.86,4884.36,4801.97,1631557.0,星期四,0.0019,0.0112
2026-06-24,4747.98,4800.6,4811.42,4740.82,1441085.0,星期三,-0.0027,0.0111
2026-06-23,4913.28,4761.06,4929.11,4734.06,1588851.0,星期二,-0.0027,-0.031
2026-06-22,4816.22,4926.35,4928.47,4790.34,1775048.0,星期一,0.0014,0.0229
2026-06-18,4767.08,4809.51,4842.79,4766.88,1594081.0,星期四,-0.0028,0.0089
2026-06-17,4704.48,4780.38,4783.12,4699.59,1254648.0,星期三,-0.0059,0.0161
2026-06-16,4755.84,4732.55,4766.84,4715.37,1311822.0,星期二,0.0001,-0.0049
2026-06-15,4700.43,4755.23,4755.42,4666.56,1455589.0,星期一,0.012,0.0117
2026-06-12,4651.78,4644.67,4681.07,4621.56,1651841.0,星期五,0.0161,-0.0015
2026-06-11,4578.68,4578.12,4616.93,4544.1,1280518.0,星期四,-0.0043,-0.0001
2026-06-10,4613.66,4598.64,4644.33,4570.92,1301486.0,星期三,-0.0098,-0.0033
2026-06-09,4617.17,4659.45,4662.32,4574.57,1373517.0,星期二,0.0059,0.0092
2026-06-08,4584.51,4590.1,4652.32,4552.87,1606672.0,星期一,-0.0242,0.0012
2026-06-05,4779.31,4698.43,4812.86,4681.5,1665330.0,星期五,-0.0046,-0.0169
2026-06-04,4794.38,4801.25,4836.77,4787.73,1390248.0,星期四,-0.0084,0.0014
2026-06-03,4817.41,4835.11,4892.21,4801.19,1554415.0,星期三,0.0013,0.0037
2026-06-02,4761.72,4811.0,4829.14,4723.33,1332659.0,星期二,0.0041,0.0103
2026-06-01,4812.04,4742.36,4832.44,4734.95,1362143.0,星期一,0.0021,-0.0145
2026-05-29,4863.43,4802.16,4867.56,4785.54,1608425.0,星期五,0.0051,-0.0126
2026-05-28,4806.15,4838.57,4843.66,4760.19,1307885.0,星期四,-0.0048,0.0067
2026-05-27,4874.18,4829.51,4911.45,4811.75,1660902.0,星期三,0.0003,-0.0092
2026-05-26,4826.53,4872.83,4879.81,4810.83,1670334.0,星期二,-0.005,0.0096
2026-05-25,4794.69,4850.72,4851.2,4778.47,1392234.0,星期一,0.0049,0.0117
2026-05-22,4751.52,4771.37,4776.81,4715.37,1654079.0,星期五,0.0078,0.0042
2026-05-21,4826.55,4714.85,4877.66,4713.74,1418337.0,星期四,0.0094,-0.0231
2026-05-20,4746.97,4781.4,4800.47,4745.66,1011088.0,星期三,-0.0053,0.0073
2026-05-19,4738.96,4772.24,4773.72,4687.63,1057421.0,星期二,-0.0039,0.007
2026-05-18,4770.21,4757.6,4806.88,4729.6,1121982.0,星期一,-0.0041,-0.0026
2026-05-15,4837.36,4789.84,4870.21,4762.22,1233258.0,星期五,-0.0011,-0.0098
2026-05-14,4964.97,4842.82,4968.89,4837.87,1194701.0,星期四,0.006,-0.0246
2026-05-13,4862.71,4935.19,4938.0,4858.08,1207034.0,星期三,-0.0063,0.0149
2026-05-12,4908.68,4893.62,4920.86,4875.19,1315772.0,星期二,0.003,-0.0031
2026-05-11,4835.44,4894.09,4903.91,4829.26,1462043.0,星期一,0.0078,0.0121
2026-05-08,4806.67,4797.9,4819.0,4774.93,1061799.0,星期五,-0.0067,-0.0018
2026-05-07,4850.52,4839.15,4850.52,4810.74,1211098.0,星期四,0.0046,-0.0023
2026-05-06,4804.96,4828.29,4850.39,4782.59,1314574.0,星期三,0.0143,0.0049
2026-04-30,4740.43,4737.12,4757.23,4723.86,1207626.0,星期四,0.003,-0.0007
2026-04-29,4642.4,4726.29,4728.5,4641.4,1184500.0,星期三,-0.0035,0.0181
2026-04-28,4659.41,4658.67,4687.46,4644.51,938966.0,星期二,-0.0038,-0.0002
2026-04-27,4684.74,4677.06,4700.45,4668.82,868526.0,星期一,0.0012,-0.0016
2026-04-24,4664.96,4678.93,4694.31,4638.55,899920.0,星期五,-0.0006,0.003
2026-04-23,4701.16,4667.77,4703.09,4637.68,1090216.0,星期四,0.0049,-0.0071
2026-04-22,4643.97,4678.15,4679.91,4642.47,945017.0,星期三,-0.0039,0.0074
2026-04-21,4644.98,4662.23,4670.67,4604.78,941424.0,星期二,-0.0003,0.0037
2026-04-20,4612.73,4646.5,4652.47,4601.54,1073903.0,星期一,-0.0011,0.0073
2026-04-17,4635.31,4617.79,4635.44,4607.49,832568.0,星期五,-0.0022,-0.0038
2026-04-16,4603.79,4645.7,4648.56,4595.2,856854.0,星期四,0.0026,0.0091
2026-04-15,4634.16,4591.98,4641.27,4578.61,941820.0,星期三,0.0069,-0.0091
2026-04-14,4571.09,4602.18,4602.97,4552.78,1012518.0,星期二,0.0064,0.0068
2026-04-13,4507.16,4541.83,4550.06,4506.98,1002851.0,星期一,-0.0038,0.0077
2026-04-10,4479.46,4524.48,4543.5,4473.9,949678.0,星期五,0.0061,0.0101
2026-04-09,4441.67,4452.48,4464.43,4429.09,872523.0,星期四,-0.0069,0.0024
2026-04-08,4397.84,4472.7,4472.7,4396.35,1173924.0,星期三,0.0191,0.017
2026-04-07,4316.34,4315.25,4333.15,4296.7,725375.0,星期二,0.0015,-0.0003
2026-04-03,4361.23,4310.04,4363.46,4306.61,750710.0,星期五,0.0024,-0.0117
2026-04-02,4394.97,4350.68,4395.3,4330.7,849768.0,星期四,-0.0022,-0.0101
2026-04-01,4396.68,4404.66,4410.92,4366.35,960831.0,星期三,0.0154,0.0018
2026-03-31,4380.0,4330.11,4411.19,4330.11,927126.0,星期二,0.0005,-0.0114
2026-03-30,4353.18,4377.73,4380.81,4330.58,924616.0,星期一,-0.0098,0.0056
2026-03-27,4315.21,4396.3,4412.35,4314.62,826242.0,星期五,-0.0105,0.0188
2026-03-26,4410.26,4361.06,4422.88,4352.05,879203.0,星期四,-0.0025,-0.0112
2026-03-25,4389.35,4421.45,4425.91,4387.71,1051858.0,星期三,0.007,0.0073
2026-03-24,4351.78,4358.67,4358.86,4272.8,1046148.0,星期二,0.0091,0.0016
2026-03-23,4384.94,4312.33,4403.23,4291.28,1446978.0,星期一,-0.0144,-0.0166
2026-03-20,4483.96,4449.15,4510.75,4444.79,1132741.0,星期五,0.0037,-0.0078
2026-03-19,4503.55,4467.28,4525.69,4454.92,1136817.0,星期四,-0.0109,-0.0081
2026-03-18,4547.71,4553.29,4558.09,4498.42,962092.0,星期三,0.0022,0.0012
2026-03-17,4583.91,4537.72,4624.74,4537.72,1122381.0,星期二,0.0044,-0.0101
2026-03-16,4560.67,4563.69,4565.58,4508.42,1395756.0,星期一,0.0002,0.0007
2026-03-13,4555.48,4559.66,4599.63,4549.97,1390376.0,星期五,-0.0038,0.0009
2026-03-12,4595.22,4572.73,4596.65,4542.21,1260690.0,星期四,-0.0011,-0.0049
2026-03-11,4571.98,4600.44,4614.71,4565.71,1251918.0,星期三,0.0017,0.0062
2026-03-10,4545.59,4564.15,4567.73,4543.79,1116108.0,星期二,0.0087,0.0041
2026-03-09,4484.45,4506.42,4518.19,4432.47,1438705.0,星期一,-0.0137,0.0049
2026-03-06,4510.46,4546.7,4559.84,4500.06,1150053.0,星期五,-0.0057,0.008
2026-03-05,4545.11,4536.49,4563.88,4517.47,1320245.0,星期四,0.0118,-0.0019
2026-03-04,4491.95,4492.11,4532.13,4461.86,1498568.0,星期三,-0.0107,0.0
2026-03-03,4633.68,4540.7,4642.59,4537.12,1854631.0,星期二,0.001,-0.0201
2026-03-02,4579.33,4628.86,4636.11,4561.89,1805093.0,星期一,-0.005,0.0108
2026-02-27,4593.97,4602.33,4615.77,4583.81,1379131.0,星期五,-0.0059,0.0018
2026-02-26,4649.46,4621.07,4649.47,4598.39,1213824.0,星期四,0.0011,-0.0061
2026-02-25,4611.31,4644.26,4674.46,4610.87,1408120.0,星期三,0.0012,0.0071
2026-02-24,4628.6,4605.77,4628.6,4595.81,1060041.0,星期二,0.0159,-0.0049
2026-02-13,4589.65,4556.33,4598.35,4554.4,900079.0,星期五,-0.0066,-0.0073
2026-02-12,4614.69,4619.99,4624.62,4606.4,906767.0,星期四,0.0017,0.0011
2026-02-11,4602.96,4606.67,4617.04,4591.4,806653.0,星期三,-0.0023,0.0008
2026-02-10,4610.33,4613.64,4625.09,4604.73,846028.0,星期二,-0.0003,0.0007
2026-02-09,4588.12,4611.79,4612.71,4573.65,977293.0,星期一,0.0117,0.0052
2026-02-06,4505.64,4534.92,4570.8,4492.07,887058.0,星期五,-0.0115,0.0065
2026-02-05,4557.6,4558.24,4581.38,4526.31,1035071.0,星期四,-0.0074,0.0001
2026-02-04,4543.76,4591.65,4594.52,4529.13,1213759.0,星期三,-0.0019,0.0105
2026-02-03,4539.02,4552.43,4553.96,4467.13,1190506.0,星期二,0.0104,0.003
2026-02-02,4569.36,4492.35,4608.7,4486.66,1501805.0,星期一,-0.0101,-0.0169
2026-01-30,4632.66,4615.93,4648.71,4550.51,1646370.0,星期五,-0.0068,-0.0036
2026-01-29,4655.07,4664.57,4684.87,4607.26,2062841.0,星期四,0.0045,0.002
2026-01-28,4634.29,4634.22,4653.88,4604.54,1845190.0,星期三,0.0048,-0.0
2026-01-27,4612.22,4612.06,4646.12,4580.33,1430353.0,星期二,0.0003,-0.0
2026-01-26,4621.93,4610.83,4663.88,4596.68,1739781.0,星期一,0.0042,-0.0024
2026-01-23,4628.65,4602.74,4637.42,4584.98,1510231.0,星期五,0.0013,-0.0056
2026-01-22,4652.85,4622.87,4671.59,4597.69,1389609.0,星期四,0.0048,-0.0064
2026-01-21,4619.02,4630.5,4670.45,4619.02,1319491.0,星期三,0.0001,0.0025
2026-01-20,4644.51,4618.4,4658.42,4586.4,1416809.0,星期二,0.0007,-0.0056
2026-01-19,4625.11,4641.31,4672.39,4621.37,1341091.0,星期一,-0.0021,0.0035
2026-01-16,4684.7,4634.94,4700.31,4618.12,1487454.0,星期五,0.0065,-0.0106
2026-01-15,4608.24,4654.37,4662.89,4606.48,1211233.0,星期四,-0.0043,0.01
2026-01-14,4651.59,4628.02,4701.55,4604.91,1796158.0,星期三,0.0027,-0.0051
2026-01-13,4678.0,4638.96,4720.41,4623.25,1355953.0,星期二,0.0021,-0.0083
2026-01-12,4664.14,4668.04,4674.03,4621.55,1422706.0,星期一,0.0034,0.0008
2026-01-09,4614.17,4648.28,4663.24,4605.45,1241858.0,星期五,-0.0026,0.0074
2026-01-08,4645.6,4626.39,4659.42,4604.11,1058177.0,星期四,-0.003,-0.0041
2026-01-07,4678.55,4659.46,4684.67,4632.13,1265482.0,星期三,0.0021,-0.0041
2026-01-06,4599.61,4668.66,4668.66,4598.8,1447196.0,星期二,0.0014,0.015
2026-01-05,4526.86,4593.35,4598.05,4526.86,1050695.0,星期一,0.009,0.0147
2025-12-31,4521.67,4486.47,4530.33,4479.54,728482.0,星期三,0.0016,-0.0078
2025-12-30,4475.48,4514.37,4528.85,4474.96,776301.0,星期二,-0.005,0.0087
2025-12-29,4531.22,4497.92,4537.02,4489.0,850781.0,星期一,0.0009,-0.0073
2025-12-26,4502.38,4527.15,4548.77,4497.61,738835.0,星期五,-0.0002,0.0055
2025-12-25,4490.78,4503.23,4512.02,4480.58,546928.0,星期四,-0.0014,0.0028
2025-12-24,4492.58,4497.15,4501.37,4466.42,649700.0,星期三,0.0008,0.001
2025-12-23,4477.94,4488.88,4512.09,4469.3,686363.0,星期二,0.0014,0.0024
2025-12-22,4447.94,4471.83,4475.83,4447.94,719175.0,星期一,0.005,0.0054
2025-12-19,4419.37,4425.8,4451.09,4404.82,663120.0,星期五,0.002,0.0015
2025-12-18,4414.76,4410.53,4432.91,4404.3,606340.0,星期四,-0.006,-0.001
2025-12-17,4368.26,4441.29,4455.7,4364.54,750116.0,星期三,0.0007,0.0167
2025-12-16,4415.7,4365.14,4424.07,4348.85,748391.0,星期二,-0.0022,-0.0115
2025-12-15,4434.45,4425.61,4470.0,4425.61,743018.0,星期一,-0.0063,-0.002
2025-12-12,4441.55,4462.43,4464.0,4412.17,944090.0,星期五,0.0026,0.0047
2025-12-11,4474.66,4430.12,4491.78,4424.29,757847.0,星期四,0.002,-0.01
2025-12-10,4463.84,4465.58,4471.86,4421.31,737416.0,星期三,-0.0019,0.0004
2025-12-09,4487.85,4472.29,4505.55,4458.78,777856.0,星期二,-0.0026,-0.0035
2025-12-08,4475.31,4499.53,4518.68,4471.66,824478.0,星期一,0.0016,0.0054
2025-12-05,4429.74,4468.13,4476.44,4415.34,915768.0,星期五,0.0,0.0087
2025-12-04,4405.28,4429.68,4435.23,4390.26,652194.0,星期四,0.0007,0.0055
2025-12-03,4425.3,4402.15,4439.63,4394.11,794528.0,星期三,-0.0001,-0.0052
2025-12-02,4447.29,4425.7,4450.52,4411.47,621212.0,星期二,-0.0006,-0.0049
2025-12-01,4412.38,4449.75,4450.08,4402.28,838086.0,星期一,0.0034,0.0085
2025-11-28,4382.86,4397.36,4402.7,4360.86,595452.0,星期五,-0.0008,0.0033
2025-11-27,4405.28,4386.31,4440.33,4379.82,646554.0,星期四,0.001,-0.0043
2025-11-26,4367.4,4400.85,4419.6,4361.51,654584.0,星期三,0.001,0.0077
2025-11-25,4353.32,4362.98,4385.77,4341.88,670486.0,星期二,0.0077,0.0022
2025-11-24,4340.92,4320.09,4346.7,4289.91,767681.0,星期一,0.0047,-0.0048
2025-11-21,4372.73,4320.59,4385.75,4319.55,958922.0,星期五,-0.0122,-0.0119
2025-11-20,4486.54,4426.86,4487.8,4421.43,767738.0,星期四,0.0065,-0.0133
2025-11-19,4435.14,4457.76,4481.48,4435.14,764175.0,星期三,0.0004,0.0051
2025-11-18,4453.13,4433.3,4474.43,4417.18,774168.0,星期二,-0.003,-0.0045
2025-11-17,4480.22,4466.48,4490.9,4447.49,808048.0,星期一,-0.0033,-0.0031
2025-11-14,4526.9,4494.84,4551.77,4494.62,819922.0,星期五,-0.0095,-0.0071
2025-11-13,4496.16,4570.13,4572.25,4496.16,923302.0,星期四,-0.0002,0.0165
2025-11-12,4491.66,4497.05,4520.72,4473.2,920820.0,星期三,-0.0015,0.0012
2025-11-11,4552.74,4498.38,4556.93,4494.24,804576.0,星期二,0.0033,-0.0119
2025-11-10,4546.16,4537.57,4552.22,4501.45,1071660.0,星期一,0.0033,-0.0019
2025-11-07,4522.45,4531.19,4552.21,4512.22,976475.0,星期五,-0.0041,0.0019
2025-11-06,4487.19,4541.16,4546.44,4487.19,1012438.0,星期四,0.0042,0.012
2025-11-05,4395.94,4468.42,4483.65,4394.43,923182.0,星期三,-0.0133,0.0165
2025-11-04,4490.92,4455.3,4507.59,4432.33,1102828.0,星期二,-0.0011,-0.0079
2025-11-03,4487.31,4495.88,4501.51,4434.22,1051775.0,星期一,-0.0004,0.0019
2025-10-31,4550.36,4489.21,4558.59,4489.2,1199580.0,星期五,-0.0015,-0.0134
2025-10-30,4577.82,4556.98,4607.58,4552.59,1227367.0,星期四,-0.0012,-0.0046
2025-10-29,4532.28,4583.23,4583.23,4532.28,983073.0,星期三,0.001,0.0112
2025-10-28,4540.96,4527.93,4575.06,4517.12,940371.0,星期二,-0.004,-0.0029
2025-10-27,4554.07,4559.15,4567.27,4527.6,1136382.0,星期一,0.0093,0.0011
2025-10-24,4469.66,4512.27,4512.27,4469.66,856803.0,星期五,0.0044,0.0095
2025-10-23,4415.91,4450.09,4455.55,4379.69,822938.0,星期四,-0.0034,0.0077
2025-10-22,4413.97,4431.16,4442.93,4399.43,796116.0,星期三,-0.0076,0.0039
2025-10-21,4400.51,4447.93,4460.1,4389.43,926104.0,星期二,0.0056,0.0108
2025-10-20,4398.13,4376.05,4412.08,4357.6,941098.0,星期一,0.0095,-0.005
2025-10-17,4454.29,4356.54,4464.36,4351.27,1204677.0,星期五,-0.0013,-0.0219
2025-10-16,4430.97,4459.91,4491.02,4427.25,1102733.0,星期四,-0.0032,0.0065
2025-10-15,4384.03,4445.2,4447.86,4362.49,1379504.0,星期三,0.0011,0.014
2025-10-14,4489.19,4379.31,4498.84,4359.78,1908459.0,星期二,0.0099,-0.0245
2025-10-13,4342.71,4445.08,4453.74,4342.71,1523236.0,星期一,-0.0275,0.0236
2025-10-10,4546.68,4465.29,4546.68,4448.63,1389334.0,星期五,-0.0079,-0.0179
2025-10-09,4525.69,4582.77,4606.8,4522.3,1683896.0,星期四,0.0064,0.0126
2025-09-30,4474.71,4496.78,4504.1,4468.51,1110536.0,星期二,0.0031,0.0049
2025-09-29,4404.85,4460.8,4485.29,4384.63,1143024.0,星期一,0.0023,0.0127
2025-09-26,4426.83,4394.88,4448.58,4394.82,945225.0,星期五,-0.0037,-0.0072
2025-09-25,4412.85,4443.4,4465.42,4408.79,1010898.0,星期四,-0.0001,0.0069
2025-09-24,4331.32,4413.32,4415.34,4329.27,987738.0,星期三,-0.0045,0.0189
2025-09-23,4366.41,4350.8,4394.45,4290.38,1088075.0,星期二,0.0033,-0.0036
2025-09-22,4340.71,4352.26,4355.5,4315.7,875499.0,星期一,0.0036,0.0027
2025-09-19,4320.22,4324.93,4358.89,4313.36,1006936.0,星期五,0.0009,0.0011
2025-09-18,4361.82,4316.23,4394.55,4273.29,1366728.0,星期四,-0.0004,-0.0105
2025-09-17,4327.27,4363.62,4370.24,4312.46,977747.0,星期三,-0.0012,0.0084
2025-09-16,4353.19,4332.59,4364.76,4307.09,1014812.0,星期二,0.002,-0.0047
2025-09-15,4351.05,4344.31,4381.61,4335.21,1003736.0,星期一,0.0056,-0.0015
2025-09-12,4340.83,4326.99,4364.22,4322.71,1218638.0,星期五,0.0003,-0.0032
2025-09-11,4231.76,4339.56,4339.56,4215.69,1175990.0,星期四,-0.003,0.0255
2025-09-10,4230.41,4244.4,4265.35,4209.81,951019.0,星期三,-0.0014,0.0033
2025-09-09,4255.96,4236.32,4280.9,4214.48,1032574.0,星期二,-0.0052,-0.0046
2025-09-08,4274.54,4278.17,4288.68,4246.08,1221843.0,星期一,0.0031,0.0008
2025-09-05,4152.92,4261.31,4268.01,4146.61,1143270.0,星期五,-0.0004,0.0261
2025-09-04,4255.42,4154.54,4259.03,4120.93,1440293.0,星期四,-0.0001,-0.0237
2025-09-03,4281.69,4256.05,4292.88,4222.52,1170339.0,星期三,0.0025,-0.006
2025-09-02,4290.56,4270.96,4321.68,4235.42,1396432.0,星期二,-0.0003,-0.0046
2025-09-01,4283.85,4291.77,4294.91,4251.61,1414662.0,星期一,0.0046,0.0018
2025-08-29,4215.12,4264.38,4285.57,4210.97,1606023.0,星期五,-0.0044,0.0117
2025-08-28,4153.88,4233.71,4234.93,4142.39,1355716.0,星期四,-0.001,0.0192
2025-08-27,4224.85,4157.87,4262.62,4157.87,1545816.0,星期三,0.0018,-0.0159
2025-08-26,4210.71,4217.08,4237.86,4193.31,1324821.0,星期二,-0.0048,0.0015
2025-08-25,4177.74,4231.12,4234.05,4167.87,1690089.0,星期一,0.0096,0.0128
2025-08-22,4041.99,4137.88,4137.88,4041.99,1371992.0,星期五,0.0007,0.0237
2025-08-21,4027.76,4039.14,4057.26,4024.57,1297470.0,星期四,0.0033,0.0028
2025-08-20,3957.5,4014.56,4014.99,3940.09,1093678.0,星期三,-0.0031,0.0144
2025-08-19,4008.3,3969.64,4026.45,3964.36,1117325.0,星期二,0.0017,-0.0096
2025-08-18,3986.54,4001.54,4033.8,3973.95,1346367.0,星期一,0.004,0.0038
2025-08-15,3942.68,3970.69,3984.7,3937.87,1005673.0,星期五,-0.003,0.0071
2025-08-14,3952.9,3954.46,3996.47,3945.57,947483.0,星期四,0.0013,0.0004
2025-08-13,3924.6,3947.88,3956.34,3923.74,852044.0,星期三,0.0013,0.0059
2025-08-12,3902.06,3919.53,3928.21,3895.16,828901.0,星期二,-0.0001,0.0045
2025-08-11,3894.52,3902.59,3914.09,3886.3,896579.0,星期一,0.002,0.0021
2025-08-08,3887.86,3886.81,3903.4,3878.23,843372.0,星期五,-0.001,-0.0003
2025-08-07,3896.75,3891.62,3904.45,3871.72,1006557.0,星期四,0.0017,-0.0013
2025-08-06,3879.29,3890.09,3893.5,3877.0,809021.0,星期三,-0.0008,0.0028
2025-08-05,3869.05,3882.38,3887.33,3859.68,813448.0,星期二,0.0024,0.0034
2025-08-04,3830.94,3859.76,3859.76,3830.94,729672.0,星期一,-0.0034,0.0075
2025-08-01,3865.22,3844.1,3879.05,3832.67,952024.0,星期五,-0.0015,-0.0055
2025-07-31,3938.63,3871.18,3938.63,3859.26,1299311.0,星期四,-0.0027,-0.0171
2025-07-30,3949.35,3949.29,3986.35,3926.81,1228158.0,星期三,-0.0006,-0.0
2025-07-29,3930.71,3951.71,3953.98,3921.37,1102187.0,星期二,-0.0006,0.0053
2025-07-28,3930.36,3932.96,3940.93,3912.33,1061102.0,星期一,0.0005,0.0007
2025-07-25,3945.01,3928.5,3947.45,3918.22,1372791.0,星期五,-0.0016,-0.0042
2025-07-24,3915.52,3951.22,3953.01,3911.07,1471335.0,星期四,-0.0006,0.0091
2025-07-23,3927.85,3917.87,3950.39,3912.05,1319009.0,星期三,0.0031,-0.0025
2025-07-22,3875.99,3915.63,3915.64,3864.01,1203798.0,星期二,0.0007,0.0102
2025-07-21,3856.79,3873.13,3873.87,3852.51,1060075.0,星期一,0.0042,0.0042
2025-07-18,3818.27,3840.51,3845.06,3817.54,891915.0,星期五,0.002,0.0058
2025-07-17,3785.24,3810.82,3810.97,3785.24,726331.0,星期四,-0.0006,0.0068
2025-07-16,3802.7,3787.47,3809.92,3776.34,629402.0,星期三,0.0007,-0.004
2025-07-15,3803.88,3800.08,3818.58,3774.53,856483.0,星期二,0.0004,-0.001
2025-07-14,3810.29,3802.26,3818.27,3802.26,1013552.0,星期一,0.002,-0.0021
2025-07-11,3792.86,3802.84,3849.29,3792.74,1072976.0,星期五,-0.0002,0.0026
2025-07-10,3777.66,3793.67,3815.66,3776.29,897940.0,星期四,0.0015,0.0042
2025-07-09,3777.12,3772.0,3796.57,3768.44,704494.0,星期三,-0.0007,-0.0014
2025-07-08,3748.91,3779.86,3784.52,3748.91,615649.0,星期二,0.0002,0.0083
2025-07-07,3766.33,3748.03,3766.56,3740.52,519977.0,星期一,-0.0011,-0.0049
2025-07-04,3760.8,3770.32,3800.98,3748.55,567798.0,星期五,-0.0,0.0025
2025-07-03,3742.79,3760.82,3763.94,3737.2,591451.0,星期四,0.0018,0.0048
2025-07-02,3735.01,3736.25,3743.49,3720.28,618859.0,星期三,0.0005,0.0003
2025-07-01,3731.09,3733.15,3737.33,3715.71,486834.0,星期二,0.0003,0.0006
2025-06-30,3713.83,3729.87,3735.06,3707.85,567543.0,星期一,-0.0004,0.0043
2025-06-27,3739.81,3715.44,3754.05,3712.33,668926.0,星期五,0.0015,-0.0065
2025-06-26,3742.99,3734.11,3755.82,3734.01,590335.0,星期四,-0.0021,-0.0024
2025-06-25,3710.63,3750.86,3754.49,3701.75,636934.0,星期三,0.0002,0.0108
2025-06-24,3670.5,3709.85,3722.17,3670.5,607013.0,星期二,0.0012,0.0107
2025-06-23,3643.18,3665.99,3674.96,3637.5,512347.0,星期一,-0.0036,0.0063
2025-06-20,3649.27,3656.35,3666.0,3649.27,468931.0,星期五,-0.0016,0.0019
2025-06-19,3679.36,3655.16,3681.46,3648.28,530521.0,星期四,-0.001,-0.0066
2025-06-18,3684.17,3683.2,3695.05,3669.14,480175.0,星期三,0.0004,-0.0003
2025-06-17,3686.31,3682.86,3691.49,3672.28,498658.0,星期二,0.0007,-0.0009
2025-06-16,3670.39,3683.73,3686.87,3669.89,540275.0,星期一,-0.003,0.0036
2025-06-13,3691.57,3681.38,3701.04,3669.34,661445.0,星期五,-0.0032,-0.0028
2025-06-12,3699.87,3703.24,3712.64,3683.63,543984.0,星期四,-0.0022,0.0009
2025-06-11,3683.11,3707.94,3724.83,3683.11,579404.0,星期三,0.0012,0.0067
2025-06-10,3702.9,3678.67,3709.83,3667.14,561721.0,星期二,0.0007,-0.0065
2025-06-09,3699.48,3700.3,3717.2,3693.44,543095.0,星期一,0.0005,0.0002
2025-06-06,3701.45,3697.56,3711.59,3692.97,443857.0,星期五,0.0008,-0.0011
2025-06-05,3693.8,3698.59,3703.89,3682.22,487727.0,星期四,0.0008,0.0013
2025-06-04,3680.98,3690.74,3698.27,3680.98,478590.0,星期三,0.001,0.0027
2025-06-03,3666.62,3677.14,3690.74,3666.39,483919.0,星期二,-0.0005,0.0029
2025-05-30,3684.51,3668.4,3691.43,3657.48,440189.0,星期五,-0.0021,-0.0044
2025-05-29,3675.89,3692.16,3706.69,3666.02,421828.0,星期四,0.0002,0.0044
2025-05-28,3684.2,3675.06,3692.11,3673.46,355981.0,星期三,0.0012,-0.0025
2025-05-27,3700.94,3679.83,3708.81,3676.67,387823.0,星期二,-0.0009,-0.0057
2025-05-26,3723.54,3704.32,3730.2,3692.84,429591.0,星期一,-0.0021,-0.0052
2025-05-23,3758.7,3731.44,3779.09,3731.44,464001.0,星期五,-0.001,-0.0073
2025-05-22,3766.14,3762.37,3772.03,3752.11,416903.0,星期四,-0.0006,-0.001
2025-05-21,3750.96,3768.34,3782.83,3750.96,450636.0,星期三,0.0005,0.0046
2025-05-20,3732.46,3749.09,3763.02,3729.58,430795.0,星期二,0.0019,0.0045
2025-05-19,3730.09,3725.5,3732.78,3712.78,393299.0,星期一,-0.0016,-0.0012
2025-05-16,3744.48,3736.11,3749.71,3723.06,488858.0,星期五,-0.0025,-0.0022
2025-05-15,3776.61,3753.74,3777.32,3749.69,556069.0,星期四,-0.0019,-0.0061
2025-05-14,3740.28,3783.87,3799.36,3736.12,660089.0,星期三,-0.0002,0.0117
2025-05-13,3764.26,3740.93,3764.26,3733.4,619723.0,星期二,0.0072,-0.0062
2025-05-12,3715.05,3737.34,3740.8,3708.03,634453.0,星期一,0.0055,0.006
2025-05-09,3693.11,3694.6,3700.67,3685.06,476773.0,星期五,-0.0011,0.0004
2025-05-08,3665.67,3697.15,3715.6,3661.11,520724.0,星期四,-0.0028,0.0086
2025-05-07,3702.94,3675.94,3703.8,3660.26,671537.0,星期三,0.0136,-0.0073
2025-05-06,3643.33,3653.14,3654.6,3630.46,658113.0,星期二,0.0071,0.0027
2025-04-30,3622.21,3617.51,3633.15,3613.54,548332.0,星期三,0.0002,-0.0013
2025-04-29,3620.82,3621.39,3628.46,3612.4,460194.0,星期二,-0.001,0.0002
2025-04-28,3628.39,3624.51,3634.36,3614.23,504734.0,星期一,-0.0,-0.0011
2025-04-25,3632.74,3628.53,3643.96,3623.19,538084.0,星期五,0.0024,-0.0012
2025-04-24,3628.09,3624.14,3646.17,3613.75,445240.0,星期四,0.0007,-0.0011
2025-04-23,3642.65,3625.52,3646.93,3619.9,548235.0,星期三,0.0057,-0.0047
2025-04-22,3620.67,3622.0,3637.48,3617.94,533536.0,星期二,-0.0014,0.0004
2025-04-21,3609.01,3625.69,3631.49,3602.89,487976.0,星期一,-0.0008,0.0046
2025-04-18,3599.77,3611.88,3622.11,3593.61,432398.0,星期五,-0.0033,0.0034
2025-04-17,3595.99,3611.77,3618.59,3591.04,554998.0,星期四,-0.0044,0.0044
2025-04-16,3597.63,3611.99,3616.23,3561.72,680729.0,星期三,-0.0008,0.004
2025-04-15,3598.96,3600.68,3604.49,3580.11,576516.0,星期二,-0.0007,0.0005
2025-04-14,3618.19,3601.59,3619.39,3596.09,724154.0,星期一,0.0055,-0.0046
2025-04-11,3574.33,3598.27,3609.12,3551.68,768817.0,星期五,-0.0007,0.0067
2025-04-10,3590.39,3576.84,3595.82,3549.68,1044075.0,星期四,0.0174,-0.0038
2025-04-09,3456.56,3529.04,3529.91,3441.09,1200147.0,星期三,-0.0127,0.021
2025-04-08,3447.2,3500.92,3500.92,3434.64,1287597.0,星期二,0.0027,0.0156
2025-04-07,3507.36,3437.94,3540.03,3362.07,1357905.0,星期一,-0.0497,-0.0198
2025-04-03,3673.53,3690.89,3714.52,3673.53,617949.0,星期四,-0.0113,0.0047
2025-04-02,3722.08,3715.68,3734.23,3709.06,449215.0,星期三,-0.0009,-0.0017
2025-04-01,3734.84,3725.52,3742.79,3719.12,538743.0,星期二,0.0016,-0.0025
2025-03-31,3747.38,3728.92,3770.35,3714.5,637743.0,星期一,-0.0023,-0.0049
2025-03-28,3768.42,3756.09,3772.58,3746.58,508400.0,星期五,-0.0007,-0.0033
2025-03-27,3750.98,3771.11,3792.68,3743.65,521303.0,星期四,-0.0018,0.0054
2025-03-26,3772.08,3757.7,3781.71,3755.35,561484.0,星期三,-0.0003,-0.0038
2025-03-25,3780.36,3773.13,3788.52,3762.25,559635.0,星期二,0.001,-0.0019
2025-03-24,3758.6,3776.48,3780.74,3753.4,638334.0,星期一,0.0007,0.0048
2025-03-21,3810.58,3755.97,3825.61,3745.13,717660.0,星期五,-0.0024,-0.0143
2025-03-20,3860.28,3819.67,3861.37,3814.57,579239.0,星期四,0.0002,-0.0105
2025-03-19,3846.16,3859.58,3872.37,3831.3,646876.0,星期三,0.0001,0.0035
2025-03-18,3847.05,3845.82,3856.63,3835.12,622236.0,星期二,0.0045,-0.0003
2025-03-17,3859.52,3829.78,3859.84,3824.69,654060.0,星期一,0.0047,-0.0077
2025-03-14,3757.6,3841.43,3847.85,3757.13,893908.0,星期五,0.0023,0.0223
2025-03-13,3763.51,3748.91,3776.85,3735.55,685756.0,星期四,0.0,-0.0039
2025-03-12,3785.85,3763.39,3788.18,3756.94,689947.0,星期三,0.0016,-0.0059
2025-03-11,3731.83,3779.99,3779.99,3730.98,672817.0,星期二,-0.0102,0.0129
2025-03-10,3786.15,3770.14,3791.98,3745.51,716884.0,星期一,0.0009,-0.0042
2025-03-07,3783.19,3782.77,3805.71,3774.76,725675.0,星期五,-0.0032,-0.0001
2025-03-06,3759.09,3795.38,3803.29,3756.99,867145.0,星期四,0.0063,0.0097
2025-03-05,3723.46,3735.54,3739.61,3713.67,710249.0,星期三,0.0009,0.0032
2025-03-04,3706.49,3720.06,3727.9,3692.84,734088.0,星期二,-0.0059,0.0037
2025-03-03,3738.41,3728.44,3772.09,3712.34,827544.0,星期一,0.0028,-0.0027
2025-02-28,3783.53,3727.84,3807.64,3725.01,886344.0,星期五,-0.0042,-0.0147
2025-02-27,3793.14,3799.44,3806.1,3767.17,936760.0,星期四,0.0011,0.0017
2025-02-26,3768.47,3788.95,3790.26,3757.3,891030.0,星期三,0.0021,0.0054
2025-02-25,3766.34,3760.57,3792.45,3750.73,847265.0,星期二,-0.0095,-0.0015
2025-02-24,3805.8,3802.47,3829.57,3781.68,1058222.0,星期一,-0.0017,-0.0009
2025-02-21,3759.7,3812.38,3815.04,3758.3,1112012.0,星期五,0.0026,0.014
2025-02-20,3758.6,3749.82,3760.96,3735.17,831302.0,星期四,-0.0012,-0.0023
2025-02-19,3729.4,3763.2,3768.99,3729.4,893200.0,星期三,-0.0018,0.0091
2025-02-18,3762.78,3736.25,3783.71,3725.29,989053.0,星期二,-0.0003,-0.0071
2025-02-17,3775.52,3764.03,3777.37,3741.12,1027351.0,星期一,0.0034,-0.003
2025-02-14,3719.46,3762.63,3765.56,3719.46,884187.0,星期五,-0.0009,0.0116
2025-02-13,3732.5,3722.68,3756.31,3721.91,801416.0,星期四,-0.0013,-0.0026
2025-02-12,3691.26,3737.32,3739.11,3680.98,749437.0,星期三,-0.0012,0.0125
2025-02-11,3723.13,3695.6,3723.13,3687.9,747398.0,星期二,0.0022,-0.0074
2025-02-10,3709.1,3715.0,3720.48,3690.17,890869.0,星期一,0.0014,0.0016
2025-02-07,3656.23,3704.02,3727.52,3643.61,991483.0,星期五,0.0008,0.0131
2025-02-06,3598.51,3653.43,3654.15,3597.0,762344.0,星期四,-0.0017,0.0153
2025-02-05,3649.24,3604.47,3649.24,3594.56,697602.0,星期三,0.0094,-0.0123
2025-01-27,3631.55,3615.24,3646.63,3615.12,619874.0,星期一,0.0008,-0.0045
2025-01-24,3594.96,3628.49,3646.55,3594.02,646786.0,星期五,-0.0017,0.0093
2025-01-23,3629.87,3601.04,3662.68,3599.07,768213.0,星期四,0.0082,-0.0079
2025-01-22,3630.01,3600.4,3631.71,3587.59,622929.0,星期三,-0.0025,-0.0082
2025-01-21,3656.1,3639.14,3657.75,3628.72,716514.0,星期二,0.0051,-0.0046
2025-01-20,3636.08,3637.7,3661.06,3630.82,630045.0,星期一,0.0063,0.0004
2025-01-17,3590.09,3613.48,3633.2,3578.78,579945.0,星期五,-0.0033,0.0065
2025-01-16,3621.83,3602.13,3652.68,3583.33,651616.0,星期四,0.004,-0.0054
2025-01-15,3619.77,3607.3,3627.89,3601.91,600174.0,星期三,-0.0029,-0.0034
2025-01-14,3550.59,3630.47,3638.16,3540.94,726232.0,星期二,0.0013,0.0225
2025-01-13,3526.22,3545.89,3558.51,3525.52,607952.0,星期一,-0.0078,0.0056
2025-01-10,3595.8,3554.0,3602.78,3554.0,629012.0,星期五,0.0007,-0.0116
2025-01-09,3590.63,3593.18,3606.79,3579.22,579128.0,星期四,-0.0023,0.0007
2025-01-08,3590.75,3598.9,3619.97,3546.71,783317.0,星期三,-0.0041,0.0023
2025-01-07,3569.83,3605.55,3607.38,3558.22,730246.0,星期二,-0.0038,0.01
2025-01-06,3593.75,3583.49,3603.27,3559.03,665921.0,星期一,0.0012,-0.0029
2025-01-03,3630.42,3589.44,3643.77,3580.62,785065.0,星期五,0.0016,-0.0113
2025-01-02,3723.74,3624.45,3725.95,3602.37,942716.0,星期四,-0.0003,-0.0267
2024-12-31,3775.44,3724.97,3782.83,3724.97,805539.0,星期二,-0.0011,-0.0134
2024-12-30,3758.86,3779.48,3788.32,3758.86,745398.0,星期一,-0.0007,0.0055
2024-12-27,3771.6,3761.46,3786.53,3753.96,734271.0,星期五,0.0003,-0.0027
2024-12-26,3766.77,3770.3,3774.5,3749.99,654318.0,星期四,-0.0006,0.0009
2024-12-25,3771.1,3769.05,3789.65,3754.74,734082.0,星期三,0.0014,-0.0005
2024-12-24,3719.25,3765.71,3767.96,3719.25,732199.0,星期二,0.0002,0.0125
2024-12-23,3709.17,3718.63,3746.77,3709.17,903030.0,星期一,0.0006,0.0026
2024-12-20,3719.86,3706.83,3736.89,3702.58,721340.0,星期五,-0.0026,-0.0035
2024-12-19,3693.71,3729.63,3739.41,3681.04,763352.0,星期四,-0.0073,0.0097
2024-12-18,3708.86,3721.0,3732.58,3706.98,717433.0,星期三,0.003,0.0033
2024-12-17,3676.23,3697.87,3729.5,3676.23,738745.0,星期二,-0.0011,0.0059
2024-12-16,3693.12,3680.33,3702.83,3671.74,785168.0,星期一,-0.0003,-0.0035
2024-12-13,3760.27,3694.41,3760.27,3692.99,1060271.0,星期五,-0.0071,-0.0175
2024-12-12,3747.64,3787.19,3790.31,3741.42,790755.0,星期四,-0.0011,0.0106
2024-12-11,3752.89,3751.78,3767.79,3741.74,824016.0,星期三,-0.0012,-0.0003
2024-12-10,3848.97,3757.28,3852.81,3750.67,1151225.0,星期二,0.032,-0.0238
2024-12-09,3731.85,3729.75,3755.91,3712.9,798800.0,星期一,-0.0004,-0.0006
2024-12-06,3681.67,3733.23,3752.27,3681.67,793143.0,星期五,0.0007,0.014
2024-12-05,3680.58,3679.17,3694.84,3669.64,570779.0,星期四,-0.0037,-0.0004
2024-12-04,3708.81,3694.29,3715.8,3683.03,767517.0,星期三,-0.0006,-0.0039
2024-12-03,3711.05,3710.89,3720.03,3684.52,727785.0,星期二,-0.0002,-0.0
2024-12-02,3678.49,3711.95,3720.99,3670.53,835544.0,星期一,-0.001,0.0091
2024-11-29,3640.79,3682.05,3723.51,3640.79,740591.0,星期五,-0.0011,0.0113
2024-11-28,3677.45,3644.89,3679.59,3636.29,609262.0,星期四,-0.0003,-0.0089
2024-11-27,3612.74,3678.43,3678.65,3600.21,716298.0,星期三,-0.0026,0.0182
2024-11-26,3619.88,3622.33,3652.46,3617.06,605103.0,星期二,-0.0028,0.0007
2024-11-25,3663.26,3630.08,3682.35,3601.96,807090.0,星期一,0.0027,-0.0091
2024-11-22,3760.56,3653.29,3767.89,3653.29,903734.0,星期五,-0.0012,-0.0285
2024-11-21,3763.18,3764.89,3775.35,3744.12,676173.0,星期四,-0.0015,0.0005
2024-11-20,3753.97,3768.81,3783.37,3743.24,770474.0,星期三,-0.002,0.004
2024-11-19,3744.02,3761.37,3765.52,3688.56,1026227.0,星期二,0.0016,0.0046
2024-11-18,3773.64,3738.15,3815.16,3720.17,1305856.0,星期一,0.0023,-0.0094
2024-11-15,3815.07,3764.93,3837.72,3764.93,1150276.0,星期五,-0.0042,-0.0131
2024-11-14,3894.28,3830.99,3907.4,3825.66,1083141.0,星期四,-0.002,-0.0163
2024-11-13,3847.69,3901.93,3912.64,3847.69,1166739.0,星期三,-0.0069,0.0141
2024-11-12,3920.31,3874.43,3971.03,3853.59,1376432.0,星期二,0.001,-0.0117
2024-11-11,3854.67,3916.38,3918.22,3833.79,1355455.0,星期一,-0.0091,0.016
2024-11-08,3970.08,3890.19,3979.2,3881.18,1524563.0,星期五,0.0122,-0.0201
2024-11-07,3790.13,3922.28,3923.32,3785.75,1520508.0,星期四,-0.0097,0.0349
2024-11-06,3856.89,3827.29,3888.69,3804.44,1597419.0,星期三,0.0015,-0.0077
2024-11-05,3754.74,3851.27,3851.88,3745.56,1473651.0,星期二,-0.0023,0.0257
2024-11-04,3724.79,3763.56,3763.56,3716.4,1084921.0,星期一,0.0023,0.0104
2024-11-01,3703.87,3716.35,3754.31,3700.08,1568309.0,星期五,-0.0015,0.0034
2024-10-31,3715.97,3709.31,3739.92,3679.02,1416827.0,星期四,0.0001,-0.0018
2024-10-30,3727.58,3715.74,3749.85,3692.37,1126186.0,星期三,-0.0051,-0.0032
2024-10-29,3793.03,3746.81,3809.66,3744.51,957175.0,星期二,0.0016,-0.0122
2024-10-28,3780.7,3787.1,3787.7,3743.93,1009305.0,星期一,-0.0009,0.0017
2024-10-25,3755.12,3784.02,3822.18,3747.1,962510.0,星期五,0.0008,0.0077
2024-10-24,3779.67,3752.16,3783.96,3738.5,781842.0,星期四,-0.0052,-0.0073
2024-10-23,3777.39,3799.58,3835.33,3764.12,1102534.0,星期三,-0.0016,0.0059
2024-10-22,3754.03,3783.59,3789.8,3746.05,936170.0,星期二,-0.0027,0.0079
2024-10-21,3775.72,3764.01,3805.25,3727.36,1221294.0,星期一,0.0088,-0.0031
2024-10-18,3602.65,3742.87,3811.23,3595.19,1183235.0,星期五,-0.0024,0.0389
2024-10-17,3681.76,3611.21,3703.45,3610.61,819347.0,星期四,0.0053,-0.0192
2024-10-16,3651.15,3662.38,3705.25,3642.19,870883.0,星期三,-0.013,0.0031
2024-10-15,3781.89,3699.12,3805.72,3699.12,923135.0,星期二,-0.0035,-0.0219
2024-10-14,3750.54,3795.24,3813.25,3715.13,1125867.0,星期一,0.0067,0.0119
2024-10-11,3814.98,3725.7,3814.98,3686.78,1094569.0,星期五,-0.0076,-0.0234
2024-10-10,3814.0,3844.35,3938.38,3764.56,1602139.0,星期四,0.0057,0.008
2024-10-09,4007.15,3792.28,4022.2,3777.3,1997411.0,星期三,-0.0214,-0.0536
2024-10-08,4284.12,4094.76,4284.12,3934.07,2750432.0,星期二,0.1094,-0.0442
2024-09-30,3692.92,3861.49,3883.9,3647.48,2231440.0,星期一,0.0366,0.0456
2024-09-27,3480.19,3562.61,3571.57,3463.55,1162696.0,星期五,0.0216,0.0237
2024-09-26,3273.3,3406.7,3407.2,3263.7,1027708.0,星期四,0.0002,0.0408
2024-09-25,3276.83,3272.66,3337.8,3267.63,1036531.0,星期三,0.0166,-0.0013
2024-09-24,3124.35,3223.26,3223.35,3097.22,882771.0,星期二,0.0111,0.0317
2024-09-23,3084.28,3089.96,3108.99,3080.85,403616.0,星期一,0.0002,0.0018
2024-09-20,3075.89,3083.55,3090.43,3056.14,536137.0,星期五,-0.0006,0.0025
2024-09-19,3061.12,3077.61,3095.96,3034.71,561669.0,星期四,0.0009,0.0054
2024-09-18,3044.6,3058.44,3068.91,3036.61,396856.0,星期三,0.0002,0.0045
2024-09-13,3055.17,3043.92,3071.86,3043.92,402400.0,星期五,0.0003,-0.0037
2024-09-12,3071.5,3054.25,3085.52,3053.25,422930.0,星期四,0.0013,-0.0056
2024-09-11,3058.65,3067.45,3076.39,3047.63,459111.0,星期三,-0.0023,0.0029
2024-09-10,3065.59,3065.66,3075.98,3047.05,420520.0,星期二,-0.0003,0.0
2024-09-09,3086.53,3066.51,3097.17,3054.06,482961.0,星期一,-0.0056,-0.0065
2024-09-06,3135.0,3103.78,3144.43,3103.65,336316.0,星期五,0.0007,-0.01
2024-09-05,3131.43,3132.82,3144.98,3123.65,430482.0,星期四,0.0001,0.0004
2024-09-04,3133.43,3131.14,3152.59,3128.68,475943.0,星期三,-0.0064,-0.0007
2024-09-03,3135.32,3153.6,3162.58,3135.32,526252.0,星期二,-0.0012,0.0058
2024-09-02,3179.97,3139.09,3182.73,3138.31,580871.0,星期一,-0.005,-0.0129
2024-08-30,3143.2,3195.94,3224.97,3142.39,806026.0,星期五,-0.0006,0.0168
2024-08-29,3134.53,3144.96,3157.63,3133.64,561542.0,星期四,-0.0044,0.0033
2024-08-28,3161.78,3148.34,3168.53,3135.57,415061.0,星期三,-0.0018,-0.0043
2024-08-27,3174.6,3167.34,3181.41,3162.33,441673.0,星期二,-0.0028,-0.0023
2024-08-26,3190.3,3183.64,3195.95,3169.65,446428.0,星期一,0.0014,-0.0021
2024-08-23,3162.12,3185.86,3194.39,3161.35,388454.0,星期五,-0.0026,0.0075
2024-08-22,3174.06,3170.38,3179.34,3158.23,426024.0,星期四,0.0005,-0.0012
2024-08-21,3169.91,3172.46,3188.74,3154.94,389514.0,星期三,-0.0028,0.0008
2024-08-20,3201.73,3178.84,3202.47,3168.19,416396.0,星期二,0.0019,-0.0071
2024-08-19,3189.11,3195.55,3221.75,3188.73,430715.0,星期一,0.0001,0.002
2024-08-16,3184.66,3188.79,3199.21,3178.22,419208.0,星期五,0.0003,0.0013
2024-08-15,3141.95,3183.79,3197.91,3138.12,458795.0,星期四,-0.0025,0.0133
2024-08-14,3175.33,3149.7,3175.33,3149.52,315909.0,星期三,-0.0004,-0.0081
2024-08-13,3170.56,3176.63,3177.77,3153.73,358677.0,星期二,0.0004,0.0019
2024-08-12,3171.36,3169.15,3181.91,3163.45,354522.0,星期一,-0.001,-0.0007
2024-08-09,3199.25,3174.6,3210.14,3174.6,439748.0,星期五,0.0053,-0.0077
2024-08-08,3171.07,3182.32,3201.26,3158.91,409664.0,星期四,-0.0029,0.0035
2024-08-07,3180.09,3180.19,3201.45,3170.84,399643.0,星期三,-0.0012,0.0
2024-08-06,3211.62,3184.05,3220.8,3161.89,526020.0,星期二,0.0074,-0.0086
2024-08-05,3202.25,3188.0,3251.79,3188.0,643048.0,星期一,-0.0073,-0.0044
2024-08-02,3234.35,3225.81,3261.21,3222.74,508551.0,星期五,-0.0081,-0.0026
2024-08-01,3287.93,3260.85,3293.6,3259.7,578350.0,星期四,0.0005,-0.0082
2024-07-31,3207.75,3286.34,3289.3,3207.75,753128.0,星期三,-0.0023,0.0245
2024-07-30,3227.36,3215.07,3227.69,3197.87,477746.0,星期二,-0.0036,-0.0038
2024-07-29,3261.52,3239.15,3261.52,3239.15,477965.0,星期一,-0.0018,-0.0069
2024-07-26,3260.2,3267.44,3276.85,3243.66,585343.0,星期五,0.0022,0.0022
2024-07-25,3258.32,3252.89,3271.63,3238.15,614950.0,星期四,-0.0042,-0.0017
2024-07-24,3288.04,3272.11,3307.64,3261.61,608649.0,星期三,-0.002,-0.0048
2024-07-23,3366.4,3294.59,3366.4,3294.59,596979.0,星期二,-0.0015,-0.0213
2024-07-22,3392.86,3371.39,3395.45,3351.05,605292.0,星期一,-0.0004,-0.0063
2024-07-19,3355.16,3394.26,3400.05,3346.03,622641.0,星期五,-0.0071,0.0117
2024-07-18,3337.48,3379.18,3381.04,3335.0,584886.0,星期四,-0.0053,0.0125
2024-07-17,3350.92,3355.22,3367.0,3340.45,620762.0,星期三,-0.0009,0.0013
2024-07-16,3322.74,3353.79,3355.83,3317.98,571732.0,星期二,-0.0033,0.0093
2024-07-15,3326.79,3333.59,3343.07,3323.86,593492.0,星期一,-0.0035,0.002
2024-07-12,3321.81,3338.34,3345.13,3320.13,627663.0,星期五,-0.0006,0.005
2024-07-11,3302.94,3323.86,3329.21,3290.14,670480.0,星期四,0.0053,0.0063
2024-07-10,3284.43,3285.53,3307.49,3280.15,587036.0,星期三,-0.0029,0.0003
2024-07-09,3255.64,3293.87,3304.62,3244.12,602915.0,星期二,-0.0008,0.0117
2024-07-08,3276.08,3258.36,3283.38,3253.0,530185.0,星期一,-0.0034,-0.0054
2024-07-05,3297.52,3287.27,3306.17,3254.65,517715.0,星期五,-0.0007,-0.0031
2024-07-04,3318.54,3299.68,3337.09,3299.48,478442.0,星期四,0.0017,-0.0057
2024-07-03,3312.75,3312.77,3319.95,3297.79,468480.0,星期三,0.0002,0.0
2024-07-02,3311.1,3312.23,3327.42,3305.23,551020.0,星期二,-0.0022,0.0003
2024-07-01,3308.24,3318.49,3321.84,3288.67,572411.0,星期一,-0.0005,0.0031
2024-06-28,3288.71,3309.99,3330.3,3288.71,629965.0,星期五,-0.0035,0.0065
2024-06-27,3311.87,3300.26,3314.24,3297.56,531104.0,星期四,-0.0037,-0.0035
2024-06-26,3298.43,3324.23,3332.01,3289.99,473269.0,星期三,-0.0021,0.0078
2024-06-25,3317.95,3305.3,3327.74,3289.18,540695.0,星期二,-0.0009,-0.0038
2024-06-24,3307.82,3320.83,3346.31,3303.5,537284.0,星期一,-0.0067,0.0039
2024-06-21,3335.63,3330.05,3342.2,3308.83,509521.0,星期五,-0.0014,-0.0017
2024-06-20,3359.15,3340.24,3369.42,3336.64,531662.0,星期四,-0.0007,-0.0056
2024-06-19,3374.55,3361.55,3374.55,3354.72,471853.0,星期三,-0.0011,-0.0039
2024-06-18,3366.24,3378.14,3384.16,3366.05,548342.0,星期二,-0.0011,0.0035
2024-06-17,3353.38,3369.97,3377.28,3353.38,592010.0,星期一,-0.0061,0.0049
2024-06-14,3347.77,3373.87,3379.45,3335.49,668053.0,星期五,-0.0025,0.0078
2024-06-13,3384.38,3356.16,3384.41,3350.29,533562.0,星期四,0.0018,-0.0083
2024-06-12,3375.7,3378.43,3386.41,3368.33,563445.0,星期三,-0.0012,0.0008
2024-06-11,3387.23,3379.68,3399.59,3361.4,602570.0,星期二,-0.007,-0.0022
2024-06-07,3435.84,3411.14,3442.73,3390.29,597244.0,星期五,0.0001,-0.0072
2024-06-06,3439.09,3435.35,3468.55,3426.64,647515.0,星期四,0.0024,-0.0011
2024-06-05,3445.12,3430.99,3460.37,3430.76,510931.0,星期三,-0.0017,-0.0041
2024-06-04,3416.96,3450.91,3457.72,3411.88,603887.0,星期二,-0.0012,0.0099
2024-06-03,3399.89,3420.93,3432.02,3393.49,613464.0,星期一,-0.0002,0.0062
2024-05-31,3427.07,3400.58,3439.63,3400.58,511915.0,星期五,0.0016,-0.0077
2024-05-30,3437.17,3421.53,3451.06,3414.47,575183.0,星期四,-0.0011,-0.0046
2024-05-29,3430.33,3440.84,3457.62,3430.33,542226.0,星期三,0.0003,0.0031
2024-05-28,3452.81,3429.47,3458.73,3425.54,616658.0,星期二,-0.0003,-0.0068
2024-05-27,3429.06,3453.86,3456.58,3425.84,596707.0,星期一,0.0013,0.0072
2024-05-24,3451.48,3424.63,3469.27,3422.82,555668.0,星期五,-0.0034,-0.0078
2024-05-23,3490.31,3463.13,3491.12,3454.1,679223.0,星期四,-0.004,-0.0078
2024-05-22,3495.82,3504.34,3512.61,3486.28,724583.0,星期三,-0.0,0.0024
2024-05-21,3507.83,3495.89,3511.02,3485.74,615164.0,星期二,-0.0023,-0.0034
2024-05-20,3513.31,3515.86,3527.98,3501.59,899806.0,星期一,0.0017,0.0007
2024-05-17,3469.16,3507.45,3507.45,3455.3,819103.0,星期五,0.0003,0.011
2024-05-16,3468.96,3468.09,3485.18,3455.46,737787.0,星期四,0.0033,-0.0003
2024-05-15,3479.27,3457.72,3486.24,3455.41,573285.0,星期三,-0.0018,-0.0062
2024-05-14,3504.13,3485.47,3509.9,3477.44,606065.0,星期二,0.0013,-0.0053
2024-05-13,3482.95,3499.47,3508.57,3472.96,712996.0,星期一,-0.0061,0.0047
2024-05-10,3512.14,3504.45,3517.06,3482.62,691308.0,星期五,0.0019,-0.0022
2024-05-09,3471.12,3505.54,3512.08,3471.12,671147.0,星期四,0.0004,0.0099
2024-05-08,3491.76,3469.81,3491.91,3468.52,590509.0,星期三,-0.0024,-0.0063
2024-05-07,3497.71,3500.07,3508.43,3491.71,758528.0,星期二,0.0,0.0007
2024-05-06,3488.71,3497.66,3501.62,3479.55,1007398.0,星期一,0.0156,0.0026
2024-04-30,3452.42,3435.19,3464.44,3435.19,867999.0,星期二,-0.0023,-0.005
2024-04-29,3419.8,3460.45,3484.26,3416.1,943447.0,星期一,-0.0005,0.0119
2024-04-26,3365.87,3421.49,3425.88,3365.68,810207.0,星期五,-0.0006,0.0165
2024-04-25,3346.33,3368.01,3382.59,3342.78,540732.0,星期四,-0.0035,0.0065
2024-04-24,3354.48,3357.97,3362.04,3334.99,561107.0,星期三,0.0018,0.001
2024-04-23,3371.24,3348.6,3377.68,3342.26,702720.0,星期二,-0.0021,-0.0067
2024-04-22,3383.54,3378.23,3404.5,3375.4,693042.0,星期一,-0.001,-0.0016
2024-04-19,3395.48,3386.94,3407.98,3372.34,683784.0,星期五,-0.0051,-0.0025
2024-04-18,3399.48,3412.88,3444.61,3396.14,752121.0,星期四,-0.0044,0.0039
2024-04-17,3363.86,3414.67,3415.63,3355.12,759131.0,星期三,-0.0013,0.0151
2024-04-16,3382.25,3368.28,3398.57,3357.16,796566.0,星期二,-0.0044,-0.0041
2024-04-15,3323.57,3397.2,3399.23,3323.57,838402.0,星期一,-0.0008,0.0222
2024-04-12,3353.95,3326.28,3362.51,3320.15,596900.0,星期五,0.0004,-0.0082
2024-04-11,3334.76,3352.77,3368.2,3334.74,575622.0,星期四,-0.0065,0.0054
2024-04-10,3379.34,3356.53,3379.86,3342.33,613454.0,星期三,-0.0013,-0.0067
2024-04-09,3385.47,3383.71,3396.8,3370.2,654395.0,星期二,-0.0012,-0.0005
2024-04-08,3405.3,3389.7,3421.44,3389.15,764839.0,星期一,-0.0034,-0.0046
2024-04-03,3423.13,3416.82,3426.59,3407.5,703308.0,星期三,0.0001,-0.0018
2024-04-02,3431.52,3422.8,3434.06,3411.0,684021.0,星期二,-0.0006,-0.0025
2024-04-01,3389.46,3433.67,3440.1,3389.46,814802.0,星期一,0.0046,0.013
2024-03-29,3353.96,3373.86,3377.18,3353.96,543433.0,星期五,-0.0001,0.0059
2024-03-28,3329.71,3354.27,3384.04,3322.01,608298.0,星期四,-0.0008,0.0074
2024-03-27,3364.06,3332.42,3369.65,3332.42,565400.0,星期三,-0.0015,-0.0094
2024-03-26,3354.26,3368.98,3374.04,3347.88,552440.0,星期二,0.0003,0.0044
2024-03-25,3359.49,3353.15,3390.01,3351.51,619655.0,星期一,-0.0021,-0.0019
2024-03-22,3385.04,3366.44,3391.41,3342.78,647868.0,星期五,-0.003,-0.0055
2024-03-21,3408.58,3395.11,3419.06,3392.13,584773.0,星期四,0.0028,-0.004
2024-03-20,3378.43,3399.0,3403.39,3378.43,622362.0,星期三,-0.003,0.0061
2024-03-19,3404.14,3388.58,3422.33,3388.32,708165.0,星期二,-0.003,-0.0046
2024-03-18,3396.4,3414.49,3415.22,3387.14,679964.0,星期一,0.0028,0.0053
2024-03-15,3378.83,3387.08,3390.96,3350.7,622649.0,星期五,-0.0025,0.0024
2024-03-14,3400.78,3387.24,3425.03,3372.5,651949.0,星期四,0.0017,-0.004
2024-03-13,3417.72,3395.11,3417.72,3384.74,630723.0,星期三,-0.0005,-0.0066
2024-03-12,3415.46,3419.56,3427.49,3394.34,841063.0,星期二,0.0014,0.0012
2024-03-11,3363.19,3410.79,3410.79,3362.17,689246.0,星期一,0.0013,0.0142
2024-03-08,3347.83,3358.9,3363.19,3328.34,593080.0,星期五,-0.0004,0.0033
2024-03-07,3362.59,3349.3,3384.49,3340.52,703459.0,星期四,-0.0011,-0.004
2024-03-06,3367.49,3366.19,3392.06,3358.04,635080.0,星期三,-0.0028,-0.0004
2024-03-05,3336.92,3377.1,3381.92,3331.15,756743.0,星期二,-0.0048,0.012
2024-03-04,3351.42,3352.89,3364.19,3335.97,734500.0,星期一,0.0008,0.0004
2024-03-01,3326.26,3348.79,3354.43,3314.13,733074.0,星期五,-0.0001,0.0068
2024-02-29,3252.91,3326.71,3327.37,3252.91,686597.0,星期四,-0.0033,0.0227
2024-02-28,3311.28,3263.6,3331.33,3263.6,801383.0,星期三,0.0018,-0.0144
2024-02-27,3253.16,3305.22,3305.22,3250.41,594024.0,星期二,-0.0038,0.016
2024-02-26,3295.01,3265.65,3301.6,3258.12,636340.0,星期一,-0.001,-0.0089
2024-02-23,3305.64,3298.23,3314.77,3281.51,608034.0,星期五,0.0011,-0.0022
2024-02-22,3272.26,3302.14,3302.39,3271.11,591338.0,星期四,-0.0017,0.0091
2024-02-21,3219.52,3277.71,3318.18,3212.97,780527.0,星期三,-0.0058,0.0181
2024-02-20,3228.74,3238.31,3242.91,3210.96,586943.0,星期二,-0.0019,0.003
2024-02-19,3235.77,3234.86,3235.77,3204.95,797556.0,星期一,0.0089,-0.0003
2024-02-08,3189.97,3207.2,3214.82,3183.24,802662.0,星期四,0.0022,0.0054
2024-02-07,3150.16,3183.12,3183.12,3126.75,936738.0,星期三,0.0009,0.0105
2024-02-06,3028.21,3147.3,3148.48,3026.29,866600.0,星期二,-0.0047,0.0393
2024-02-05,2995.52,3042.52,3072.74,2956.95,875025.0,星期一,-0.0053,0.0157
2024-02-02,3053.4,3011.6,3063.83,2947.49,736218.0,星期五,0.0005,-0.0137
2024-02-01,3038.2,3051.96,3085.97,3028.84,614317.0,星期四,-0.0037,0.0045
2024-01-31,3062.1,3049.43,3082.25,3036.38,646406.0,星期三,-0.0031,-0.0041
2024-01-30,3109.38,3071.6,3121.82,3071.56,620784.0,星期二,-0.0057,-0.0122
2024-01-29,3164.26,3127.24,3176.89,3127.24,789067.0,星期一,0.0002,-0.0117
2024-01-26,3162.41,3163.53,3181.15,3148.2,814901.0,星期五,-0.0052,0.0004
2024-01-25,3116.09,3179.03,3180.36,3109.33,873051.0,星期四,-0.0007,0.0202
2024-01-24,3096.44,3118.13,3121.9,3039.07,655979.0,星期三,0.005,0.007
2024-01-23,3062.19,3081.17,3098.39,3045.27,550148.0,星期二,-0.0032,0.0062
2024-01-22,3105.06,3072.15,3128.05,3046.33,658553.0,星期一,-0.0023,-0.0106
2024-01-19,3098.63,3112.17,3127.96,3091.28,553252.0,星期五,-0.0041,0.0044
2024-01-18,3046.18,3111.3,3116.05,3012.45,769803.0,星期四,-0.0047,0.0214
2024-01-17,3124.06,3060.48,3124.06,3060.48,465031.0,星期三,-0.0031,-0.0204
2024-01-16,3107.51,3133.77,3133.77,3095.35,478693.0,星期二,-0.0027,0.0085
2024-01-15,3104.23,3115.94,3140.94,3096.11,398873.0,星期一,-0.0049,0.0038
2024-01-12,3119.07,3119.39,3143.71,3112.34,440818.0,星期五,-0.004,0.0001
2024-01-11,3110.59,3131.49,3146.43,3102.57,497075.0,星期四,-0.0003,0.0067
2024-01-10,3118.32,3111.37,3149.09,3105.81,440012.0,星期三,-0.0037,-0.0022
2024-01-09,3124.45,3129.95,3142.57,3112.25,500115.0,星期二,0.0003,0.0018
2024-01-08,3157.21,3123.37,3171.1,3119.6,554019.0,星期一,-0.0015,-0.0107
2024-01-05,3172.41,3162.03,3202.66,3145.81,546878.0,星期五,-0.0018,-0.0033
2024-01-04,3205.75,3178.25,3206.36,3154.6,487909.0,星期四,-0.001,-0.0086
2024-01-03,3211.59,3208.99,3224.25,3193.47,469212.0,星期三,-0.0021,-0.0008
2024-01-02,3260.23,3218.49,3260.23,3218.49,526735.0,星期二,-0.0009,-0.0128
2023-12-29,3248.01,3263.05,3268.97,3246.54,562712.0,星期五,-0.0008,0.0046
2023-12-28,3169.93,3250.63,3258.13,3165.77,675607.0,星期四,-0.0002,0.0255
2023-12-27,3161.08,3170.45,3176.52,3145.65,443699.0,星期三,0.001,0.003
2023-12-26,3175.22,3157.91,3175.22,3148.9,324414.0,星期二,-0.0006,-0.0055
2023-12-25,3164.66,3177.09,3182.33,3161.7,336148.0,星期一,-0.0022,0.0039
2023-12-22,3160.59,3171.5,3192.91,3147.98,502385.0,星期五,-0.0008,0.0035
2023-12-21,3113.47,3162.97,3171.57,3112.43,473858.0,星期四,-0.0038,0.0159
2023-12-20,3155.74,3125.42,3160.41,3125.1,403882.0,星期三,-0.0006,-0.0096
2023-12-19,3143.98,3157.55,3167.96,3132.95,355499.0,星期二,-0.0013,0.0043
2023-12-18,3147.71,3148.19,3170.21,3133.62,390881.0,星期一,-0.0043,0.0002
2023-12-15,3185.32,3161.26,3208.31,3159.13,457661.0,星期五,0.0052,-0.0076
2023-12-14,3203.82,3168.9,3215.48,3167.24,373774.0,星期四,0.0063,-0.0109
2023-12-13,3231.12,3183.78,3231.12,3183.57,414191.0,星期三,-0.0029,-0.0147
2023-12-12,3225.72,3240.41,3241.41,3221.69,458680.0,星期二,-0.0028,0.0046
2023-12-11,3191.33,3234.69,3242.55,3165.4,609352.0,星期一,-0.0068,0.0136
2023-12-08,3203.91,3213.02,3221.64,3194.99,543039.0,星期五,0.0005,0.0028
2023-12-07,3206.65,3202.4,3217.08,3181.64,414676.0,星期四,-0.002,-0.0013
2023-12-06,3197.1,3213.23,3234.13,3193.04,481136.0,星期三,-0.0021,0.005
2023-12-05,3258.67,3203.72,3258.67,3203.27,442204.0,星期二,-0.0033,-0.0169
2023-12-04,3291.85,3269.39,3296.49,3268.38,427650.0,星期一,-0.0008,-0.0068
2023-12-01,3309.48,3294.34,3309.48,3261.96,469358.0,星期五,-0.0006,-0.0046
2023-11-30,3302.5,3311.36,3322.39,3298.4,398682.0,星期四,-0.0011,0.0027
2023-11-29,3335.53,3306.3,3337.12,3300.41,392484.0,星期三,0.0002,-0.0088
2023-11-28,3323.86,3334.76,3335.8,3315.16,346728.0,星期二,-0.0007,0.0033
2023-11-27,3350.62,3326.22,3350.62,3308.65,413727.0,星期一,-0.0016,-0.0073
2023-11-24,3381.41,3355.88,3381.41,3352.26,340067.0,星期五,0.0001,-0.0076
2023-11-23,3360.76,3381.17,3381.99,3347.63,335422.0,星期四,-0.001,0.0061
2023-11-22,3391.03,3364.24,3395.21,3364.24,384737.0,星期三,-0.0034,-0.0079
2023-11-21,3409.11,3402.57,3434.83,3397.64,461859.0,星期二,0.0041,-0.0019
2023-11-20,3390.29,3395.28,3407.83,3365.97,382568.0,星期一,0.0005,0.0015
2023-11-17,3384.22,3388.53,3394.85,3367.35,370155.0,星期五,-0.0037,0.0013
2023-11-16,3427.77,3396.81,3429.64,3395.21,369259.0,星期四,-0.0017,-0.009
2023-11-15,3442.02,3433.67,3445.33,3422.72,450895.0,星期三,0.0107,-0.0024
2023-11-14,3412.27,3405.52,3428.0,3393.4,396697.0,星期二,0.0007,-0.002
2023-11-13,3426.17,3410.03,3433.18,3394.28,421959.0,星期一,0.0022,-0.0047
2023-11-10,3427.21,3418.5,3430.12,3409.09,396599.0,星期五,-0.0053,-0.0025
2023-11-09,3438.83,3445.56,3459.81,3436.47,467252.0,星期四,-0.0029,0.002
2023-11-08,3444.06,3448.8,3463.94,3430.97,486215.0,星期三,-0.0029,0.0014
2023-11-07,3465.46,3453.96,3465.46,3441.91,486609.0,星期二,-0.0024,-0.0033
2023-11-06,3444.36,3473.81,3477.71,3443.78,733522.0,星期一,0.006,0.0086
2023-11-03,3397.09,3423.78,3433.34,3396.47,457040.0,星期五,0.0015,0.0079
2023-11-02,3417.65,3392.14,3435.01,3391.85,411786.0,星期四,0.0034,-0.0075
2023-11-01,3443.31,3406.12,3444.28,3398.89,461785.0,星期三,0.0106,-0.0108
2023-10-31,3418.6,3407.3,3418.6,3390.28,503229.0,星期二,-0.002,-0.0033
2023-10-30,3386.49,3425.29,3434.38,3385.96,659431.0,星期一,-0.0022,0.0115
2023-10-27,3329.79,3394.1,3409.01,3324.16,535151.0,星期五,-0.004,0.0193
2023-10-26,3318.48,3343.3,3344.78,3307.81,476828.0,星期四,-0.0056,0.0075
2023-10-25,3362.22,3337.23,3369.9,3334.96,618437.0,星期三,0.011,-0.0074
2023-10-24,3328.18,3325.59,3336.83,3295.19,509475.0,星期二,0.0026,-0.0008
2023-10-23,3344.49,3319.51,3347.84,3294.69,439152.0,星期一,-0.0021,-0.0075
2023-10-20,3357.28,3351.49,3376.12,3341.69,448251.0,星期五,-0.0047,-0.0017
2023-10-19,3429.55,3373.14,3430.02,3371.47,466639.0,星期四,-0.0067,-0.0164
2023-10-18,3471.12,3452.58,3471.12,3450.53,408686.0,星期三,-0.0015,-0.0053
2023-10-17,3476.58,3476.25,3482.58,3459.32,391082.0,星期二,0.0031,-0.0001
2023-10-16,3507.77,3465.8,3507.77,3455.24,412800.0,星期一,0.0003,-0.012
2023-10-13,3522.39,3506.6,3522.39,3494.96,403279.0,星期五,-0.0072,-0.0045
2023-10-12,3544.33,3547.94,3558.84,3529.02,463746.0,星期四,0.0084,0.001
2023-10-11,3518.01,3514.66,3536.36,3505.22,443570.0,星期三,0.0055,-0.001
2023-10-10,3534.97,3498.61,3540.2,3497.86,433219.0,星期二,0.0032,-0.0103
2023-10-09,3517.09,3523.68,3532.55,3480.68,451270.0,星期一,-0.0031,0.0019
2023-09-28,3555.17,3527.9,3558.79,3523.71,376794.0,星期四,0.0033,-0.0077
2023-09-27,3534.25,3543.32,3573.65,3533.46,397370.0,星期三,0.0004,0.0026
2023-09-26,3555.55,3532.88,3567.51,3532.06,350130.0,星期二,-0.0015,-0.0064
2023-09-25,3588.02,3560.99,3588.02,3557.2,379241.0,星期一,0.0001,-0.0075
2023-09-22,3516.52,3587.69,3588.34,3506.64,499036.0,星期五,0.0006,0.0202
2023-09-21,3540.82,3514.55,3551.12,3514.55,361457.0,星期四,-0.0024,-0.0074
2023-09-20,3561.17,3549.48,3562.34,3547.61,318072.0,星期三,-0.0013,-0.0033
2023-09-19,3570.25,3565.76,3570.25,3547.58,340813.0,星期二,-0.0012,-0.0013
2023-09-18,3541.77,3574.56,3586.22,3536.37,388454.0,星期一,-0.0027,0.0093
2023-09-15,3583.67,3551.4,3591.79,3542.11,489431.0,星期五,0.0019,-0.009
2023-09-14,3581.93,3576.89,3594.12,3561.46,419681.0,星期四,-0.0,-0.0014
2023-09-13,3603.53,3581.95,3613.95,3564.76,378090.0,星期三,-0.0004,-0.006
2023-09-12,3607.64,3604.95,3617.62,3597.03,346236.0,星期二,-0.0007,-0.0007
2023-09-11,3589.19,3610.27,3632.26,3583.27,425204.0,星期一,0.0002,0.0059
2023-09-08,3605.09,3588.6,3610.38,3575.95,306286.0,星期五,-0.003,-0.0046
2023-09-07,3661.91,3615.8,3661.91,3614.59,418183.0,星期四,-0.0028,-0.0126
2023-09-06,3671.93,3672.11,3678.36,3651.98,403513.0,星期三,-0.0031,0.0
2023-09-05,3699.02,3683.2,3699.54,3677.5,441514.0,星期二,-0.0024,-0.0043
2023-09-04,3675.06,3707.81,3713.92,3664.73,645094.0,星期一,0.0069,0.0089
2023-09-01,3639.01,3649.71,3667.99,3637.51,453448.0,星期五,0.0037,0.0029
2023-08-31,3644.96,3625.64,3651.13,3620.7,479903.0,星期四,0.0002,-0.0053
2023-08-30,3653.15,3644.19,3666.71,3634.41,581510.0,星期三,0.0047,-0.0025
2023-08-29,3587.65,3636.08,3658.25,3586.99,631543.0,星期二,-0.002,0.0135
2023-08-28,3737.15,3594.87,3737.15,3582.39,819918.0,星期一,0.0546,-0.0381
2023-08-25,3537.21,3543.78,3568.99,3529.8,474604.0,星期五,-0.005,0.0019
2023-08-24,3538.09,3554.94,3579.14,3531.56,529882.0,星期四,0.0045,0.0048
2023-08-23,3578.92,3522.38,3582.75,3520.74,448843.0,星期三,-0.0015,-0.0158
2023-08-22,3580.04,3584.39,3598.48,3535.24,587762.0,星期二,0.0051,0.0012
2023-08-21,3595.88,3561.97,3611.78,3561.97,406607.0,星期一,-0.0035,-0.0094
2023-08-18,3655.98,3608.53,3664.45,3608.53,382499.0,星期五,-0.0003,-0.013
2023-08-17,3626.68,3657.07,3662.15,3606.28,381271.0,星期四,-0.0044,0.0084
2023-08-16,3658.34,3642.67,3673.55,3642.03,400769.0,星期三,-0.0041,-0.0043
2023-08-15,3689.04,3673.52,3695.12,3640.94,423668.0,星期二,0.0003,-0.0042
2023-08-14,3673.13,3687.75,3690.86,3646.99,504203.0,星期一,-0.0114,0.004
2023-08-11,3807.18,3715.5,3807.18,3715.5,535093.0,星期五,0.0011,-0.0241
2023-08-10,3794.51,3802.85,3806.62,3773.74,380728.0,星期四,-0.0013,0.0022
2023-08-09,3796.96,3799.3,3813.86,3794.15,383965.0,星期三,-0.0029,0.0006
2023-08-08,3809.49,3808.11,3829.49,3792.48,427108.0,星期二,-0.0018,-0.0004
2023-08-07,3831.02,3816.26,3831.02,3803.29,519620.0,星期一,-0.004,-0.0039
2023-08-04,3861.27,3846.54,3881.39,3837.91,713192.0,星期五,0.0074,-0.0038
2023-08-03,3793.02,3833.04,3833.39,3792.88,500737.0,星期四,-0.0027,0.0106
2023-08-02,3818.91,3803.13,3838.23,3792.1,501203.0,星期三,-0.0027,-0.0041
2023-08-01,3840.07,3829.38,3859.62,3815.45,597454.0,星期二,-0.0009,-0.0028
2023-07-31,3852.09,3843.6,3891.11,3831.51,782000.0,星期一,0.0072,-0.0022
2023-07-28,3730.03,3824.68,3832.62,3727.09,717893.0,星期五,-0.0031,0.0254
2023-07-27,3756.58,3741.81,3772.03,3734.44,467811.0,星期四,0.002,-0.0039
2023-07-26,3748.91,3749.01,3752.71,3735.61,474225.0,星期三,-0.0019,0.0
2023-07-25,3706.18,3755.99,3755.99,3706.18,707999.0,星期二,0.0162,0.0134
2023-07-24,3647.66,3647.18,3672.45,3641.51,339849.0,星期一,-0.0058,-0.0001
2023-07-21,3666.61,3669.03,3696.75,3655.82,392437.0,星期五,-0.0019,0.0007
2023-07-20,3702.13,3673.55,3723.72,3668.74,430791.0,星期四,0.002,-0.0077
2023-07-19,3691.86,3694.75,3704.41,3675.62,361820.0,星期三,-0.0015,0.0008
2023-07-18,3715.44,3697.34,3715.44,3686.28,399021.0,星期二,0.0016,-0.0049
2023-07-17,3726.36,3709.61,3726.36,3695.13,484068.0,星期一,-0.0043,-0.0045
2023-07-14,3748.36,3742.27,3753.82,3736.49,613077.0,星期五,0.0024,-0.0016
2023-07-13,3702.77,3739.31,3741.36,3702.77,561101.0,星期四,0.003,0.0099
2023-07-12,3707.3,3691.81,3720.25,3686.08,520896.0,星期三,-0.0008,-0.0042
2023-07-11,3697.25,3710.27,3712.42,3686.44,408480.0,星期二,0.003,0.0035
2023-07-10,3677.36,3686.1,3707.81,3674.71,470594.0,星期一,0.0046,0.0024
2023-07-07,3671.51,3660.65,3679.44,3654.36,519097.0,星期五,-0.0032,-0.003
2023-07-06,3700.97,3683.27,3719.47,3677.55,495083.0,星期四,-0.003,-0.0048
2023-07-05,3732.87,3712.29,3739.71,3707.38,483020.0,星期三,-0.001,-0.0055
2023-07-04,3728.35,3736.68,3738.46,3719.27,492254.0,星期二,-0.001,0.0022
2023-07-03,3702.25,3731.95,3739.49,3701.08,609828.0,星期一,0.0038,0.008
2023-06-30,3667.1,3688.14,3708.07,3661.73,468637.0,星期五,-0.0023,0.0057
2023-06-29,3694.8,3675.46,3699.39,3670.17,446320.0,星期四,-0.0006,-0.0052
2023-06-28,3693.14,3696.92,3702.78,3664.76,482983.0,星期三,-0.0023,0.001
2023-06-27,3669.7,3701.67,3710.13,3665.56,536447.0,星期二,0.0006,0.0087
2023-06-26,3679.2,3667.43,3696.85,3655.54,584009.0,星期一,-0.0081,-0.0032
2023-06-21,3752.58,3709.22,3765.62,3709.22,532960.0,星期三,-0.0036,-0.0116
2023-06-20,3762.85,3765.98,3779.09,3759.86,520927.0,星期二,-0.0009,0.0008
2023-06-19,3800.72,3766.25,3800.72,3759.1,576042.0,星期一,-0.0013,-0.0091
2023-06-16,3772.79,3805.52,3810.09,3769.6,597835.0,星期五,0.0018,0.0087
2023-06-15,3702.35,3766.04,3766.04,3702.09,567783.0,星期四,0.0023,0.0172
2023-06-14,3704.49,3693.72,3719.63,3691.22,533231.0,星期三,0.0028,-0.0029
2023-06-13,3667.21,3694.15,3697.71,3660.37,491608.0,星期二,-0.0018,0.0073
2023-06-12,3657.24,3673.86,3689.2,3645.07,551510.0,星期一,-0.0029,0.0045
2023-06-09,3657.74,3667.93,3668.18,3642.27,625470.0,星期五,0.0008,0.0028
2023-06-08,3630.71,3654.96,3670.12,3617.64,488981.0,星期四,0.0013,0.0067
2023-06-07,3659.31,3626.07,3665.94,3618.3,421859.0,星期三,0.0027,-0.0091
2023-06-06,3676.19,3649.31,3703.2,3644.71,540850.0,星期二,-0.001,-0.0073
2023-06-05,3697.95,3679.96,3697.99,3669.16,462883.0,星期一,-0.0007,-0.0049
2023-06-02,3651.4,3700.65,3704.0,3651.4,546431.0,星期五,0.0047,0.0135
2023-06-01,3607.96,3634.33,3659.93,3607.24,562678.0,星期四,-0.0026,0.0073
2023-05-31,3653.34,3617.3,3653.54,3602.66,564569.0,星期三,-0.0034,-0.0099
2023-05-30,3651.1,3665.87,3671.77,3615.87,623897.0,星期二,-0.0014,0.004
2023-05-29,3691.52,3656.39,3694.98,3642.08,565054.0,星期一,0.0037,-0.0095
2023-05-26,3686.55,3678.06,3686.55,3645.48,410792.0,星期五,-0.0007,-0.0023
2023-05-25,3696.63,3689.27,3706.57,3659.85,544592.0,星期四,-0.0026,-0.002
2023-05-24,3747.81,3706.09,3748.37,3706.09,550972.0,星期三,-0.0018,-0.0111
2023-05-23,3806.32,3754.71,3810.12,3754.71,486901.0,星期二,0.0003,-0.0136
2023-05-22,3774.03,3805.23,3818.76,3770.33,425637.0,星期一,-0.0005,0.0083
2023-05-19,3772.22,3776.05,3797.74,3756.48,458929.0,星期五,-0.0033,0.001
2023-05-18,3805.99,3784.59,3814.16,3769.7,513146.0,星期四,0.0017,-0.0056
2023-05-17,3812.9,3799.5,3821.1,3786.88,483628.0,星期三,-0.0015,-0.0035
2023-05-16,3841.66,3818.48,3841.66,3806.75,502913.0,星期二,0.0013,-0.006
2023-05-15,3778.71,3836.51,3836.51,3767.33,683729.0,星期一,0.0006,0.0153
2023-05-12,3829.69,3776.55,3838.56,3776.48,609977.0,星期五,-0.0003,-0.0139
2023-05-11,3841.12,3830.72,3849.33,3829.41,538560.0,星期四,0.0018,-0.0027
2023-05-10,3833.6,3834.19,3849.69,3818.93,721362.0,星期三,-0.002,0.0002
2023-05-09,3878.42,3841.34,3898.22,3839.7,959803.0,星期二,-0.0006,-0.0096
2023-05-08,3863.33,3880.58,3884.79,3845.57,912955.0,星期一,0.0035,0.0045
2023-05-05,3874.41,3849.67,3876.53,3826.5,776850.0,星期五,0.0006,-0.0064
2023-05-04,3869.31,3872.06,3882.19,3852.78,879639.0,星期四,-0.0043,0.0007
2023-04-28,3857.31,3886.03,3886.58,3857.31,687144.0,星期五,0.0016,0.0074
2023-04-27,3807.97,3850.99,3862.1,3803.35,635985.0,星期四,-0.0028,0.0113
2023-04-26,3795.53,3818.71,3834.2,3785.32,687997.0,星期三,-0.0034,0.0061
2023-04-25,3843.76,3808.31,3847.21,3775.41,748688.0,星期二,0.0004,-0.0092
2023-04-24,3891.71,3842.19,3893.99,3827.05,775407.0,星期一,-0.0004,-0.0127
2023-04-21,3973.98,3893.29,3973.98,3891.57,814922.0,星期五,0.001,-0.0203
2023-04-20,3989.12,3969.97,3989.88,3951.67,760415.0,星期四,-0.0007,-0.0048
2023-04-19,4028.59,3991.92,4028.59,3986.43,773612.0,星期三,-0.0001,-0.0091
2023-04-18,4008.19,4029.11,4041.16,4007.14,748685.0,星期二,-0.003,0.0052
2023-04-17,3963.18,4020.34,4020.34,3960.15,824135.0,星期一,-0.001,0.0144
2023-04-14,3949.85,3967.22,3976.42,3948.06,679519.0,星期五,0.0026,0.0044
2023-04-13,3955.43,3939.53,3959.19,3929.51,704066.0,星期四,-0.0044,-0.004
2023-04-12,3974.72,3972.82,3983.42,3964.79,827034.0,星期三,0.0005,-0.0005
2023-04-11,3979.15,3972.8,3988.69,3956.3,731601.0,星期二,0.0009,-0.0016
2023-04-10,3993.57,3975.47,3994.64,3965.53,740544.0,星期一,0.0028,-0.0045
2023-04-07,3948.57,3982.61,3990.9,3947.59,623321.0,星期五,0.0007,0.0086
2023-04-06,3928.32,3945.89,3947.73,3922.08,736653.0,星期四,-0.0057,0.0045
2023-04-04,3949.58,3951.03,3952.0,3928.02,957569.0,星期二,-0.0002,0.0004
2023-04-03,3926.91,3950.52,3954.47,3918.03,895053.0,星期一,0.0025,0.006
2023-03-31,3914.93,3917.21,3929.61,3906.33,653441.0,星期五,0.0026,0.0006
2023-03-30,3874.31,3904.62,3905.85,3851.19,718698.0,星期四,0.0007,0.0078
2023-03-29,3880.47,3871.62,3885.7,3862.71,605330.0,星期三,0.0042,-0.0023
2023-03-28,3887.28,3864.11,3893.83,3859.36,643429.0,星期二,0.001,-0.006
2023-03-27,3890.53,3883.28,3890.53,3858.49,811337.0,星期一,-0.0012,-0.0019
2023-03-24,3906.05,3895.14,3906.05,3884.6,777233.0,星期五,-0.0008,-0.0028
2023-03-23,3862.23,3909.31,3909.31,3859.73,773669.0,星期四,-0.0038,0.0122
2023-03-22,3871.8,3877.01,3893.62,3862.48,732714.0,星期三,0.0035,0.0013
2023-03-21,3818.06,3858.4,3858.8,3817.41,645399.0,星期二,0.0023,0.0106
2023-03-20,3835.46,3809.46,3852.0,3804.56,932104.0,星期一,0.0009,-0.0068
2023-03-17,3845.89,3832.12,3878.62,3817.62,858322.0,星期五,0.0092,-0.0036
2023-03-16,3833.23,3810.97,3854.11,3808.02,695370.0,星期四,-0.0087,-0.0058
2023-03-15,3892.44,3866.77,3901.11,3866.54,671827.0,星期三,0.0073,-0.0066
2023-03-14,3877.33,3864.4,3882.35,3824.74,757124.0,星期二,-0.0022,-0.0033
2023-03-13,3840.9,3885.94,3887.51,3840.9,745904.0,星期一,-0.0014,0.0117
2023-03-10,3865.25,3846.18,3880.11,3845.16,606378.0,星期五,-0.0073,-0.0049
2023-03-09,3904.46,3893.79,3915.25,3871.85,583187.0,星期四,0.0003,-0.0027
2023-03-08,3902.45,3903.37,3910.32,3880.19,565431.0,星期三,-0.0051,0.0002
2023-03-07,3976.1,3922.5,3998.92,3919.38,925028.0,星期二,-0.0018,-0.0135
2023-03-06,4004.08,3983.1,4005.87,3954.08,756953.0,星期一,0.0002,-0.0052
2023-03-03,4003.23,4003.18,4011.38,3975.56,740930.0,星期五,0.0023,-0.0
2023-03-02,3997.66,3994.06,4016.88,3989.33,734620.0,星期四,-0.002,-0.0009
2023-03-01,3942.54,4005.8,4017.32,3936.05,781885.0,星期三,-0.0003,0.016
2023-02-28,3931.9,3943.69,3949.39,3898.76,582292.0,星期二,0.0041,0.003
2023-02-27,3915.83,3915.94,3940.77,3908.45,463267.0,星期一,-0.0059,0.0
2023-02-24,3981.45,3939.09,3983.66,3926.65,507537.0,星期五,-0.0012,-0.0106
2023-02-23,3989.04,3986.2,4014.68,3970.3,515004.0,星期四,-0.0,-0.0007
2023-02-22,4007.25,3989.2,4018.53,3984.13,547617.0,星期三,-0.0071,-0.0045
2023-02-21,4018.19,4035.85,4045.61,4006.7,770372.0,星期二,-0.0007,0.0044
2023-02-20,3921.11,4020.97,4022.41,3918.1,832009.0,星期一,0.0003,0.0255
2023-02-17,3978.31,3919.84,3994.06,3918.19,578850.0,星期五,-0.0019,-0.0147
2023-02-16,4013.95,3985.73,4057.62,3959.52,800029.0,星期四,0.0008,-0.007
2023-02-15,4035.04,4010.71,4044.48,4003.05,654804.0,星期三,0.0003,-0.006
2023-02-14,4044.03,4033.77,4045.15,4012.44,461310.0,星期二,0.0025,-0.0025
2023-02-13,3988.74,4034.05,4036.53,3982.38,546009.0,星期一,-0.0018,0.0114
2023-02-10,4017.21,3995.78,4019.32,3982.4,421697.0,星期五,-0.002,-0.0053
2023-02-09,3964.61,4025.42,4025.42,3961.04,467519.0,星期四,-0.0029,0.0153
2023-02-08,3997.47,3976.06,4011.43,3971.46,430246.0,星期三,0.0016,-0.0054
2023-02-07,3998.94,3991.26,4006.95,3975.6,441752.0,星期二,0.0028,-0.0019
2023-02-06,4003.51,3987.9,4004.46,3960.44,586910.0,星期一,-0.01,-0.0039
2023-02-03,4067.09,4044.15,4067.09,4004.44,588626.0,星期五,-0.0051,-0.0056
2023-02-02,4112.21,4087.77,4112.38,4077.3,627148.0,星期四,0.0023,-0.0059
2023-02-01,4079.18,4102.91,4102.91,4047.45,720660.0,星期三,0.0041,0.0058
2023-01-31,4101.09,4062.44,4114.77,4057.74,644731.0,星期二,0.0001,-0.0094
2023-01-30,4175.02,4100.82,4175.02,4096.39,872268.0,星期一,0.0234,-0.0178
2023-01-20,4059.52,4079.36,4089.91,4056.55,701991.0,星期五,0.0031,0.0049
2023-01-19,4013.94,4046.89,4046.89,3994.27,487751.0,星期四,-0.0011,0.0082
2023-01-18,4029.37,4018.32,4038.43,4012.76,406071.0,星期三,0.0012,-0.0027
2023-01-17,4024.9,4024.7,4036.71,4007.56,447822.0,星期二,0.0001,-0.0
2023-01-16,3960.46,4024.63,4062.67,3958.69,653928.0,星期一,0.0001,0.0162
2023-01-13,3924.52,3959.89,3959.89,3917.85,442500.0,星期五,0.0051,0.009
2023-01-12,3908.56,3904.64,3924.2,3892.97,455901.0,星期四,0.0036,-0.001
2023-01-11,3903.07,3894.52,3929.73,3892.64,486712.0,星期三,0.0013,-0.0022
2023-01-10,3891.8,3898.05,3911.89,3879.53,449680.0,星期二,0.0004,0.0016
2023-01-09,3879.27,3890.1,3901.73,3870.85,567243.0,星期一,0.0051,0.0028
2023-01-06,3845.2,3859.63,3883.13,3844.01,580846.0,星期五,0.0001,0.0038
2023-01-05,3783.12,3844.84,3849.82,3782.02,589052.0,星期四,0.0061,0.0163
2023-01-04,3757.81,3760.33,3775.96,3740.24,527102.0,星期三,-0.0003,0.0007
2023-01-03,3728.94,3759.04,3766.56,3697.21,536545.0,星期二,-0.0016,0.0081
2022-12-30,3744.87,3735.1,3760.0,3735.1,354685.0,星期五,0.005,-0.0026
2022-12-29,3721.41,3726.38,3738.31,3707.11,384502.0,星期四,-0.005,0.0013
2022-12-28,3743.92,3740.21,3751.45,3718.76,387129.0,星期三,-0.0037,-0.001
2022-12-27,3735.66,3757.82,3762.11,3729.81,351716.0,星期二,0.0041,0.0059
2022-12-26,3707.84,3720.57,3734.03,3705.62,345623.0,星期一,0.0005,0.0034
2022-12-23,3688.32,3706.02,3725.92,3679.33,329626.0,星期五,-0.0065,0.0048
2022-12-22,3740.11,3712.53,3757.06,3698.13,414842.0,星期四,0.0084,-0.0074
2022-12-21,3715.02,3708.8,3731.22,3700.11,312953.0,星期三,0.0022,-0.0017
2022-12-20,3759.05,3706.91,3759.05,3688.42,388969.0,星期二,-0.0037,-0.0139
2022-12-19,3824.74,3773.02,3840.49,3757.27,512225.0,星期一,-0.0003,-0.0135
2022-12-16,3806.16,3825.82,3831.69,3800.97,426187.0,星期五,-0.0056,0.0052
2022-12-15,3822.13,3827.64,3833.74,3795.94,439056.0,星期四,0.0004,0.0014
2022-12-14,3823.67,3820.72,3838.15,3804.46,491629.0,星期三,0.0016,-0.0008
2022-12-13,3833.59,3817.48,3838.18,3812.81,476057.0,星期二,0.0002,-0.0042
2022-12-12,3847.59,3832.71,3862.93,3829.54,588591.0,星期一,-0.0062,-0.0039
2022-12-09,3831.09,3871.54,3876.24,3817.59,728915.0,星期五,0.0012,0.0106
2022-12-08,3820.97,3826.49,3839.82,3808.11,517184.0,星期四,-0.0014,0.0014
2022-12-07,3818.24,3826.32,3866.96,3812.73,675224.0,星期三,-0.003,0.0021
2022-12-06,3790.66,3829.92,3845.95,3784.85,727493.0,星期二,-0.0046,0.0104
2022-12-05,3773.71,3808.11,3809.07,3763.79,987343.0,星期一,0.0088,0.0091
2022-12-02,3756.96,3740.76,3769.39,3737.26,557530.0,星期五,-0.0023,-0.0043
2022-12-01,3789.19,3765.51,3811.83,3764.41,830696.0,星期四,0.0191,-0.0062
2022-11-30,3700.68,3718.28,3729.55,3697.53,711033.0,星期三,-0.0035,0.0048
2022-11-29,3636.46,3713.57,3721.41,3634.26,753529.0,星期二,0.0111,0.0212
2022-11-28,3567.93,3596.58,3600.75,3535.03,587578.0,星期一,-0.0212,0.008
2022-11-25,3621.59,3645.08,3660.85,3613.44,671014.0,星期五,-0.0015,0.0065
2022-11-24,3664.14,3627.13,3677.27,3621.53,437718.0,星期四,0.0057,-0.0101
2022-11-23,3629.09,3643.46,3663.11,3622.21,617570.0,星期三,-0.0034,0.004
2022-11-22,3643.14,3641.45,3683.67,3624.96,630182.0,星期二,-0.0008,-0.0005
2022-11-21,3645.83,3646.22,3647.91,3610.5,470034.0,星期一,-0.0089,0.0001
2022-11-18,3697.2,3678.47,3717.05,3678.43,563262.0,星期五,0.002,-0.0051
2022-11-17,3701.9,3689.95,3701.9,3648.49,539894.0,星期四,-0.0029,-0.0032
2022-11-16,3740.05,3712.8,3753.56,3707.79,598351.0,星期三,-0.0008,-0.0073
2022-11-15,3664.8,3743.18,3746.8,3646.69,739074.0,星期二,-0.0009,0.0214
2022-11-14,3697.68,3667.92,3726.9,3655.26,837536.0,星期一,0.0103,-0.008
2022-11-11,3657.45,3660.15,3699.91,3616.77,1006847.0,星期五,0.0307,0.0007
2022-11-10,3554.81,3548.63,3565.99,3527.41,567751.0,星期四,-0.0091,-0.0017
2022-11-09,3629.28,3587.58,3638.66,3583.93,458383.0,星期三,0.0004,-0.0115
2022-11-08,3651.19,3627.88,3660.05,3599.87,515111.0,星期二,0.0,-0.0064
2022-11-07,3628.09,3651.15,3671.42,3622.29,699865.0,星期一,-0.0028,0.0064
2022-11-04,3514.67,3638.34,3653.36,3514.67,752981.0,星期五,-0.0001,0.0352
2022-11-03,3517.48,3515.02,3543.58,3495.51,587663.0,星期四,-0.009,-0.0007
2022-11-02,3495.25,3549.45,3573.6,3483.15,691775.0,星期三,-0.0033,0.0155
2022-11-01,3387.41,3506.67,3506.67,3381.9,727397.0,星期二,0.0037,0.0352
2022-10-31,3366.98,3374.87,3422.42,3362.74,685830.0,星期一,-0.0116,0.0023
2022-10-28,3481.88,3406.49,3492.14,3398.54,559826.0,星期五,-0.0077,-0.0217
2022-10-27,3548.84,3509.07,3567.53,3506.81,556046.0,星期四,0.0043,-0.0112
2022-10-26,3514.66,3533.72,3581.65,3512.82,585382.0,星期三,0.0021,0.0054
2022-10-25,3506.19,3507.46,3553.47,3476.36,510077.0,星期二,-0.0032,0.0004
2022-10-24,3609.88,3517.33,3646.53,3502.9,599452.0,星期一,-0.0059,-0.0256
2022-10-21,3640.72,3631.41,3657.62,3611.1,414091.0,星期五,-0.0016,-0.0026
2022-10-20,3640.82,3646.72,3696.9,3617.26,417471.0,星期四,-0.0096,0.0016
2022-10-19,3728.68,3676.01,3744.21,3676.01,406202.0,星期三,-0.0026,-0.0141
2022-10-18,3769.96,3738.58,3772.41,3731.9,422080.0,星期二,0.0059,-0.0083
2022-10-17,3720.89,3747.89,3751.27,3706.72,547126.0,星期一,-0.006,0.0073
2022-10-14,3679.09,3743.41,3765.69,3674.36,604374.0,星期五,0.0096,0.0175
2022-10-13,3654.82,3644.12,3676.5,3639.3,513148.0,星期四,-0.0086,-0.0029
2022-10-12,3625.66,3686.58,3686.64,3560.66,585487.0,星期三,-0.0018,0.0168
2022-10-11,3632.38,3632.03,3641.84,3611.32,397199.0,星期二,0.0038,-0.0001
2022-10-10,3708.04,3618.59,3708.12,3613.08,486725.0,星期一,0.0028,-0.0241
2022-09-30,3729.89,3697.86,3742.02,3692.14,397419.0,星期五,0.0024,-0.0086
2022-09-29,3751.97,3720.9,3760.83,3702.99,425441.0,星期四,0.0104,-0.0083
2022-09-28,3771.09,3713.46,3771.09,3712.16,426069.0,星期三,-0.0034,-0.0153
2022-09-27,3739.39,3784.04,3785.23,3720.77,443753.0,星期二,0.002,0.0119
2022-09-26,3717.26,3731.97,3787.03,3715.84,527802.0,星期一,-0.0076,0.004
2022-09-23,3754.55,3745.7,3777.34,3720.23,462303.0,星期五,-0.0009,-0.0024
2022-09-22,3766.66,3757.8,3789.96,3748.26,410246.0,星期四,-0.0082,-0.0024
2022-09-21,3822.88,3797.65,3823.55,3782.62,424181.0,星期三,-0.0032,-0.0066
2022-09-20,3849.5,3835.13,3861.42,3823.79,408515.0,星期二,0.0044,-0.0037
2022-09-19,3829.93,3832.64,3859.99,3815.16,469987.0,星期一,-0.0014,0.0007
2022-09-16,3909.72,3835.2,3916.1,3835.05,655105.0,星期五,-0.0036,-0.0191
2022-09-15,3975.85,3923.76,3984.68,3895.92,575286.0,星期四,0.0033,-0.0131
2022-09-14,3959.81,3962.92,3988.75,3945.0,423482.0,星期三,-0.0132,0.0008
2022-09-13,4015.97,4012.61,4028.33,3997.16,486362.0,星期二,0.0052,-0.0008
2022-09-09,3948.97,3995.32,4000.42,3939.41,535394.0,星期五,0.0041,0.0117
2022-09-08,3960.8,3932.75,3968.34,3931.06,437574.0,星期四,0.001,-0.0071
2022-09-07,3929.12,3956.88,3968.88,3925.33,499978.0,星期三,-0.0056,0.0071
2022-09-06,3929.54,3951.33,3953.32,3907.45,507561.0,星期二,0.0021,0.0055
2022-09-05,3916.46,3921.13,3925.08,3889.31,440195.0,星期一,-0.004,0.0012
2022-09-02,3965.85,3932.13,3966.83,3912.69,384640.0,星期五,0.0034,-0.0085
2022-09-01,3977.76,3952.53,4004.53,3949.88,465603.0,星期四,-0.0032,-0.0063
2022-08-31,3964.45,3990.65,4022.59,3954.99,640222.0,星期三,-0.0057,0.0066
2022-08-30,4006.12,3987.17,4009.51,3959.46,445172.0,星期二,-0.0005,-0.0047
2022-08-29,3978.89,4007.99,4010.9,3974.17,428681.0,星期一,-0.0112,0.0073
2022-08-26,4050.59,4023.96,4054.43,4019.39,464671.0,星期五,0.0033,-0.0066
2022-08-25,4019.48,4037.39,4040.79,3976.01,541251.0,星期四,0.0026,0.0045
2022-08-24,4106.2,4008.99,4109.86,4004.46,557452.0,星期三,0.0031,-0.0237
2022-08-23,4107.14,4093.34,4121.07,4079.17,448615.0,星期二,-0.0015,-0.0034
2022-08-22,4066.0,4113.16,4116.62,4061.42,525156.0,星期一,-0.0033,0.0116
2022-08-19,4106.93,4079.62,4110.41,4079.15,552981.0,星期五,-0.0005,-0.0066
2022-08-18,4136.64,4108.9,4143.56,4104.1,459854.0,星期四,-0.0025,-0.0067
2022-08-17,4111.01,4146.8,4153.68,4082.26,530942.0,星期三,0.0013,0.0087
2022-08-16,4121.51,4105.47,4140.12,4098.24,465671.0,星期二,0.0013,-0.0039
2022-08-15,4099.19,4115.99,4148.31,4095.12,523103.0,星期一,-0.002,0.0041
2022-08-12,4100.9,4107.4,4117.75,4089.99,479549.0,星期五,-0.0018,0.0016
2022-08-11,4046.24,4108.35,4109.15,4029.85,561967.0,星期四,0.0055,0.0154
2022-08-10,4065.88,4024.29,4074.16,4005.47,435904.0,星期三,-0.0016,-0.0102
2022-08-09,4051.21,4072.47,4079.16,4037.32,413979.0,星期二,-0.0009,0.0052
2022-08-08,4049.29,4054.71,4060.93,4038.83,426834.0,星期一,-0.0045,0.0013
2022-08-05,4021.46,4067.45,4071.11,4007.53,498773.0,星期五,0.0018,0.0114
2022-08-04,4000.16,4014.16,4022.91,3978.23,419265.0,星期四,0.0058,0.0035
2022-08-03,4029.74,3977.27,4067.31,3966.05,556226.0,星期三,0.002,-0.013
2022-08-02,4057.47,4021.81,4057.47,3986.0,680100.0,星期二,-0.0112,-0.0088
2022-08-01,4072.78,4103.41,4112.32,4039.25,507319.0,星期一,-0.0023,0.0075
2022-07-29,4137.22,4082.16,4160.96,4073.44,552603.0,星期五,0.0011,-0.0133
2022-07-28,4153.14,4132.58,4181.39,4130.48,529376.0,星期四,0.0046,-0.005
2022-07-27,4150.28,4133.95,4152.46,4124.42,383789.0,星期三,-0.0024,-0.0039
2022-07-26,4138.55,4160.39,4175.82,4130.03,409883.0,星期二,0.0017,0.0053
2022-07-25,4154.27,4131.47,4158.9,4120.69,408024.0,星期一,-0.0011,-0.0055
2022-07-22,4172.71,4158.78,4198.63,4126.94,515522.0,星期五,0.0045,-0.0033
2022-07-21,4186.25,4154.04,4198.58,4153.87,587000.0,星期四,-0.0038,-0.0077
2022-07-20,4219.44,4202.1,4228.28,4189.4,437599.0,星期三,0.0061,-0.0041
2022-07-19,4228.14,4193.8,4228.14,4165.05,517156.0,星期二,-0.0008,-0.0081
2022-07-18,4199.83,4231.73,4239.99,4148.55,624225.0,星期一,0.0045,0.0076
2022-07-15,4233.68,4180.95,4280.49,4180.95,711940.0,星期五,-0.0057,-0.0125
2022-07-14,4242.36,4257.89,4290.84,4227.43,647679.0,星期四,-0.0022,0.0037
2022-07-13,4233.93,4251.64,4270.51,4206.54,587058.0,星期三,-0.0,0.0042
2022-07-12,4276.66,4233.94,4292.61,4214.58,577629.0,星期二,0.0002,-0.01
2022-07-11,4335.25,4275.92,4335.25,4250.62,690518.0,星期一,-0.0051,-0.0137
2022-07-08,4404.36,4357.54,4417.67,4355.3,627478.0,星期五,0.0067,-0.0106
2022-07-07,4354.31,4375.2,4391.59,4321.44,691086.0,星期四,0.0014,0.0048
2022-07-06,4408.07,4348.3,4414.65,4317.12,771121.0,星期三,-0.0033,-0.0136
2022-07-05,4434.25,4422.66,4461.85,4369.34,801602.0,星期二,0.0028,-0.0026
2022-07-04,4365.19,4421.75,4421.78,4349.9,692423.0,星期一,-0.0061,0.013
2022-07-01,4414.92,4391.85,4428.28,4372.24,711163.0,星期五,0.002,-0.0052
2022-06-30,4334.11,4406.01,4438.75,4334.11,742084.0,星期四,-0.0013,0.0166
2022-06-29,4392.5,4339.74,4425.71,4331.71,912834.0,星期三,-0.0038,-0.012
2022-06-28,4361.8,4409.14,4416.62,4320.5,932318.0,星期二,-0.0002,0.0109
2022-06-27,4344.96,4362.57,4395.26,4340.01,932971.0,星期一,0.0048,0.0041
2022-06-24,4270.88,4324.27,4327.73,4261.77,913329.0,星期五,0.0037,0.0125
2022-06-23,4194.33,4255.17,4255.17,4171.31,941096.0,星期四,0.002,0.0145
2022-06-22,4252.53,4186.02,4253.18,4184.25,906372.0,星期三,0.0024,-0.0156
2022-06-21,4246.57,4242.4,4273.53,4203.29,844029.0,星期二,-0.0002,-0.001
2022-06-20,4244.01,4247.41,4286.47,4216.94,831933.0,星期一,0.0036,0.0008
2022-06-17,4125.86,4228.66,4239.43,4124.22,745834.0,星期五,-0.0073,0.0249
2022-06-16,4187.41,4156.07,4211.32,4146.28,837125.0,星期四,0.0022,-0.0075
2022-06-15,4129.19,4178.12,4246.38,4128.99,1156028.0,星期三,0.0012,0.0118
2022-06-14,4058.69,4124.24,4125.46,4015.57,800549.0,星期二,-0.0113,0.0162
2022-06-13,4109.69,4105.28,4133.9,4072.85,805350.0,星期一,-0.0115,-0.0011
2022-06-10,4070.71,4157.67,4160.95,4064.59,809080.0,星期五,-0.0075,0.0214
2022-06-09,4130.83,4101.28,4148.7,4088.76,747503.0,星期四,-0.0018,-0.0072
2022-06-08,4104.16,4138.21,4138.75,4078.45,687020.0,星期三,0.0028,0.0083
2022-06-07,4071.8,4092.74,4110.37,4061.92,677642.0,星期二,-0.0001,0.0051
2022-06-06,4006.29,4072.25,4073.09,3974.73,812309.0,星期一,0.0011,0.0165
2022-06-02,3988.38,4001.99,4005.85,3983.82,488449.0,星期四,-0.0051,0.0034
2022-06-01,4014.5,4008.64,4019.18,3987.26,528344.0,星期三,-0.0007,-0.0015
2022-05-31,3959.79,4017.17,4022.61,3947.87,662585.0,星期二,0.0009,0.0145
2022-05-30,3950.49,3956.21,3972.17,3938.58,549551.0,星期一,0.0053,0.0014
2022-05-27,3946.13,3929.49,3978.26,3913.97,552416.0,星期五,0.0088,-0.0042
2022-05-26,3911.88,3911.59,3935.75,3864.91,569268.0,星期四,0.0013,-0.0001
2022-05-25,3894.98,3906.75,3910.48,3877.93,450822.0,星期三,0.0011,0.003
2022-05-24,3972.63,3890.53,3972.63,3890.46,609716.0,星期二,-0.0005,-0.0207
2022-05-23,4017.69,3974.48,4017.69,3955.51,555540.0,星期一,0.0007,-0.0108
2022-05-20,3952.72,4014.77,4015.31,3952.67,698382.0,星期五,0.0061,0.0157
2022-05-19,3880.79,3928.77,3932.11,3877.26,520040.0,星期四,-0.0131,0.0124
2022-05-18,3961.07,3932.19,3961.07,3899.49,491047.0,星期三,0.0024,-0.0073
2022-05-17,3909.74,3951.69,3951.69,3903.88,517888.0,星期二,0.0026,0.0107
2022-05-16,3958.9,3899.52,3961.66,3888.31,538050.0,星期一,0.0068,-0.015
2022-05-13,3927.66,3932.18,3948.1,3901.44,526455.0,星期五,0.0073,0.0012
2022-05-12,3896.4,3899.04,3926.68,3880.66,513130.0,星期四,-0.0066,0.0007
2022-05-11,3867.17,3922.13,3969.7,3865.36,773989.0,星期三,-0.0009,0.0142
2022-05-10,3776.18,3870.49,3886.04,3760.27,670095.0,星期二,-0.015,0.025
2022-05-09,3847.63,3833.84,3872.36,3810.15,431643.0,星期一,-0.0066,-0.0036
2022-05-06,3901.54,3873.32,3915.18,3867.34,595218.0,星期五,-0.0189,-0.0072
2022-05-05,3971.35,3976.81,4006.26,3963.07,778063.0,星期四,-0.006,0.0014
2022-04-29,3937.24,3995.52,4004.58,3886.27,904630.0,星期五,0.0039,0.0148
2022-04-28,3881.79,3921.87,3937.87,3873.96,753966.0,星期四,-0.0026,0.0103
2022-04-27,3775.45,3891.87,3891.87,3775.08,834743.0,星期三,-0.0049,0.0308
2022-04-26,3810.08,3794.12,3872.32,3782.4,766282.0,星期二,0.0012,-0.0042
2022-04-25,3903.9,3805.47,3934.98,3805.0,859241.0,星期一,-0.0215,-0.0252
2022-04-22,3927.93,3989.57,4009.03,3920.19,633516.0,星期五,-0.0073,0.0157
2022-04-21,3994.63,3956.89,4031.31,3937.18,658692.0,星期四,-0.005,-0.0094
2022-04-20,4069.26,4014.79,4074.67,4005.12,563813.0,星期三,-0.0017,-0.0134
2022-04-19,4103.69,4076.21,4131.36,4054.77,541935.0,星期二,-0.0008,-0.0067
2022-04-18,4112.19,4106.9,4117.33,4076.4,556568.0,星期一,-0.0087,-0.0013
2022-04-15,4123.29,4148.16,4168.18,4113.92,567778.0,星期五,-0.0073,0.006
2022-04-14,4137.34,4153.46,4181.54,4121.36,598152.0,星期四,0.0084,0.0039
2022-04-13,4105.78,4102.75,4155.05,4091.91,590577.0,星期三,-0.0056,-0.0007
2022-04-12,4055.29,4128.97,4128.97,4028.7,687829.0,星期二,0.0022,0.0182
2022-04-11,4134.14,4046.47,4134.14,4036.4,701559.0,星期一,-0.0069,-0.0212
2022-04-08,4141.19,4163.04,4170.3,4114.92,666767.0,星期五,0.0007,0.0053
2022-04-07,4161.84,4138.19,4200.51,4130.22,669850.0,星期四,-0.0057,-0.0057
2022-04-06,4172.32,4185.7,4198.98,4159.97,819983.0,星期三,-0.0058,0.0032
2022-04-01,4112.07,4196.46,4210.1,4101.79,693548.0,星期五,-0.0048,0.0205
2022-03-31,4132.56,4131.76,4148.62,4114.09,661504.0,星期四,-0.0051,-0.0002
2022-03-30,4058.64,4153.82,4153.82,4058.52,693828.0,星期三,0.0075,0.0235
2022-03-29,4048.74,4028.3,4073.8,4018.98,469338.0,星期二,0.0011,-0.005
2022-03-28,4021.49,4044.32,4067.41,3983.39,590804.0,星期一,-0.0115,0.0057
2022-03-25,4141.54,4068.35,4150.51,4067.22,512243.0,星期五,-0.0011,-0.0177
2022-03-24,4142.76,4145.97,4167.26,4113.5,503349.0,星期四,-0.0063,0.0008
2022-03-23,4162.08,4168.98,4182.26,4133.07,544699.0,星期三,0.0039,0.0017
2022-03-22,4139.58,4145.91,4172.99,4123.75,600341.0,星期二,-0.0006,0.0015
2022-03-21,4183.01,4142.03,4183.01,4113.23,619497.0,星期一,0.0042,-0.0098
2022-03-18,4116.32,4165.33,4186.14,4089.29,791120.0,星期五,-0.0043,0.0119
2022-03-17,4135.59,4134.27,4195.86,4109.75,880159.0,星期四,0.022,-0.0003
2022-03-16,3938.23,4046.6,4060.32,3841.39,988464.0,星期三,0.0174,0.0275
2022-03-15,4008.72,3870.99,4042.56,3870.99,1029322.0,星期二,-0.0125,-0.0344
2022-03-14,4136.93,4059.34,4165.91,4059.34,627013.0,星期一,-0.0154,-0.0188
2022-03-11,4133.72,4201.47,4212.29,4075.47,737918.0,星期五,-0.0139,0.0164
2022-03-10,4231.03,4191.86,4235.9,4187.7,705117.0,星期四,0.0239,-0.0093
2022-03-09,4177.98,4132.35,4204.51,3981.13,937290.0,星期三,0.0039,-0.0109
2022-03-08,4239.69,4161.93,4262.53,4146.13,780317.0,星期二,0.0033,-0.0183
2022-03-07,4331.79,4225.54,4331.79,4212.39,786885.0,星期一,-0.0095,-0.0245
2022-03-04,4395.37,4373.44,4410.94,4359.54,596479.0,星期五,-0.0095,-0.005
2022-03-03,4477.68,4437.32,4482.22,4430.48,659027.0,星期四,0.0038,-0.009
2022-03-02,4482.06,4460.73,4482.18,4446.67,524873.0,星期三,-0.0061,-0.0048
2022-03-01,4478.81,4509.6,4513.67,4471.66,557191.0,星期二,0.0041,0.0069
2022-02-28,4441.78,4460.57,4460.57,4410.63,619312.0,星期一,-0.0029,0.0042
2022-02-25,4451.56,4454.52,4494.65,4445.02,651646.0,星期五,0.0078,0.0007
2022-02-24,4478.65,4416.92,4490.78,4381.59,871848.0,星期四,-0.0072,-0.0138
2022-02-23,4486.54,4510.91,4513.55,4472.25,588096.0,星期三,0.0024,0.0054
2022-02-22,4506.77,4475.7,4506.98,4450.3,577021.0,星期二,-0.0078,-0.0069
2022-02-21,4559.25,4542.35,4559.25,4521.64,549642.0,星期一,-0.0021,-0.0037
2022-02-18,4521.13,4569.0,4569.02,4515.28,475843.0,星期五,-0.0052,0.0106
2022-02-17,4539.63,4544.57,4566.85,4530.54,485542.0,星期四,0.0002,0.0011
2022-02-16,4538.05,4538.84,4562.32,4528.7,484955.0,星期三,0.0043,0.0002
2022-02-15,4482.33,4518.66,4522.28,4477.94,581952.0,星期二,0.0002,0.0081
2022-02-14,4509.81,4481.55,4522.13,4461.62,746815.0,星期一,-0.0043,-0.0063
2022-02-11,4533.89,4529.47,4583.15,4523.81,801201.0,星期五,-0.0049,-0.001
2022-02-10,4578.01,4556.18,4578.01,4523.09,693061.0,星期四,0.0014,-0.0048
2022-02-09,4529.25,4571.6,4581.03,4520.52,725935.0,星期三,0.0002,0.0094
2022-02-08,4546.31,4528.42,4546.31,4443.51,774846.0,星期二,-0.002,-0.0039
2022-02-07,4563.63,4555.24,4591.47,4533.39,686001.0,星期一,0.0171,-0.0018
2022-01-28,4570.01,4486.91,4588.47,4480.62,631580.0,星期五,0.0051,-0.0182
2022-01-27,4628.3,4546.82,4629.15,4542.9,581271.0,星期四,-0.001,-0.0176
2022-01-26,4613.06,4632.75,4633.55,4569.33,488956.0,星期三,0.0045,0.0043
2022-01-25,4663.05,4592.53,4680.39,4592.26,619690.0,星期二,-0.0061,-0.0151
2022-01-24,4671.68,4691.64,4708.51,4656.89,550732.0,星期一,-0.0055,0.0043
2022-01-21,4718.09,4697.35,4730.24,4674.95,653168.0,星期五,-0.0031,-0.0044
2022-01-20,4662.58,4732.76,4755.3,4662.08,803035.0,星期四,-0.001,0.0151
2022-01-19,4699.2,4667.31,4711.34,4642.28,613652.0,星期三,0.002,-0.0068
2022-01-18,4641.11,4689.74,4701.37,4620.81,676389.0,星期二,0.0,0.0105
2022-01-17,4610.58,4640.95,4649.88,4606.42,524597.0,星期一,0.001,0.0066
2022-01-14,4632.81,4605.96,4648.66,4603.95,692715.0,星期五,-0.0046,-0.0058
2022-01-13,4740.77,4654.33,4743.0,4653.52,676198.0,星期四,0.0024,-0.0182
2022-01-12,4708.74,4729.63,4737.95,4698.98,660585.0,星期三,0.0047,0.0044
2022-01-11,4719.53,4686.56,4737.55,4681.27,668905.0,星期二,-0.0011,-0.007
2022-01-10,4692.19,4724.55,4727.87,4661.74,713717.0,星期一,-0.0027,0.0069
2022-01-07,4696.8,4704.76,4731.96,4693.2,874661.0,星期五,0.002,0.0017
2022-01-06,4728.15,4687.43,4741.61,4665.31,677799.0,星期四,-0.0049,-0.0086
2022-01-05,4767.91,4751.67,4799.21,4735.61,844782.0,星期三,-0.0024,-0.0034
2022-01-04,4812.64,4779.48,4816.78,4726.52,662564.0,星期二,0.0041,-0.0069
2021-12-31,4797.01,4792.91,4808.63,4775.77,490299.0,星期五,0.0035,-0.0009
2021-12-30,4747.58,4780.37,4801.1,4741.52,512707.0,星期四,-0.0001,0.0069
2021-12-29,4839.83,4747.92,4839.83,4747.92,471924.0,星期三,0.0011,-0.019
2021-12-28,4802.73,4834.71,4839.65,4798.1,553825.0,星期二,0.0008,0.0067
2021-12-27,4801.13,4798.76,4819.23,4775.41,494401.0,星期一,-0.001,-0.0005
2021-12-24,4829.91,4805.85,4843.84,4787.35,553824.0,星期五,0.0008,-0.005
2021-12-23,4796.25,4825.84,4825.84,4772.32,529209.0,星期四,0.0022,0.0062
2021-12-22,4800.14,4785.6,4813.76,4772.97,495055.0,星期三,0.0023,-0.003
2021-12-21,4756.45,4788.97,4796.23,4752.59,539449.0,星期二,-0.0011,0.0068
2021-12-20,4801.45,4761.68,4837.77,4751.33,600474.0,星期一,-0.0034,-0.0083
2021-12-17,4877.69,4817.77,4880.74,4815.04,594205.0,星期五,-0.0033,-0.0123
2021-12-16,4871.38,4893.75,4893.75,4849.01,566189.0,星期四,-0.0001,0.0046
2021-12-15,4900.93,4871.64,4928.79,4870.91,586396.0,星期三,-0.0028,-0.006
2021-12-14,4929.02,4914.79,4940.63,4903.61,701743.0,星期二,-0.0034,-0.0029
2021-12-13,4955.52,4945.97,5016.28,4943.59,967228.0,星期一,0.0083,-0.0019
2021-12-10,4899.62,4914.5,4917.77,4890.83,822221.0,星期五,-0.0065,0.003
2021-12-09,4851.09,4931.76,4975.3,4848.92,963327.0,星期四,0.0014,0.0166
2021-12-08,4786.06,4844.25,4845.45,4758.72,623522.0,星期三,0.0024,0.0122
2021-12-07,4770.95,4774.66,4784.4,4751.5,721705.0,星期二,0.0078,0.0008
2021-12-06,4735.61,4733.9,4778.25,4729.66,716830.0,星期一,0.0025,-0.0004
2021-12-03,4678.95,4723.63,4723.63,4674.77,536401.0,星期五,0.0001,0.0095
2021-12-02,4656.84,4678.33,4688.41,4643.21,556910.0,星期四,-0.0015,0.0046
2021-12-01,4649.07,4663.84,4665.1,4639.21,457024.0,星期三,0.0008,0.0032
2021-11-30,4679.68,4645.26,4692.93,4629.38,475257.0,星期二,0.0002,-0.0074
2021-11-29,4657.24,4678.9,4687.49,4652.02,490606.0,星期一,-0.0072,0.0047
2021-11-26,4726.58,4690.84,4726.63,4680.86,440493.0,星期五,-0.0017,-0.0076
2021-11-25,4759.2,4734.72,4764.04,4727.52,421090.0,星期四,0.0006,-0.0051
2021-11-24,4743.76,4756.4,4774.8,4729.31,476263.0,星期三,0.0012,0.0027
2021-11-23,4723.58,4738.3,4756.62,4717.57,545763.0,星期二,-0.0017,0.0031
2021-11-22,4737.39,4731.74,4752.74,4725.45,524919.0,星期一,0.0012,-0.0012
2021-11-19,4670.83,4731.65,4738.44,4669.84,509843.0,星期五,-0.0015,0.013
2021-11-18,4713.59,4677.91,4713.59,4672.61,417197.0,星期四,-0.0031,-0.0076
2021-11-17,4738.48,4728.31,4749.52,4715.98,416705.0,星期三,-0.0007,-0.0021
2021-11-16,4733.39,4741.72,4767.75,4731.22,493828.0,星期二,0.0006,0.0018
2021-11-15,4732.94,4730.72,4747.64,4711.28,474088.0,星期一,0.0023,-0.0005
2021-11-12,4750.15,4722.25,4753.97,4711.99,534628.0,星期五,0.0017,-0.0059
2021-11-11,4649.48,4741.91,4742.09,4642.37,751548.0,星期四,-0.0008,0.0199
2021-11-10,4670.07,4653.01,4671.73,4593.2,594962.0,星期三,-0.0028,-0.0037
2021-11-09,4706.29,4682.99,4719.62,4662.52,483217.0,星期二,0.0018,-0.005
2021-11-08,4699.64,4697.69,4719.89,4680.95,512246.0,星期一,-0.0007,-0.0004
2021-11-05,4708.41,4703.05,4743.74,4694.85,554304.0,星期五,-0.0026,-0.0011
2021-11-04,4695.2,4720.78,4730.44,4688.47,567264.0,星期四,0.0045,0.0054
2021-11-03,4696.87,4674.34,4718.07,4664.53,610187.0,星期三,-0.0013,-0.0048
2021-11-02,4758.58,4703.06,4783.78,4663.42,845049.0,星期二,-0.0016,-0.0117
2021-11-01,4742.17,4766.19,4780.64,4716.66,746715.0,星期一,-0.0091,0.0051
2021-10-29,4748.5,4785.49,4785.49,4742.28,681910.0,星期五,0.0003,0.0078
2021-10-28,4750.52,4747.06,4769.68,4732.58,612724.0,星期四,-0.0036,-0.0007
2021-10-27,4821.35,4767.84,4821.35,4753.42,605935.0,星期三,-0.0037,-0.0111
2021-10-26,4867.01,4839.49,4887.79,4832.93,541798.0,星期二,-0.0006,-0.0057
2021-10-25,4852.57,4869.75,4873.15,4830.63,591066.0,星期一,-0.005,0.0035
2021-10-22,4840.99,4876.85,4903.97,4834.15,607438.0,星期五,0.0027,0.0074
2021-10-21,4798.85,4828.04,4842.71,4791.41,649720.0,星期四,0.0008,0.0061
2021-10-20,4821.2,4795.05,4841.46,4781.88,570426.0,星期三,0.0028,-0.0054
2021-10-19,4750.06,4807.55,4818.12,4750.05,583885.0,星期二,-0.0017,0.0121
2021-10-18,4830.97,4757.94,4830.97,4734.19,625239.0,星期一,-0.0025,-0.0151
2021-10-15,4807.79,4843.24,4851.13,4797.37,641737.0,星期五,-0.004,0.0074
2021-10-14,4860.68,4827.06,4879.68,4818.24,485020.0,星期四,-0.0007,-0.0069
2021-10-13,4806.1,4863.96,4884.38,4795.17,591035.0,星期三,-0.0012,0.012
2021-10-12,4824.33,4811.92,4844.5,4772.21,736742.0,星期二,-0.0034,-0.0026
2021-10-11,4840.15,4840.89,4903.09,4838.33,759266.0,星期一,0.003,0.0002
2021-10-08,4780.8,4825.59,4838.49,4761.21,808403.0,星期五,0.0107,0.0094
2021-09-30,4719.9,4730.05,4745.08,4714.07,610911.0,星期四,0.0009,0.0022
2021-09-29,4697.47,4715.59,4745.72,4660.07,824008.0,星期三,-0.0069,0.0039
2021-09-28,4711.14,4730.24,4747.99,4681.62,771605.0,星期二,-0.0011,0.0041
2021-09-27,4661.28,4716.42,4750.32,4661.28,901126.0,星期一,0.0059,0.0118
2021-09-24,4609.51,4634.16,4677.22,4607.99,791072.0,星期五,-0.0022,0.0053
2021-09-23,4627.02,4619.62,4661.03,4602.14,862070.0,星期四,0.0044,-0.0016
2021-09-22,4572.54,4606.72,4616.14,4566.64,856860.0,星期三,-0.019,0.0075
2021-09-17,4597.1,4661.19,4661.33,4590.11,802901.0,星期五,-0.0024,0.0139
2021-09-16,4629.82,4608.18,4646.81,4590.2,910774.0,星期四,-0.0006,-0.0047
2021-09-15,4678.6,4632.37,4678.6,4608.22,802170.0,星期三,-0.0032,-0.0099
2021-09-14,4774.07,4693.48,4785.92,4685.43,1081522.0,星期二,0.0005,-0.0169
2021-09-13,4777.8,4771.53,4808.65,4743.52,1027417.0,星期一,-0.0018,-0.0013
2021-09-10,4728.39,4786.55,4816.87,4725.02,1216355.0,星期五,-0.0004,0.0123
2021-09-09,4714.8,4730.15,4730.56,4698.02,1058090.0,星期四,-0.004,0.0033
2021-09-08,4758.42,4733.97,4783.98,4719.7,1024743.0,星期三,-0.0018,-0.0051
2021-09-07,4719.96,4766.86,4783.68,4693.37,1031629.0,星期二,-0.0004,0.0099
2021-09-06,4639.58,4721.73,4739.13,4635.92,1004622.0,星期一,-0.001,0.0177
2021-09-03,4649.8,4644.11,4676.12,4594.04,1064721.0,星期五,0.0013,-0.0012
2021-09-02,4649.89,4643.94,4675.04,4615.02,1049769.0,星期四,0.0005,-0.0013
2021-09-01,4537.02,4647.37,4681.72,4504.17,1382082.0,星期三,-0.0014,0.0243
2021-08-31,4547.18,4543.54,4574.78,4485.86,996629.0,星期二,-0.0011,-0.0008
2021-08-30,4603.27,4552.31,4604.96,4523.18,877750.0,星期一,0.0046,-0.0111
2021-08-27,4545.65,4581.99,4622.92,4544.82,657313.0,星期五,-0.0013,0.008
2021-08-26,4654.25,4551.79,4654.25,4550.6,669116.0,星期四,-0.0006,-0.022
2021-08-25,4654.42,4656.84,4673.9,4633.15,671785.0,星期三,0.0011,0.0005
2021-08-24,4605.39,4649.51,4666.94,4603.66,686736.0,星期二,0.0023,0.0096
2021-08-23,4558.56,4594.73,4606.61,4548.14,584734.0,星期一,0.0004,0.0079
2021-08-20,4607.08,4556.65,4620.69,4515.78,688860.0,星期五,-0.0121,-0.0109
2021-08-19,4716.36,4663.64,4722.56,4641.66,781779.0,星期四,-0.0022,-0.0112
2021-08-18,4667.39,4726.65,4746.5,4641.11,795621.0,星期三,-0.0005,0.0127
2021-08-17,4765.79,4669.78,4794.54,4658.7,704250.0,星期二,-0.0014,-0.0201
2021-08-16,4756.28,4772.41,4800.34,4747.78,580065.0,星期一,-0.0013,0.0034
2021-08-13,4759.76,4762.26,4792.89,4735.66,539938.0,星期五,-0.0034,0.0005
2021-08-12,4810.91,4776.09,4826.61,4771.85,577904.0,星期四,-0.0031,-0.0072
2021-08-11,4851.8,4826.03,4879.68,4820.86,718273.0,星期三,-0.0013,-0.0053
2021-08-10,4774.08,4858.14,4858.27,4725.86,620987.0,星期二,-0.0012,0.0176
2021-08-09,4673.15,4779.75,4805.0,4669.99,731597.0,星期一,-0.0061,0.0228
2021-08-06,4717.67,4701.65,4717.81,4680.72,529232.0,星期五,-0.0032,-0.0034
2021-08-05,4726.55,4733.05,4792.13,4703.99,604113.0,星期四,-0.0074,0.0014
2021-08-04,4749.17,4761.81,4768.91,4727.23,607278.0,星期三,-0.0012,0.0027
2021-08-03,4701.26,4754.87,4760.6,4685.74,704724.0,星期二,-0.0047,0.0114
2021-08-02,4566.32,4723.45,4729.54,4526.25,889021.0,星期一,-0.0059,0.0344
2021-07-30,4634.28,4593.65,4634.28,4559.22,655219.0,星期五,-0.0061,-0.0088
2021-07-29,4698.48,4662.92,4702.1,4637.13,672727.0,星期四,0.0165,-0.0076
2021-07-28,4562.82,4622.34,4640.56,4536.5,786478.0,星期三,-0.0064,0.013
2021-07-27,4760.03,4592.43,4768.32,4585.6,906532.0,星期二,-0.0006,-0.0352
2021-07-26,4926.47,4762.99,4926.47,4715.64,884926.0,星期一,-0.0057,-0.0332
2021-07-23,5011.48,4954.77,5011.48,4947.13,758025.0,星期五,-0.0016,-0.0113
2021-07-22,5028.7,5019.75,5055.15,5012.01,670070.0,星期四,0.0005,-0.0018
2021-07-21,5030.33,5026.13,5065.43,5016.06,613914.0,星期三,0.0022,-0.0008
2021-07-20,5006.0,5019.5,5032.48,4990.7,490529.0,星期二,-0.0067,0.0027
2021-07-19,5000.28,5039.59,5047.45,4957.49,604845.0,星期一,-0.0021,0.0079
2021-07-16,5063.42,5010.98,5065.79,5006.36,618887.0,星期五,-0.0021,-0.0104
2021-07-15,4991.77,5074.15,5078.19,4985.74,713392.0,星期四,-0.0015,0.0165
2021-07-14,5045.28,4999.17,5045.28,4986.01,768231.0,星期三,-0.0014,-0.0091
2021-07-13,5036.56,5052.57,5068.32,5025.47,632300.0,星期二,-0.0004,0.0032
2021-07-12,5028.96,5038.34,5070.33,4983.57,775093.0,星期一,0.0071,0.0019
2021-07-09,4996.14,4993.44,5012.3,4948.31,596790.0,星期五,-0.0047,-0.0005
2021-07-08,5101.68,5019.89,5104.56,5007.36,676676.0,星期四,0.0018,-0.016
2021-07-07,5036.88,5092.37,5106.54,5031.95,532621.0,星期三,-0.0048,0.011
2021-07-06,5056.31,5061.16,5064.59,5006.14,591121.0,星期二,-0.0,0.001
2021-07-05,5058.21,5056.54,5071.08,5021.33,581416.0,星期一,-0.0024,-0.0003
2021-07-02,5189.31,5070.22,5189.31,5063.57,641227.0,星期五,-0.0099,-0.0229
2021-07-01,5225.34,5241.25,5241.36,5172.44,574974.0,星期四,0.0038,0.003
2021-06-30,5177.59,5205.36,5214.47,5174.91,453400.0,星期三,-0.0013,0.0054
2021-06-29,5247.13,5184.54,5247.33,5175.77,568817.0,星期二,-0.0008,-0.0119
2021-06-28,5268.03,5251.24,5271.99,5226.35,588897.0,星期一,0.003,-0.0032
2021-06-25,5170.32,5252.36,5264.68,5166.99,679462.0,星期五,0.0004,0.0159
2021-06-24,5155.11,5168.38,5171.76,5119.42,544932.0,星期四,0.0019,0.0026
2021-06-23,5134.03,5145.15,5170.72,5117.06,582068.0,星期三,0.0009,0.0022
2021-06-22,5113.57,5129.65,5139.96,5094.52,635435.0,星期二,0.0035,0.0031
2021-06-21,5109.18,5095.7,5132.3,5070.4,635362.0,星期一,-0.0035,-0.0026
2021-06-18,5151.47,5126.9,5170.03,5091.72,727118.0,星期五,-0.0006,-0.0048
2021-06-17,5152.2,5154.59,5191.51,5136.14,557689.0,星期四,-0.0018,0.0005
2021-06-16,5227.63,5161.49,5233.1,5156.01,608309.0,星期三,-0.0006,-0.0127
2021-06-15,5291.29,5230.95,5298.81,5197.51,690399.0,星期二,-0.001,-0.0114
2021-06-11,5345.91,5296.73,5347.13,5282.18,855920.0,星期五,0.0002,-0.0092
2021-06-10,5317.26,5344.73,5378.48,5307.06,648843.0,星期四,0.0001,0.0052
2021-06-09,5301.98,5316.57,5336.14,5294.86,539045.0,星期三,-0.0014,0.0028
2021-06-08,5353.86,5309.25,5396.23,5278.04,566661.0,星期二,-0.0004,-0.0083
2021-06-07,5370.95,5355.82,5372.55,5321.91,553220.0,星期一,-0.0003,-0.0028
2021-06-04,5317.37,5372.73,5426.98,5311.89,644637.0,星期五,-0.0051,0.0104
2021-06-03,5368.82,5344.49,5402.15,5341.64,602940.0,星期四,-0.0006,-0.0045
2021-06-02,5424.09,5372.1,5428.81,5347.55,592478.0,星期三,0.0014,-0.0096
2021-06-01,5395.91,5416.53,5418.56,5345.25,591023.0,星期二,-0.0017,0.0038
2021-05-31,5408.48,5405.03,5408.48,5351.37,578088.0,星期一,-0.002,-0.0006
2021-05-28,5437.74,5419.15,5457.73,5382.58,685681.0,星期五,0.0001,-0.0034
2021-05-27,5420.44,5437.37,5492.41,5387.28,608712.0,星期四,-0.0011,0.0031
2021-05-26,5434.26,5426.55,5454.32,5411.51,697568.0,星期三,0.0021,-0.0014
2021-05-25,5248.4,5422.71,5429.04,5247.36,887212.0,星期二,0.0021,0.0332
2021-05-24,5224.07,5237.28,5237.32,5174.51,541324.0,星期一,0.0008,0.0025
2021-05-21,5290.54,5219.86,5308.75,5210.13,506956.0,星期五,0.0022,-0.0134
2021-05-20,5255.7,5279.0,5288.93,5238.3,560672.0,星期四,0.0003,0.0044
2021-05-19,5268.59,5254.08,5279.98,5239.99,501790.0,星期三,-0.0025,-0.0028
2021-05-18,5289.56,5281.94,5299.21,5251.65,503151.0,星期二,0.0019,-0.0014
2021-05-17,5213.45,5279.72,5302.57,5213.45,662739.0,星期一,0.0003,0.0127
2021-05-14,5109.45,5211.87,5214.85,5079.11,718328.0,星期五,0.0031,0.02
2021-05-13,5100.95,5093.66,5127.34,5070.82,543593.0,星期四,-0.0096,-0.0014
2021-05-12,5117.44,5150.61,5159.36,5109.64,520535.0,星期三,-0.0035,0.0065
2021-05-11,5054.19,5135.22,5142.95,5037.13,574568.0,星期二,-0.0071,0.016
2021-05-10,5103.61,5090.12,5121.6,5050.65,669571.0,星期一,0.0004,-0.0026
2021-05-07,5181.45,5101.72,5198.39,5099.26,748237.0,星期五,0.0032,-0.0154
2021-05-06,5209.99,5164.69,5253.01,5150.35,711523.0,星期四,-0.0055,-0.0087
2021-04-30,5287.14,5238.64,5289.71,5210.98,747962.0,星期五,-0.0001,-0.0092
2021-04-29,5244.46,5287.43,5292.58,5228.91,627588.0,星期四,0.0028,0.0082
2021-04-28,5186.46,5229.93,5230.32,5175.36,520839.0,星期三,-0.0048,0.0084
2021-04-27,5193.16,5211.3,5216.2,5162.45,535818.0,星期二,-0.0001,0.0035
2021-04-26,5292.29,5193.71,5305.89,5188.51,692237.0,星期一,0.0047,-0.0186
2021-04-23,5207.2,5267.63,5279.76,5204.54,558569.0,星期五,0.0007,0.0116
2021-04-22,5239.87,5203.7,5245.04,5183.67,526372.0,星期四,0.0028,-0.0069
2021-04-21,5179.03,5225.17,5237.56,5176.38,514050.0,星期三,-0.0055,0.0089
2021-04-20,5186.22,5207.69,5242.94,5177.33,524559.0,星期二,-0.0044,0.0041
2021-04-19,5099.81,5208.88,5211.5,5069.16,675456.0,星期一,0.0002,0.0214
2021-04-16,5098.08,5098.58,5113.55,5048.63,489280.0,星期五,0.0039,0.0001
2021-04-15,5109.89,5078.32,5109.89,5028.16,526807.0,星期四,-0.0023,-0.0062
2021-04-14,5101.42,5121.85,5131.72,5083.12,595334.0,星期三,0.0017,0.004
2021-04-13,5110.32,5092.64,5152.93,5076.24,618599.0,星期二,0.001,-0.0035
2021-04-12,5171.65,5105.1,5189.28,5088.77,652360.0,星期一,-0.0013,-0.0129
2021-04-09,5249.56,5178.59,5249.56,5165.54,523636.0,星期五,-0.0029,-0.0135
2021-04-08,5220.52,5265.06,5279.36,5205.3,515917.0,星期四,-0.0056,0.0085
2021-04-07,5306.1,5249.84,5306.1,5216.76,632256.0,星期三,0.0002,-0.0106
2021-04-06,5353.66,5305.26,5353.66,5287.38,475721.0,星期二,0.0028,-0.009
2021-04-02,5306.93,5338.86,5346.0,5289.5,571999.0,星期五,0.0038,0.006
2021-04-01,5232.55,5286.64,5291.46,5227.97,499774.0,星期四,0.0027,0.0103
2021-03-31,5265.81,5218.57,5265.81,5184.7,651559.0,星期三,-0.0017,-0.009
2021-03-30,5222.44,5274.59,5287.4,5206.87,603693.0,星期二,-0.0002,0.01
2021-03-29,5224.32,5223.48,5264.7,5181.47,684669.0,星期一,0.0027,-0.0002
2021-03-26,5135.06,5210.2,5224.32,5132.09,636931.0,星期五,0.0059,0.0146
2021-03-25,5092.44,5105.14,5127.77,5065.16,570492.0,星期四,-0.0043,0.0025
2021-03-24,5168.29,5114.28,5208.55,5103.12,637525.0,星期三,-0.0036,-0.0105
2021-03-23,5228.25,5186.82,5232.68,5139.33,632953.0,星期二,0.0012,-0.0079
2021-03-22,5184.08,5222.14,5240.73,5168.35,692856.0,星期一,0.0001,0.0073
2021-03-19,5264.88,5183.7,5279.21,5155.3,732300.0,星期五,-0.0134,-0.0154
2021-03-18,5311.8,5336.51,5355.73,5308.12,577765.0,星期四,0.0032,0.0047
2021-03-17,5272.91,5294.93,5327.97,5225.09,646243.0,星期三,-0.0031,0.0042
2021-03-16,5252.04,5289.43,5289.69,5217.65,646020.0,星期二,0.0041,0.0071
2021-03-15,5319.03,5230.46,5325.76,5183.73,861909.0,星期一,-0.0052,-0.0167
2021-03-12,5353.81,5346.92,5353.81,5289.05,875426.0,星期五,0.0059,-0.0013
2021-03-11,5218.43,5322.45,5337.56,5214.95,811911.0,星期四,0.005,0.0199
2021-03-10,5231.6,5192.27,5245.82,5174.24,702698.0,星期三,0.0155,-0.0075
2021-03-09,5243.54,5152.0,5275.15,5104.93,1012954.0,星期二,-0.0021,-0.0175
2021-03-08,5477.72,5254.46,5505.35,5254.15,960148.0,星期一,0.0067,-0.0408
2021-03-05,5379.05,5441.14,5489.25,5348.51,866517.0,星期五,-0.0166,0.0115
2021-03-04,5573.91,5469.99,5578.98,5440.5,871401.0,星期四,-0.0122,-0.0186
2021-03-03,5497.72,5642.67,5642.9,5489.83,853616.0,星期三,-0.0032,0.0264
2021-03-02,5636.65,5515.21,5640.96,5468.54,800646.0,星期二,0.007,-0.0215
2021-03-01,5586.24,5597.68,5606.34,5534.71,757381.0,星期一,0.0099,0.002
2021-02-26,5548.47,5531.53,5621.87,5519.5,949033.0,星期五,-0.0225,-0.0031
2021-02-25,5680.6,5676.26,5730.36,5637.35,1028259.0,星期四,0.0105,-0.0008
2021-02-24,5780.97,5621.4,5790.14,5557.48,945148.0,星期三,0.0029,-0.0276
2021-02-23,5719.21,5764.09,5830.17,5719.21,997734.0,星期二,-0.0092,0.0078
2021-02-22,5999.07,5772.14,5999.07,5772.14,1322039.0,星期一,0.0009,-0.0378
2021-02-19,5938.95,5993.8,6005.14,5879.48,1004839.0,星期五,-0.0056,0.0092
2021-02-18,6142.69,5972.15,6154.55,5948.77,1004907.0,星期四,0.0186,-0.0278
2021-02-10,5920.75,6030.54,6046.6,5920.62,805939.0,星期三,0.0045,0.0185
2021-02-09,5800.16,5894.43,5894.43,5763.65,741235.0,星期二,0.0027,0.0163
2021-02-08,5742.14,5784.37,5795.62,5704.76,729390.0,星期一,0.0046,0.0074
2021-02-05,5685.54,5716.01,5777.06,5680.9,875832.0,星期五,0.004,0.0054
2021-02-04,5620.79,5662.89,5699.43,5606.92,794251.0,星期四,-0.0054,0.0075
2021-02-03,5650.0,5651.45,5684.56,5623.49,759939.0,星期三,-0.0005,0.0003
2021-02-02,5591.94,5652.83,5655.47,5575.35,726639.0,星期二,0.0012,0.0109
2021-02-01,5530.12,5585.41,5591.93,5514.83,728922.0,星期一,0.0013,0.01
2021-01-29,5579.28,5522.78,5598.79,5464.22,839049.0,星期五,0.0064,-0.0101
2021-01-28,5611.92,5543.81,5615.45,5523.43,781870.0,星期四,-0.0133,-0.0121
2021-01-27,5669.21,5687.83,5694.53,5620.13,715615.0,星期三,-0.0008,0.0033
2021-01-26,5769.67,5673.78,5769.67,5668.77,771304.0,星期二,-0.0048,-0.0166
2021-01-25,5696.36,5797.22,5808.53,5678.21,867847.0,星期一,-0.0006,0.0177
2021-01-22,5701.74,5699.63,5711.45,5653.24,844813.0,星期五,-0.0006,-0.0004
2021-01-21,5637.66,5705.34,5734.51,5632.01,918410.0,星期四,0.0033,0.012
2021-01-20,5600.84,5619.18,5646.72,5582.15,825822.0,星期三,0.0007,0.0033
2021-01-19,5683.12,5597.02,5690.04,5574.37,1032734.0,星期二,0.0017,-0.0152
2021-01-18,5605.78,5673.28,5703.5,5580.13,1066417.0,星期一,-0.0035,0.012
2021-01-15,5641.05,5625.71,5683.52,5566.71,1332881.0,星期五,0.0016,-0.0027
2021-01-14,5724.88,5632.09,5733.81,5618.72,1229108.0,星期四,-0.0036,-0.0162
2021-01-13,5782.95,5745.52,5812.64,5700.26,1262976.0,星期三,0.0019,-0.0065
2021-01-12,5575.79,5772.24,5772.24,5575.46,1090265.0,星期二,-0.0042,0.0352
2021-01-11,5656.84,5599.31,5710.52,5572.0,1071195.0,星期一,0.0008,-0.0102
2021-01-08,5699.88,5652.08,5724.26,5595.61,952704.0,星期五,0.0028,-0.0084
2021-01-07,5591.29,5683.97,5683.97,5569.86,979684.0,星期四,0.0029,0.0166
2021-01-06,5515.31,5575.13,5582.71,5486.97,973375.0,星期三,0.0038,0.0108
2021-01-05,5368.86,5494.64,5494.64,5357.82,1071181.0,星期二,-0.0039,0.0234
2021-01-04,5349.75,5389.63,5410.05,5324.43,1004387.0,星期一,-0.0016,0.0075
2020-12-31,5269.16,5358.16,5364.83,5269.16,793137.0,星期四,0.001,0.0169
2020-12-30,5187.55,5263.93,5263.93,5185.74,688251.0,星期三,-0.0007,0.0147
2020-12-29,5219.07,5191.03,5225.28,5184.86,614784.0,星期二,0.002,-0.0054
2020-12-28,5171.29,5208.67,5233.81,5168.19,581217.0,星期一,0.0003,0.0072
2020-12-25,5124.52,5169.61,5171.1,5113.97,502899.0,星期五,-0.0029,0.0088
2020-12-24,5135.36,5139.46,5166.04,5114.9,501512.0,星期四,-0.0002,0.0008
2020-12-23,5115.98,5136.34,5168.27,5098.29,631571.0,星期三,0.0027,0.004
2020-12-22,5162.11,5102.03,5184.01,5097.87,742472.0,星期二,-0.0015,-0.0116
2020-12-21,5137.92,5169.92,5172.61,5100.38,634909.0,星期一,-0.001,0.0062
2020-12-18,5161.32,5142.88,5177.32,5122.07,559977.0,星期五,-0.0014,-0.0036
2020-12-17,5105.83,5168.36,5173.39,5099.69,570079.0,星期四,0.0027,0.0122
2020-12-16,5084.94,5091.91,5104.69,5073.3,480418.0,星期三,0.0035,0.0014
2020-12-15,5062.6,5067.21,5078.24,5023.93,569325.0,星期二,-0.0008,0.0009
2020-12-14,5033.98,5066.58,5070.01,5019.93,574567.0,星期一,0.0032,0.0065
2020-12-11,5086.68,5017.75,5086.68,4980.9,749509.0,星期五,0.0039,-0.0136
2020-12-10,5062.75,5066.95,5091.54,5044.73,578241.0,星期四,-0.0014,0.0008
2020-12-09,5147.46,5069.91,5158.72,5069.91,608153.0,星期三,0.0029,-0.0151
2020-12-08,5158.1,5132.54,5173.3,5122.62,568434.0,星期二,0.0015,-0.005
2020-12-07,5205.5,5150.55,5206.85,5139.94,666168.0,星期一,0.0007,-0.0106
2020-12-04,5188.62,5202.05,5211.19,5154.71,680240.0,星期五,-0.0009,0.0026
2020-12-03,5203.91,5193.53,5210.41,5161.87,773862.0,星期四,-0.0006,-0.002
2020-12-02,5214.55,5206.78,5237.01,5185.0,926946.0,星期三,0.0013,-0.0015
2020-12-01,5105.35,5207.93,5213.15,5100.51,1024853.0,星期二,0.0016,0.0201
2020-11-30,5150.9,5097.34,5224.3,5097.34,1488244.0,星期一,0.0029,-0.0104
2020-11-27,5080.74,5136.26,5136.26,5070.39,861972.0,星期五,0.0028,0.0109
2020-11-26,5045.57,5066.54,5067.98,5015.67,639954.0,星期四,-0.0002,0.0042
2020-11-25,5122.88,5046.34,5136.0,5046.34,782147.0,星期三,0.0042,-0.0149
2020-11-24,5127.54,5101.69,5132.3,5086.2,671680.0,星期二,-0.0015,-0.005
2020-11-23,5080.76,5135.43,5156.94,5070.22,926941.0,星期一,0.0026,0.0108
2020-11-20,5059.46,5067.67,5071.6,5049.68,576602.0,星期五,-0.0002,0.0016
2020-11-19,5011.31,5060.22,5072.75,5001.45,635194.0,星期四,-0.002,0.0098
2020-11-18,5006.89,5021.28,5046.72,4999.55,835962.0,星期三,-0.0009,0.0029
2020-11-17,5010.32,5011.42,5027.85,4983.5,668886.0,星期二,0.0004,0.0002
2020-11-16,4986.24,5008.47,5008.47,4951.7,643807.0,星期一,0.0057,0.0045
2020-11-13,5001.84,4957.86,5001.84,4926.34,633539.0,星期五,-0.0052,-0.0088
2020-11-12,5038.59,5028.18,5047.89,5012.8,590354.0,星期四,0.0015,-0.0021
2020-11-11,5050.17,5030.86,5073.66,5027.42,809824.0,星期三,-0.002,-0.0038
2020-11-10,5094.94,5060.27,5095.28,5036.07,859622.0,星期二,0.0024,-0.0068
2020-11-09,5028.59,5082.61,5093.19,5028.59,945808.0,星期一,0.007,0.0107
2020-11-06,4992.3,4993.62,5007.17,4952.5,760613.0,星期五,0.0028,0.0003
2020-11-05,4961.49,4978.59,4987.73,4937.36,670774.0,星期四,0.0094,0.0034
2020-11-04,4871.23,4915.08,4923.08,4864.76,524992.0,星期三,0.0014,0.009
2020-11-03,4831.5,4864.66,4884.81,4827.09,674847.0,星期二,0.005,0.0069
2020-11-02,4792.47,4807.32,4833.46,4784.48,705873.0,星期一,0.003,0.0031
2020-10-30,4858.49,4778.26,4863.81,4767.08,682373.0,星期五,0.0,-0.0165
2020-10-29,4774.75,4858.49,4896.16,4771.95,579983.0,星期四,-0.0104,0.0175
2020-10-28,4791.98,4824.7,4841.36,4780.99,530637.0,星期三,0.0011,0.0068
2020-10-27,4786.98,4786.53,4801.46,4768.88,464359.0,星期二,-0.0019,-0.0001
2020-10-26,4804.05,4796.16,4818.39,4760.07,589712.0,星期一,-0.007,-0.0016
2020-10-23,4872.5,4837.72,4910.16,4837.72,581570.0,星期五,-0.0015,-0.0071
2020-10-22,4873.23,4879.7,4890.63,4819.04,502168.0,星期四,-0.0018,0.0013
2020-10-21,4870.02,4881.86,4883.94,4840.37,548985.0,星期三,0.0016,0.0024
2020-10-20,4827.54,4862.2,4862.23,4818.09,504080.0,星期二,-0.0008,0.0072
2020-10-19,4885.17,4831.28,4930.71,4823.55,683546.0,星期一,0.0068,-0.011
2020-10-16,4849.94,4852.01,4880.91,4828.54,603153.0,星期五,0.0005,0.0004
2020-10-15,4845.34,4847.54,4884.29,4840.83,511946.0,星期四,0.0,0.0005
2020-10-14,4865.0,4845.16,4865.0,4829.25,527373.0,星期三,-0.0004,-0.0041
2020-10-13,4843.95,4866.77,4872.7,4826.65,519950.0,星期二,-0.0016,0.0047
2020-10-12,4719.57,4851.62,4852.05,4719.57,766870.0,星期一,0.0042,0.028
2020-10-09,4694.48,4699.68,4717.63,4682.07,520283.0,星期五,0.0139,0.0011
2020-09-30,4649.32,4630.33,4679.29,4607.52,452223.0,星期三,0.0038,-0.0041
2020-09-29,4656.53,4631.74,4658.58,4631.58,415351.0,星期二,0.0053,-0.0053
2020-09-28,4619.24,4632.19,4657.13,4618.55,392711.0,星期一,0.0025,0.0028
2020-09-25,4619.0,4607.61,4631.93,4593.69,421752.0,星期五,0.004,-0.0025
2020-09-24,4654.91,4600.74,4664.09,4597.53,541296.0,星期四,-0.0051,-0.0116
2020-09-23,4678.92,4678.9,4696.6,4658.77,408309.0,星期三,-0.0005,-0.0
2020-09-22,4697.74,4681.23,4750.33,4667.99,546335.0,星期二,-0.0074,-0.0035
2020-09-21,4798.6,4732.77,4801.45,4731.59,590168.0,星期一,0.0023,-0.0137
2020-09-18,4675.87,4787.82,4787.82,4668.6,828594.0,星期五,0.0012,0.0239
2020-09-17,4693.69,4670.15,4701.89,4649.87,478299.0,星期四,-0.0027,-0.005
2020-09-16,4733.8,4706.55,4739.02,4690.16,459032.0,星期三,-0.0013,-0.0058
2020-09-15,4703.16,4740.16,4744.23,4683.0,444673.0,星期二,0.0001,0.0079
2020-09-14,4693.77,4702.78,4708.74,4676.07,447166.0,星期一,0.0044,0.0019
2020-09-11,4635.98,4673.31,4679.51,4622.59,493724.0,星期五,-0.0024,0.0081
2020-09-10,4678.73,4647.01,4694.28,4636.89,650766.0,星期四,0.0096,-0.0068
2020-09-09,4669.03,4634.44,4687.39,4610.04,628332.0,星期三,-0.0116,-0.0074
2020-09-08,4706.47,4724.05,4733.83,4667.19,647032.0,星期二,0.0038,0.0037
2020-09-07,4757.73,4688.85,4792.44,4674.14,706463.0,星期一,-0.0025,-0.0145
2020-09-04,4748.93,4769.72,4777.41,4730.94,576509.0,星期五,-0.0153,0.0044
2020-09-03,4842.58,4822.56,4886.04,4806.0,713002.0,星期四,0.0,-0.0041
2020-09-02,4862.81,4842.35,4866.01,4797.32,790375.0,星期三,0.0043,-0.0042
2020-09-01,4810.55,4841.91,4841.95,4799.67,623370.0,星期二,-0.0028,0.0065
2020-08-31,4879.59,4824.2,4911.96,4822.67,1045416.0,星期一,0.006,-0.0114
2020-08-28,4726.01,4850.41,4856.45,4719.41,830019.0,星期五,-0.0012,0.0263
2020-08-27,4733.91,4731.71,4736.95,4689.9,533123.0,星期四,0.003,-0.0005
2020-08-26,4761.26,4719.78,4788.83,4704.78,703153.0,星期三,0.0003,-0.0087
2020-08-25,4755.89,4759.98,4789.13,4744.44,671184.0,星期二,0.003,0.0009
2020-08-24,4741.68,4741.65,4764.41,4723.58,769798.0,星期一,0.0065,-0.0
2020-08-21,4713.38,4711.05,4729.88,4679.18,625410.0,星期五,0.0083,-0.0005
2020-08-20,4703.83,4674.46,4709.95,4657.53,740013.0,星期四,-0.006,-0.0062
2020-08-19,4781.81,4732.33,4795.04,4730.17,890457.0,星期三,-0.0017,-0.0103
2020-08-18,4798.6,4789.92,4804.04,4766.72,924207.0,星期二,0.0002,-0.0018
2020-08-17,4706.53,4797.62,4830.41,4705.36,1439260.0,星期一,0.0047,0.0194
2020-08-14,4607.56,4684.47,4688.63,4597.67,719035.0,星期五,-0.0017,0.0167
2020-08-13,4642.89,4615.47,4650.3,4604.51,707164.0,星期四,0.0035,-0.0059
2020-08-12,4629.55,4626.57,4649.74,4556.64,929516.0,星期三,-0.0025,-0.0006
2020-08-11,4671.29,4641.23,4739.28,4635.27,983544.0,星期二,0.0016,-0.0064
2020-08-10,4609.84,4663.73,4692.44,4577.81,954475.0,星期一,-0.0049,0.0117
2020-08-07,4661.42,4632.62,4674.19,4573.57,926804.0,星期五,-0.0044,-0.0062
2020-08-06,4690.3,4681.99,4708.2,4617.46,974493.0,星期四,0.0009,-0.0018
2020-08-05,4694.31,4686.08,4697.86,4642.04,837217.0,星期三,-0.0042,-0.0018
2020-08-04,4692.86,4714.05,4734.02,4672.39,1063881.0,星期二,0.0019,0.0045
2020-08-03,4663.93,4683.84,4684.49,4643.12,925361.0,星期一,0.0062,0.0043
2020-07-31,4612.32,4635.07,4692.52,4572.19,812285.0,星期五,-0.0004,0.0049
2020-07-30,4652.27,4614.04,4667.57,4612.87,668905.0,星期四,0.0011,-0.0082
2020-07-29,4553.36,4647.39,4648.61,4536.82,829107.0,星期三,-0.002,0.0207
2020-07-28,4553.1,4562.33,4589.39,4536.3,694388.0,星期二,0.0081,0.002
2020-07-27,4536.28,4516.58,4553.41,4474.43,755957.0,星期一,0.0065,-0.0043
2020-07-24,4664.55,4506.82,4671.7,4479.3,1081089.0,星期五,-0.0068,-0.0338
2020-07-23,4666.2,4696.67,4718.33,4603.47,1045029.0,星期四,-0.0097,0.0065
2020-07-22,4687.4,4712.13,4792.75,4681.62,1004260.0,星期三,-0.0016,0.0053
2020-07-21,4711.09,4694.92,4718.34,4670.6,854994.0,星期二,0.0031,-0.0034
2020-07-20,4607.4,4696.32,4701.83,4556.99,1160119.0,星期一,0.0093,0.0193
2020-07-17,4542.63,4564.91,4615.41,4511.75,982858.0,星期五,0.0019,0.0049
2020-07-16,4749.96,4534.16,4770.61,4534.16,1384956.0,星期四,-0.0006,-0.0454
2020-07-15,4809.76,4752.59,4825.52,4730.14,1286424.0,星期三,0.0026,-0.0119
2020-07-14,4825.56,4797.5,4851.14,4732.19,1436283.0,星期二,-0.0038,-0.0058
2020-07-13,4753.37,4843.74,4881.05,4750.94,1555038.0,星期一,-0.0031,0.019
2020-07-10,4829.37,4768.15,4843.79,4751.51,1564216.0,星期五,-0.0107,-0.0127
2020-07-09,4840.1,4881.41,4891.01,4814.57,1688743.0,星期四,-0.0014,0.0085
2020-07-08,4777.36,4846.84,4887.29,4758.65,1715240.0,星期三,-0.0019,0.0145
2020-07-07,4856.63,4786.58,4890.56,4786.58,2132864.0,星期二,0.017,-0.0144
2020-07-06,4546.93,4775.66,4786.64,4546.93,2200139.0,星期一,0.0111,0.0503
2020-07-03,4423.41,4497.0,4497.0,4414.92,1484323.0,星期五,0.0048,0.0166
2020-07-02,4288.84,4402.24,4406.44,4287.86,1289186.0,星期四,-0.0023,0.0264
2020-07-01,4202.86,4298.6,4298.6,4193.77,853289.0,星期三,0.0017,0.0228
2020-06-30,4172.97,4195.82,4206.97,4171.78,602476.0,星期二,0.0038,0.0055
2020-06-29,4174.23,4156.99,4183.35,4140.12,666761.0,星期一,-0.0031,-0.0041
2020-06-24,4169.3,4187.09,4192.43,4169.3,619592.0,星期三,0.0011,0.0043
2020-06-23,4145.78,4164.8,4168.28,4130.94,634314.0,星期二,-0.0021,0.0046
2020-06-22,4156.84,4154.47,4183.29,4142.7,785861.0,星期一,-0.002,-0.0006
2020-06-19,4111.96,4165.05,4175.44,4108.13,762135.0,星期五,0.0005,0.0129
2020-06-18,4072.42,4109.89,4112.69,4062.13,644237.0,星期四,-0.0019,0.0092
2020-06-17,4082.55,4080.36,4082.67,4057.4,467846.0,星期三,-0.0002,-0.0005
2020-06-16,4067.91,4083.52,4083.52,4061.05,521419.0,星期二,0.0104,0.0038
2020-06-15,4057.61,4026.07,4078.07,4026.07,656167.0,星期一,-0.0069,-0.0078
2020-06-12,4019.3,4085.91,4090.08,4014.51,668507.0,星期五,-0.0142,0.0166
2020-06-11,4116.32,4077.26,4121.58,4062.06,639246.0,星期四,-0.0034,-0.0095
2020-06-10,4149.17,4130.48,4149.22,4122.18,576341.0,星期三,0.0002,-0.0045
2020-06-09,4130.87,4148.49,4155.67,4120.02,584623.0,星期二,0.001,0.0043
2020-06-08,4120.26,4126.89,4154.87,4119.32,755663.0,星期一,0.0053,0.0016
2020-06-05,4082.94,4098.55,4098.55,4061.7,489021.0,星期五,0.0015,0.0038
2020-06-04,4095.14,4076.81,4097.42,4065.25,512905.0,星期四,0.0043,-0.0045
2020-06-03,4094.64,4077.55,4119.89,4076.81,649291.0,星期三,0.0047,-0.0042
2020-06-02,4049.76,4075.48,4083.12,4042.14,691582.0,星期二,-0.0012,0.0064
2020-06-01,3987.31,4054.66,4059.9,3987.31,646199.0,星期一,0.0089,0.0169
2020-05-29,3933.38,3952.13,3961.76,3926.81,422061.0,星期五,-0.0054,0.0048
2020-05-28,3940.71,3954.93,3984.61,3919.94,433604.0,星期四,0.001,0.0036
2020-05-27,3958.98,3936.75,3963.23,3930.68,393463.0,星期三,0.0005,-0.0056
2020-05-26,3941.63,3956.92,3960.08,3934.95,349027.0,星期二,0.0055,0.0039
2020-05-25,3916.42,3920.24,3920.61,3880.36,358688.0,星期一,0.0024,0.001
2020-05-22,3996.29,3907.18,3996.29,3907.18,481229.0,星期五,-0.0019,-0.0223
2020-05-21,4036.55,4004.03,4036.55,3998.9,387142.0,星期四,0.004,-0.0081
2020-05-20,4031.35,4020.3,4032.3,4009.2,445023.0,星期三,0.0003,-0.0027
2020-05-19,4045.84,4030.15,4047.2,4022.25,408828.0,星期二,0.011,-0.0039
2020-05-18,3982.64,4001.71,4019.97,3967.72,513040.0,星期一,-0.0,0.0048
2020-05-15,4019.45,3982.68,4023.59,3980.48,415863.0,星期五,0.0039,-0.0091
2020-05-14,4032.99,4003.67,4032.99,4002.02,380310.0,星期四,-0.004,-0.0073
2020-05-13,4031.95,4049.05,4053.07,4013.7,383508.0,星期三,-0.0031,0.0042
2020-05-12,4047.15,4044.6,4060.24,4023.12,445304.0,星期二,0.0005,-0.0006
2020-05-11,4054.77,4045.23,4084.24,4033.08,547425.0,星期一,0.0021,-0.0024
2020-05-08,4025.51,4046.18,4060.95,4016.71,541011.0,星期五,0.0044,0.0051
2020-05-07,4021.21,4007.99,4023.12,4000.43,504926.0,星期四,-0.0002,-0.0033
2020-05-06,3962.5,4021.86,4023.74,3962.27,689253.0,星期三,-0.0131,0.015
2020-04-30,3998.04,4014.94,4040.05,3998.04,639901.0,星期四,0.0024,0.0042
2020-04-29,3950.56,3988.41,3999.08,3947.46,502331.0,星期三,-0.0029,0.0096
2020-04-28,3943.34,3962.12,3972.37,3891.02,616797.0,星期二,0.004,0.0048
2020-04-27,3910.18,3927.54,3948.71,3903.25,474586.0,星期一,0.0031,0.0044
2020-04-24,3916.07,3898.23,3916.07,3888.7,422168.0,星期五,-0.0019,-0.0046
2020-04-23,3941.18,3923.62,3950.68,3919.79,428821.0,星期四,0.0031,-0.0045
2020-04-22,3881.96,3928.95,3928.95,3874.01,393046.0,星期三,-0.0038,0.0121
2020-04-21,3932.78,3896.89,3932.78,3872.96,473374.0,星期二,-0.0033,-0.0091
2020-04-20,3939.11,3945.96,3947.62,3923.15,495368.0,星期一,0.002,0.0017
2020-04-17,3918.06,3931.4,3953.48,3906.5,635785.0,星期五,0.0075,0.0034
2020-04-16,3872.68,3888.73,3895.44,3869.15,437770.0,星期四,-0.0047,0.0041
2020-04-15,3918.36,3890.79,3925.61,3885.82,488143.0,星期三,-0.0015,-0.007
2020-04-14,3885.18,3924.2,3924.3,3869.0,539684.0,星期二,0.0064,0.01
2020-04-13,3854.37,3860.63,3874.71,3846.18,377822.0,星期一,-0.0036,0.0016
2020-04-10,3875.27,3868.44,3917.34,3857.86,493293.0,星期五,0.0012,-0.0018
2020-04-09,3879.87,3870.57,3884.13,3866.91,438958.0,星期四,0.0046,-0.0024
2020-04-08,3863.82,3861.95,3873.74,3850.33,478839.0,星期三,-0.0053,-0.0005
2020-04-07,3876.65,3884.41,3890.93,3862.3,686055.0,星期二,0.0175,0.002
2020-04-03,3815.38,3809.84,3831.65,3794.95,479635.0,星期五,-0.0039,-0.0015
2020-04-02,3756.66,3830.3,3830.3,3752.51,533658.0,星期四,-0.0057,0.0196
2020-04-01,3787.56,3778.32,3833.17,3774.56,559375.0,星期三,-0.0005,-0.0024
2020-03-31,3811.61,3789.57,3822.55,3780.97,552436.0,星期二,0.0095,-0.0058
2020-03-30,3749.96,3775.81,3788.13,3741.04,629890.0,星期一,-0.0136,0.0069
2020-03-27,3830.26,3801.58,3847.32,3801.56,594961.0,星期五,0.0129,-0.0075
2020-03-26,3774.8,3781.34,3824.02,3765.74,519384.0,星期四,-0.0078,0.0017
2020-03-25,3799.61,3804.6,3818.15,3771.08,745701.0,星期三,0.0237,0.0013
2020-03-24,3670.67,3711.53,3714.06,3640.17,703220.0,星期二,0.0186,0.0111
2020-03-23,3598.97,3603.71,3647.54,3591.92,676512.0,星期一,-0.03,0.0013
2020-03-20,3672.55,3710.41,3722.4,3645.09,705900.0,星期五,0.0109,0.0103
2020-03-19,3688.08,3632.93,3709.49,3554.29,951966.0,星期四,-0.0052,-0.015
2020-03-18,3802.76,3707.35,3850.59,3706.99,751380.0,星期三,0.0037,-0.0251
2020-03-17,3820.7,3788.79,3872.4,3712.9,827341.0,星期二,0.0006,-0.0084
2020-03-16,3974.55,3818.55,3974.64,3812.77,918441.0,星期一,-0.0003,-0.0392
2020-03-13,3867.59,3975.92,4017.78,3856.29,933847.0,星期五,-0.0429,0.028
2020-03-12,4065.65,4040.82,4076.59,4023.03,748693.0,星期四,-0.0115,-0.0061
2020-03-11,4174.68,4112.83,4174.68,4112.8,709322.0,星期三,0.0018,-0.0148
2020-03-10,4069.06,4167.16,4181.12,4057.67,936971.0,星期二,-0.0042,0.0241
2020-03-09,4139.46,4086.24,4139.46,4080.38,1056111.0,星期一,-0.0187,-0.0129
2020-03-06,4251.43,4218.17,4267.9,4215.57,834591.0,星期五,-0.0104,-0.0078
2020-03-05,4220.36,4296.01,4305.79,4205.92,1137506.0,星期四,0.0072,0.0179
2020-03-04,4150.81,4190.05,4191.4,4146.55,860044.0,星期三,-0.0017,0.0095
2020-03-03,4194.5,4158.01,4201.82,4139.38,1025970.0,星期二,0.0126,-0.0087
2020-03-02,4038.49,4142.27,4165.39,4038.49,1066058.0,星期一,0.0054,0.0257
2020-02-28,4068.08,4016.82,4100.88,4009.35,1144975.0,星期五,-0.0192,-0.0126
2020-02-27,4138.92,4147.69,4170.55,4136.74,800226.0,星期四,0.0013,0.0021
2020-02-26,4103.02,4133.72,4177.97,4095.74,1249555.0,星期三,-0.0122,0.0075
2020-02-25,4120.62,4153.73,4154.16,4082.95,1083394.0,星期二,-0.0136,0.008
2020-02-24,4198.7,4177.62,4203.97,4157.89,992239.0,星期一,-0.0048,-0.005
2020-02-21,4218.69,4218.95,4251.85,4207.96,995972.0,星期五,-0.0033,0.0001
2020-02-20,4152.8,4232.73,4237.37,4149.4,1015899.0,星期四,0.0029,0.0192
2020-02-19,4127.94,4140.72,4165.05,4122.73,729679.0,星期三,-0.0013,0.0031
2020-02-18,4158.24,4133.49,4159.22,4114.85,758812.0,星期二,-0.003,-0.006
2020-02-17,4096.66,4170.8,4170.81,4094.0,876526.0,星期一,0.0016,0.0181
2020-02-14,4055.34,4090.18,4099.6,4054.39,656183.0,星期五,-0.0016,0.0086
2020-02-13,4091.86,4062.01,4107.56,4057.3,639910.0,星期四,-0.0003,-0.0073
2020-02-12,4066.89,4093.17,4093.17,4057.58,574035.0,星期三,-0.0023,0.0065
2020-02-11,4039.45,4076.09,4092.76,4030.85,689433.0,星期二,0.0032,0.0091
2020-02-10,3983.07,4026.48,4032.55,3969.09,679368.0,星期一,-0.0082,0.0109
2020-02-07,4001.51,4016.0,4016.0,3970.75,653612.0,星期五,-0.007,0.0036
2020-02-06,3991.28,4029.9,4045.59,3955.02,849636.0,星期四,0.0052,0.0097
2020-02-05,3950.45,3970.63,4005.37,3927.03,860461.0,星期三,0.0031,0.0051
2020-02-04,3824.08,3938.28,3939.63,3824.08,1116946.0,星期二,-0.004,0.0299
2020-02-03,3778.15,3839.61,3885.47,3778.15,986252.0,星期一,-0.0903,0.0163
2020-01-23,4244.98,4153.22,4244.98,4124.32,821785.0,星期四,-0.0092,-0.0216
2020-01-22,4250.09,4284.44,4292.03,4203.23,619569.0,星期三,-0.0051,0.0081
2020-01-21,4329.72,4271.79,4330.34,4269.91,626762.0,星期二,-0.0058,-0.0134
2020-01-20,4354.75,4354.81,4359.02,4329.54,544763.0,星期一,0.0047,0.0
2020-01-17,4340.95,4334.26,4358.89,4320.71,447226.0,星期五,0.0029,-0.0015
2020-01-16,4361.64,4328.29,4361.93,4321.67,484646.0,星期四,0.0026,-0.0076
2020-01-15,4375.65,4350.26,4385.26,4338.93,510993.0,星期三,-0.0006,-0.0058
2020-01-14,4405.14,4378.11,4415.49,4376.2,628199.0,星期二,0.0025,-0.0061
2020-01-13,4362.0,4394.0,4394.0,4346.05,571144.0,星期一,0.0012,0.0073
2020-01-10,4373.16,4356.82,4376.77,4345.67,554855.0,星期五,0.0033,-0.0037
2020-01-09,4340.7,4358.57,4360.95,4338.46,696072.0,星期四,0.0083,0.0041
2020-01-08,4327.38,4305.1,4338.36,4293.52,849825.0,星期三,-0.0055,-0.0051
2020-01-07,4330.81,4351.43,4356.92,4330.8,656820.0,星期二,0.0026,0.0048
2020-01-06,4325.62,4319.58,4363.25,4292.68,892196.0,星期一,-0.0055,-0.0014
2020-01-03,4375.96,4349.7,4378.66,4339.83,727018.0,星期五,0.0023,-0.006
2020-01-02,4339.05,4366.06,4389.18,4339.05,927847.0,星期四,0.0049,0.0062
2019-12-31,4304.22,4317.93,4319.41,4288.43,606339.0,星期二,-0.0015,0.0032
2019-12-30,4241.99,4310.54,4313.74,4231.04,824584.0,星期一,-0.0012,0.0162
2019-12-27,4247.1,4247.19,4287.37,4244.54,714278.0,星期五,0.0008,0.0
2019-12-26,4211.69,4243.91,4243.91,4211.69,493523.0,星期四,0.0005,0.0077
2019-12-25,4219.04,4209.62,4220.8,4196.93,428203.0,星期三,-0.0008,-0.0022
2019-12-24,4207.69,4222.43,4225.85,4200.39,449850.0,星期二,0.0007,0.0035
2019-12-23,4255.13,4204.72,4268.71,4201.75,578651.0,星期一,0.0009,-0.0118
2019-12-20,4265.25,4251.42,4280.36,4248.1,566468.0,星期五,0.0015,-0.0032
2019-12-19,4264.94,4258.97,4272.06,4246.26,593992.0,星期四,0.0008,-0.0014
2019-12-18,4271.1,4261.74,4289.22,4254.16,706663.0,星期三,-0.0001,-0.0022
2019-12-17,4214.75,4271.66,4299.75,4208.26,1034973.0,星期二,-0.0,0.0135
2019-12-16,4208.58,4214.79,4214.82,4186.28,735118.0,星期一,-0.0006,0.0015
2019-12-13,4163.08,4211.01,4212.06,4160.18,760636.0,星期五,0.0103,0.0115
2019-12-12,4141.95,4120.73,4141.95,4115.15,390005.0,星期四,0.002,-0.0051
2019-12-11,4134.38,4133.63,4138.99,4116.01,478296.0,星期三,0.0025,-0.0002
2019-12-10,4114.89,4124.25,4125.64,4110.06,424400.0,星期二,-0.0021,0.0023
2019-12-09,4138.56,4123.49,4141.13,4111.81,515346.0,星期一,0.0019,-0.0036
2019-12-06,4114.31,4130.57,4130.57,4107.75,401486.0,星期五,0.0019,0.004
2019-12-05,4098.7,4106.45,4113.69,4087.24,444294.0,星期四,0.0037,0.0019
2019-12-04,4080.75,4083.42,4087.43,4063.13,450374.0,星期三,-0.0017,0.0007
2019-12-03,4067.24,4087.72,4087.92,4046.7,381465.0,星期二,-0.001,0.005
2019-12-02,4069.57,4071.17,4090.97,4063.23,393952.0,星期一,0.0014,0.0004
2019-11-29,4098.2,4063.95,4103.53,4041.57,395160.0,星期五,-0.002,-0.0084
2019-11-28,4124.1,4106.25,4133.53,4095.05,328932.0,星期四,0.0008,-0.0043
2019-11-27,4131.87,4121.0,4136.32,4108.78,395874.0,星期三,-0.0015,-0.0026
2019-11-26,4150.39,4138.13,4156.25,4124.11,618313.0,星期二,0.004,-0.003
2019-11-25,4096.0,4134.01,4134.1,4090.54,578405.0,星期一,0.0007,0.0093
2019-11-22,4138.61,4093.21,4160.75,4077.92,456623.0,星期五,0.0011,-0.011
2019-11-21,4143.8,4134.16,4145.16,4120.35,367612.0,星期四,-0.0034,-0.0023
2019-11-20,4189.71,4157.87,4193.38,4151.57,367305.0,星期三,-0.0026,-0.0076
2019-11-19,4164.94,4200.59,4200.59,4164.03,393464.0,星期二,-0.0015,0.0086
2019-11-18,4138.83,4171.0,4177.5,4129.36,394855.0,星期一,-0.0004,0.0078
2019-11-15,4170.26,4140.47,4174.2,4140.41,427448.0,星期五,0.0012,-0.0071
2019-11-14,4175.49,4165.21,4181.44,4158.94,446246.0,星期四,0.0021,-0.0025
2019-11-13,4173.8,4166.64,4176.66,4150.4,396326.0,星期三,0.0002,-0.0017
2019-11-12,4175.37,4173.08,4184.16,4148.56,386954.0,星期二,0.001,-0.0005
2019-11-11,4216.38,4171.32,4216.38,4166.46,489290.0,星期一,-0.0065,-0.0107
2019-11-08,4295.63,4244.08,4299.95,4242.28,474454.0,星期五,0.0066,-0.012
2019-11-07,4266.8,4267.42,4282.67,4250.36,403108.0,星期四,-0.0,0.0001
2019-11-06,4287.75,4266.87,4288.18,4256.3,471816.0,星期三,0.0012,-0.0049
2019-11-05,4263.64,4282.81,4319.05,4252.06,608173.0,星期二,0.0012,0.0045
2019-11-04,4248.32,4258.42,4264.64,4244.66,501308.0,星期一,0.0033,0.0024
2019-11-01,4156.16,4234.52,4241.42,4147.24,505833.0,星期五,-0.0004,0.0189
2019-10-31,4173.76,4157.77,4173.8,4148.89,469054.0,星期四,0.0049,-0.0038
2019-10-30,4172.73,4153.6,4179.13,4146.96,404713.0,星期三,-0.0008,-0.0046
2019-10-29,4189.39,4176.09,4195.65,4173.82,420482.0,星期二,0.0015,-0.0032
2019-10-28,4166.59,4183.09,4186.6,4156.37,511596.0,星期一,0.0008,0.004
2019-10-25,4144.51,4163.32,4167.36,4116.7,422679.0,星期五,-0.0002,0.0045
2019-10-24,4152.96,4145.39,4168.94,4128.31,402619.0,星期四,0.0022,-0.0018
2019-10-23,4163.3,4144.05,4175.32,4133.73,391940.0,星期三,-0.0009,-0.0046
2019-10-22,4180.12,4167.13,4180.12,4142.25,361471.0,星期二,0.0048,-0.0031
2019-10-21,4139.11,4160.07,4166.67,4129.55,417436.0,星期一,-0.001,0.0051
2019-10-18,4218.04,4143.18,4225.68,4139.71,437075.0,星期五,0.0028,-0.0177
2019-10-17,4210.26,4206.13,4216.57,4193.43,335785.0,星期四,0.0018,-0.001
2019-10-16,4217.68,4202.5,4250.71,4197.54,435136.0,星期三,0.0002,-0.0036
2019-10-15,4228.64,4216.82,4228.64,4206.48,429923.0,星期二,0.0012,-0.0028
2019-10-14,4217.11,4223.38,4260.76,4203.33,703786.0,星期一,0.0083,0.0015
2019-10-11,4146.47,4182.37,4191.59,4132.95,497818.0,星期五,0.0033,0.0087
2019-10-10,4103.11,4132.75,4135.59,4091.86,390180.0,星期四,-0.0024,0.0072
2019-10-09,4093.14,4113.04,4123.14,4075.93,420956.0,星期三,-0.0043,0.0049
2019-10-08,4077.12,4110.78,4132.84,4077.12,406112.0,星期二,0.001,0.0083
2019-09-30,4099.46,4073.04,4120.25,4071.93,333425.0,星期一,-0.0037,-0.0064
2019-09-27,4111.98,4114.71,4121.48,4096.51,386800.0,星期五,0.0003,0.0007
2019-09-26,4139.45,4110.75,4151.35,4109.22,538578.0,星期四,0.0038,-0.0069
2019-09-25,4128.2,4123.81,4141.18,4115.54,442826.0,星期三,-0.0032,-0.0011
2019-09-24,4136.08,4141.47,4166.33,4127.08,408134.0,星期二,0.0018,0.0013
2019-09-23,4165.64,4128.62,4165.64,4107.18,431794.0,星期一,-0.0024,-0.0089
2019-09-20,4178.25,4175.66,4183.33,4164.47,535346.0,星期五,0.0025,-0.0006
2019-09-19,4177.04,4167.84,4177.14,4146.03,408945.0,星期四,0.0039,-0.0022
2019-09-18,4150.24,4160.82,4178.12,4150.07,416571.0,星期三,0.0035,0.0025
2019-09-17,4189.8,4135.62,4189.8,4123.5,580386.0,星期二,-0.0028,-0.0129
2019-09-16,4232.37,4201.51,4233.6,4187.43,562890.0,星期一,0.0014,-0.0073
2019-09-12,4190.33,4226.31,4228.84,4182.23,583037.0,星期四,0.0038,0.0086
2019-09-11,4213.15,4174.37,4214.99,4161.36,695122.0,星期三,0.0021,-0.0092
2019-09-10,4224.12,4204.26,4224.37,4182.82,689276.0,星期二,0.0016,-0.0047
2019-09-09,4238.74,4217.52,4243.48,4205.77,793763.0,星期一,0.0076,-0.005
2019-09-06,4201.06,4206.94,4207.01,4173.04,639625.0,星期五,0.0062,0.0014
2019-09-05,4160.47,4175.34,4225.35,4160.47,960862.0,星期四,0.0057,0.0036
2019-09-04,4097.07,4136.84,4136.84,4094.72,661268.0,星期三,-0.0013,0.0097
2019-09-03,4106.69,4102.48,4110.24,4082.57,505022.0,星期二,0.0014,-0.001
2019-09-02,4067.42,4100.79,4110.13,4062.83,565213.0,星期一,0.001,0.0082
2019-08-30,4071.32,4063.48,4084.78,4040.14,487386.0,星期五,0.0077,-0.0019
2019-08-29,4058.86,4040.01,4063.16,4022.84,442090.0,星期四,0.0006,-0.0046
2019-08-28,4073.34,4056.38,4078.27,4042.09,462382.0,星期三,0.0001,-0.0042
2019-08-27,4052.9,4072.74,4109.59,4052.74,690178.0,星期二,0.0066,0.0049
2019-08-26,4027.82,4026.34,4047.26,4013.73,499751.0,星期一,-0.0167,-0.0004
2019-08-23,4065.12,4096.19,4106.17,4056.45,466883.0,星期五,0.0009,0.0076
2019-08-22,4060.09,4061.4,4063.63,4039.65,474282.0,星期四,0.0035,0.0003
2019-08-21,4044.35,4045.94,4055.69,4039.19,416843.0,星期三,-0.0018,0.0004
2019-08-20,4046.65,4051.63,4065.31,4039.54,563716.0,星期二,-0.0019,0.0012
2019-08-19,4000.75,4054.49,4054.49,3980.26,770401.0,星期一,0.0065,0.0134
2019-08-16,3964.34,3974.75,4006.26,3949.09,456716.0,星期五,0.0012,0.0026
2019-08-15,3886.7,3959.44,3960.14,3881.38,464347.0,星期四,-0.0167,0.0187
2019-08-14,3985.81,3952.78,3991.58,3951.71,485445.0,星期三,0.0127,-0.0083
2019-08-13,3953.2,3935.87,3964.91,3928.05,405055.0,星期二,-0.0058,-0.0044
2019-08-12,3923.05,3976.29,3976.29,3920.86,458740.0,星期一,0.0046,0.0136
2019-08-09,3956.38,3905.21,3959.57,3898.55,493878.0,星期五,0.0045,-0.0129
2019-08-08,3915.48,3938.47,3944.67,3913.35,541020.0,星期四,0.0086,0.0059
2019-08-07,3919.61,3882.14,3923.17,3882.14,488906.0,星期三,0.0043,-0.0096
2019-08-06,3864.66,3902.88,3916.71,3836.18,729641.0,星期二,-0.0181,0.0099
2019-08-05,3984.96,3935.8,3998.55,3935.07,585500.0,星期一,-0.0072,-0.0123
2019-08-02,3995.97,4013.82,4022.66,3986.72,595841.0,星期五,-0.0188,0.0045
2019-08-01,4093.33,4072.69,4105.03,4060.64,449650.0,星期四,-0.004,-0.005
2019-07-31,4135.09,4109.84,4136.01,4102.22,481626.0,星期三,-0.0041,-0.0061
2019-07-30,4144.78,4152.32,4174.92,4144.78,536142.0,星期二,0.0022,0.0018
2019-07-29,4138.12,4135.49,4145.17,4123.83,464559.0,星期一,-0.0003,-0.0006
2019-07-26,4116.1,4139.48,4145.95,4114.29,479891.0,星期五,-0.0045,0.0057
2019-07-25,4098.87,4134.55,4134.55,4087.06,549712.0,星期四,0.0006,0.0087
2019-07-24,4085.29,4096.23,4120.93,4084.94,502371.0,星期三,0.0041,0.0027
2019-07-23,4073.86,4068.6,4078.36,4050.66,395388.0,星期二,0.0008,-0.0013
2019-07-22,4090.63,4070.68,4098.22,4051.38,513363.0,星期一,0.0012,-0.0049
2019-07-19,4061.85,4085.77,4103.87,4061.14,495983.0,星期五,0.006,0.0059
2019-07-18,4057.19,4037.76,4059.56,4036.88,490880.0,星期四,-0.0029,-0.0048
2019-07-17,4068.52,4069.01,4089.16,4053.96,545648.0,星期三,-0.0021,0.0001
2019-07-16,4099.1,4077.0,4106.68,4071.12,448196.0,星期二,-0.0008,-0.0054
2019-07-15,4077.0,4102.33,4126.27,4025.91,535101.0,星期一,-0.0048,0.0062
2019-07-12,4065.09,4096.8,4110.55,4059.75,431264.0,星期五,-0.0009,0.0078
2019-07-11,4091.8,4068.65,4119.75,4059.39,390509.0,星期四,0.0051,-0.0057
2019-07-10,4092.91,4070.87,4094.93,4057.09,370949.0,星期三,0.0048,-0.0054
2019-07-09,4084.9,4073.27,4096.98,4056.69,384633.0,星期二,-0.001,-0.0028
2019-07-08,4159.0,4088.88,4159.0,4058.38,594256.0,星期一,-0.0047,-0.0169
2019-07-05,4155.4,4178.74,4186.02,4135.92,405473.0,星期五,0.0004,0.0056
2019-07-04,4175.12,4153.59,4187.58,4134.04,569559.0,星期四,0.0008,-0.0052
2019-07-03,4210.51,4171.64,4210.51,4154.6,644280.0,星期三,-0.0026,-0.0092
2019-07-02,4215.1,4221.43,4226.04,4202.62,730381.0,星期二,-0.0013,0.0015
2019-07-01,4181.89,4220.48,4225.53,4171.63,861176.0,星期一,0.0191,0.0092
2019-06-28,4106.88,4103.71,4112.3,4077.8,436906.0,星期五,-0.0009,-0.0008
2019-06-27,4079.62,4110.66,4130.13,4077.25,589064.0,星期四,0.0039,0.0076
2019-06-26,4052.8,4063.83,4080.55,4045.08,448531.0,星期三,-0.005,0.0027
2019-06-25,4116.49,4073.12,4117.41,4024.49,711652.0,星期二,-0.0009,-0.0105
2019-06-24,4111.14,4120.38,4134.2,4095.16,562815.0,星期一,0.0007,0.0022
2019-06-21,4112.54,4108.16,4137.49,4093.16,869132.0,星期五,-0.0001,-0.0011
2019-06-20,3986.0,4113.12,4131.51,3984.78,990507.0,星期四,0.0014,0.0319
2019-06-19,4024.67,3980.28,4034.26,3979.7,714499.0,星期三,0.0247,-0.011
2019-06-18,3919.47,3927.64,3934.09,3896.64,376386.0,星期二,0.0019,0.0021
2019-06-17,3909.37,3912.09,3943.92,3902.72,372232.0,星期一,-0.0004,0.0007
2019-06-14,3939.53,3910.98,3963.37,3905.43,535932.0,星期五,0.0014,-0.0072
2019-06-13,3944.68,3934.08,3948.94,3902.33,502332.0,星期四,-0.0,-0.0027
2019-06-12,3958.81,3944.84,3959.97,3936.17,652049.0,星期三,-0.0035,-0.0035
2019-06-11,3872.66,3972.8,3977.75,3872.66,803774.0,星期二,0.0023,0.0259
2019-06-10,3825.2,3863.84,3878.54,3816.55,503211.0,星期一,0.0043,0.0101
2019-06-06,3842.61,3808.94,3842.61,3800.42,436551.0,星期四,0.0019,-0.0088
2019-06-05,3863.44,3835.51,3872.21,3831.85,473948.0,星期三,0.0083,-0.0072
2019-06-04,3867.44,3831.63,3872.42,3818.52,455958.0,星期二,0.0004,-0.0093
2019-06-03,3863.04,3865.81,3899.09,3841.15,545735.0,星期一,0.0033,0.0007
2019-05-31,3867.05,3850.46,3895.82,3850.46,469043.0,星期五,-0.0008,-0.0043
2019-05-30,3878.24,3870.31,3882.25,3841.39,510059.0,星期四,-0.0039,-0.002
2019-05-29,3863.17,3893.31,3926.66,3857.5,511506.0,星期三,-0.0086,0.0078
2019-05-28,3850.16,3896.51,3908.35,3845.22,660263.0,星期二,-0.0013,0.012
2019-05-27,3817.1,3854.98,3867.2,3774.19,584974.0,星期一,-0.0016,0.0099
2019-05-24,3808.98,3823.4,3851.88,3807.94,422576.0,星期五,0.0018,0.0038
2019-05-23,3845.51,3802.15,3848.77,3797.78,539408.0,星期四,-0.0061,-0.0113
2019-05-22,3883.27,3869.24,3901.13,3855.19,510558.0,星期三,-0.0014,-0.0036
2019-05-21,3849.63,3888.66,3920.84,3840.3,595829.0,星期二,0.0002,0.0101
2019-05-20,3867.35,3848.76,3884.54,3820.02,579281.0,星期一,-0.0035,-0.0048
2019-05-17,3966.85,3881.0,3967.46,3869.43,654207.0,星期五,0.0001,-0.0216
2019-05-16,3944.78,3966.41,3970.97,3930.23,606219.0,星期四,-0.002,0.0055
2019-05-15,3893.02,3952.87,3969.75,3893.02,570443.0,星期三,0.0079,0.0154
2019-05-14,3846.66,3862.44,3903.66,3846.66,518638.0,星期二,-0.0103,0.0041
2019-05-13,3892.81,3886.63,3922.85,3874.95,542383.0,星期一,-0.0152,-0.0016
2019-05-10,3861.22,3953.0,3957.25,3809.62,792812.0,星期五,0.0126,0.0238
2019-05-09,3865.87,3813.28,3878.96,3794.37,552372.0,星期四,-0.0076,-0.0136
2019-05-08,3881.94,3895.58,3951.38,3877.21,594858.0,星期三,-0.0191,0.0035
2019-05-07,3944.22,3957.33,3977.35,3910.46,689429.0,星期二,0.0043,0.0033
2019-05-06,4011.43,3927.17,4029.97,3886.94,1110440.0,星期一,-0.0344,-0.021
2019-04-30,4134.1,4154.38,4171.65,4122.41,610156.0,星期二,-0.0041,0.0049
2019-04-29,4117.4,4151.15,4197.85,4106.29,809677.0,星期一,0.0035,0.0082
2019-04-26,4134.22,4103.05,4159.17,4101.45,748692.0,星期五,-0.005,-0.0075
2019-04-25,4216.69,4154.87,4228.31,4149.12,821200.0,星期四,-0.0045,-0.0147
2019-04-24,4254.32,4235.78,4265.46,4174.01,786817.0,星期三,0.0042,-0.0044
2019-04-23,4223.04,4236.32,4276.96,4215.23,801090.0,星期二,-0.0014,0.0031
2019-04-22,4337.64,4228.97,4338.75,4217.55,971937.0,星期一,0.0002,-0.0251
2019-04-19,4280.64,4336.86,4336.88,4248.99,721522.0,星期五,0.0019,0.0131
2019-04-18,4285.28,4272.55,4292.4,4255.04,715473.0,星期四,-0.0,-0.003
2019-04-17,4282.85,4285.49,4304.41,4252.47,946377.0,星期三,-0.0018,0.0006
2019-04-16,4144.15,4290.59,4290.59,4131.88,1152090.0,星期二,-0.0045,0.0353
2019-04-15,4233.59,4162.86,4273.8,4161.59,1007140.0,星期一,0.0175,-0.0167
2019-04-12,4158.32,4160.74,4179.13,4133.39,647940.0,星期五,-0.0032,0.0006
2019-04-11,4258.69,4171.62,4275.56,4161.32,836959.0,星期四,-0.0003,-0.0204
2019-04-10,4231.94,4259.89,4286.57,4201.49,1001212.0,星期三,-0.0018,0.0066
2019-04-09,4225.76,4239.58,4243.64,4201.48,939342.0,星期二,0.0039,0.0033
2019-04-08,4241.47,4209.24,4275.51,4172.97,1393453.0,星期一,0.008,-0.0076
2019-04-04,4175.71,4207.74,4217.9,4165.76,1319801.0,星期四,0.003,0.0077
2019-04-03,4086.14,4163.02,4168.82,4079.1,1194222.0,星期三,-0.006,0.0188
2019-04-02,4128.1,4110.87,4133.32,4096.15,1111157.0,星期二,0.0024,-0.0042
2019-04-01,4056.02,4118.34,4129.4,4056.02,1445816.0,星期一,0.007,0.0154
2019-03-29,3887.67,4027.95,4033.84,3887.67,1151624.0,星期五,0.0033,0.0361
2019-03-28,3870.54,3874.97,3892.57,3844.93,657473.0,星期四,-0.0033,0.0011
2019-03-27,3854.93,3883.19,3896.77,3843.29,681037.0,星期三,0.006,0.0073
2019-03-26,3882.92,3831.99,3885.98,3815.2,818365.0,星期二,0.0067,-0.0131
2019-03-25,3910.49,3857.23,3925.94,3855.33,997608.0,星期一,-0.0147,-0.0136
2019-03-22,3977.91,3968.94,3990.02,3928.89,825196.0,星期五,0.0006,-0.0023
2019-03-21,3989.91,3975.63,4002.96,3967.77,933622.0,星期四,0.0009,-0.0036
2019-03-20,3968.69,3986.19,4009.44,3946.21,851501.0,星期三,-0.0028,0.0044
2019-03-19,4010.24,3979.95,4024.32,3963.81,938905.0,星期二,0.0015,-0.0076
2019-03-18,3901.34,4004.28,4004.28,3884.69,1162760.0,星期一,0.0017,0.0264
2019-03-15,3862.17,3894.71,3934.28,3861.04,859167.0,星期五,0.0033,0.0084
2019-03-14,3844.05,3849.44,3887.82,3829.08,922596.0,星期四,-0.0026,0.0014
2019-03-13,3874.64,3853.95,3889.06,3828.12,1124946.0,星期三,0.0016,-0.0053
2019-03-12,3886.75,3868.54,3923.53,3843.56,1365475.0,星期二,0.0078,-0.0047
2019-03-11,3805.41,3856.65,3860.27,3790.81,1143821.0,星期一,-0.0003,0.0135
2019-03-08,3873.22,3806.42,3911.83,3804.29,1520992.0,星期五,-0.0221,-0.0172
2019-03-07,4013.18,3960.82,4013.18,3934.92,1683184.0,星期四,-0.0026,-0.013
2019-03-06,4001.83,4023.74,4033.34,3961.72,1706272.0,星期三,0.0005,0.0055
2019-03-05,3989.83,3999.87,4005.15,3967.27,1203509.0,星期二,-0.0016,0.0025
2019-03-04,3995.32,3996.11,4098.65,3971.77,1762356.0,星期一,0.0079,0.0002
2019-03-01,3894.85,3963.82,3963.82,3868.63,1164042.0,星期五,0.0082,0.0177
2019-02-28,3868.52,3863.07,3891.66,3841.6,1032944.0,星期四,-0.0006,-0.0014
2019-02-27,3864.63,3870.75,3933.48,3830.4,1627753.0,星期三,0.0003,0.0016
2019-02-26,3929.37,3863.43,3955.15,3857.63,2009993.0,星期二,-0.0005,-0.0168
2019-02-25,3758.14,3931.51,3931.51,3758.14,1893287.0,星期一,0.0145,0.0461
2019-02-22,3630.5,3704.31,3704.31,3600.68,965204.0,星期五,-0.0006,0.0203
2019-02-21,3644.69,3632.77,3690.24,3621.02,931714.0,星期四,-0.0005,-0.0033
2019-02-20,3645.34,3646.35,3660.58,3618.1,821083.0,星期三,0.0043,0.0003
2019-02-19,3640.24,3629.9,3676.45,3611.8,973704.0,星期二,0.002,-0.0028
2019-02-18,3563.92,3633.12,3633.12,3563.7,1037145.0,星期一,0.0092,0.0194
2019-02-15,3596.98,3531.44,3600.18,3528.85,864509.0,星期五,-0.0039,-0.0182
2019-02-14,3597.95,3611.01,3623.84,3589.0,922932.0,星期四,-0.0015,0.0036
2019-02-13,3543.44,3603.39,3613.56,3532.62,883225.0,星期三,0.0025,0.0169
2019-02-12,3518.46,3534.66,3541.78,3504.95,700198.0,星期二,-0.0001,0.0046
2019-02-11,3450.22,3518.76,3519.86,3450.22,537075.0,星期一,-0.0043,0.0199
2019-02-01,3458.75,3465.24,3466.44,3429.29,454750.0,星期五,0.008,0.0019
2019-01-31,3396.13,3431.22,3436.07,3389.71,471423.0,星期四,0.0057,0.0103
2019-01-30,3389.1,3376.98,3411.19,3376.25,307822.0,星期三,-0.0039,-0.0036
2019-01-29,3373.25,3402.41,3408.59,3354.03,400265.0,星期二,-0.002,0.0086
2019-01-28,3400.73,3380.03,3430.16,3369.34,429709.0,星期一,0.0055,-0.0061
2019-01-25,3354.81,3382.12,3399.75,3353.69,445583.0,星期五,0.0026,0.0081
2019-01-24,3335.59,3346.23,3352.87,3311.32,342895.0,星期四,0.0023,0.0032
2019-01-23,3324.5,3327.9,3349.53,3320.11,286093.0,星期三,-0.0022,0.001
2019-01-22,3373.55,3331.9,3373.55,3323.19,353031.0,星期二,-0.0011,-0.0123
2019-01-21,3358.43,3377.23,3392.23,3358.43,490797.0,星期一,0.0005,0.0056
2019-01-18,3313.37,3356.9,3361.34,3307.18,535767.0,星期五,0.0052,0.0131
2019-01-17,3320.03,3296.08,3329.03,3294.45,416515.0,星期四,0.0019,-0.0072
2019-01-16,3307.23,3313.65,3319.54,3295.93,388540.0,星期三,-0.0011,0.0019
2019-01-15,3247.95,3310.79,3312.92,3241.06,442249.0,星期二,0.0018,0.0193
2019-01-14,3268.03,3242.12,3273.58,3239.48,345985.0,星期一,-0.0016,-0.0079
2019-01-11,3257.17,3273.4,3281.24,3247.27,357501.0,星期五,0.0036,0.005
2019-01-10,3250.19,3245.53,3266.26,3233.41,431253.0,星期四,-0.0006,-0.0014
2019-01-09,3234.29,3252.25,3291.45,3230.44,580635.0,星期三,0.0075,0.0056
2019-01-08,3215.04,3210.17,3218.74,3199.46,404251.0,星期二,-0.001,-0.0015
2019-01-07,3233.38,3218.14,3238.23,3206.53,498767.0,星期一,0.0063,-0.0047
2019-01-04,3118.83,3213.02,3216.32,3114.04,533660.0,星期五,-0.008,0.0302
2019-01-03,3135.05,3143.91,3173.56,3125.31,368580.0,星期四,-0.0022,0.0028
2019-01-02,3192.86,3141.96,3195.73,3128.93,400352.0,星期三,0.0022,-0.0159
2018-12-28,3167.05,3185.83,3203.05,3161.8,406986.0,星期五,0.0015,0.0059
2018-12-27,3213.04,3162.36,3216.95,3162.36,476756.0,星期四,0.0134,-0.0158
2018-12-26,3183.84,3170.56,3199.12,3165.32,310176.0,星期三,-0.0015,-0.0042
2018-12-25,3172.73,3188.61,3203.48,3135.04,444261.0,星期二,-0.0106,0.005
2018-12-24,3185.43,3206.78,3210.02,3176.02,332146.0,星期一,-0.0055,0.0067
2018-12-21,3232.84,3202.92,3235.62,3179.4,478192.0,星期五,-0.0042,-0.0093
2018-12-20,3274.8,3246.6,3289.23,3223.55,412249.0,星期四,-0.0027,-0.0086
2018-12-19,3324.39,3283.51,3329.29,3278.64,308652.0,星期三,0.0016,-0.0123
2018-12-18,3333.6,3319.23,3360.18,3306.38,355271.0,星期二,-0.0073,-0.0043
2018-12-17,3353.97,3358.11,3364.72,3333.94,365167.0,星期一,-0.002,0.0012
2018-12-14,3394.51,3360.63,3399.21,3360.63,437044.0,星期五,-0.0048,-0.01
2018-12-13,3363.4,3410.89,3425.72,3355.96,493408.0,星期四,0.0025,0.0141
2018-12-12,3369.47,3355.09,3369.47,3341.79,258663.0,星期三,0.0083,-0.0043
2018-12-11,3328.23,3341.6,3344.12,3325.06,253552.0,星期二,0.0,0.004
2018-12-10,3332.98,3328.19,3351.85,3315.29,322926.0,星期一,-0.0093,-0.0014
2018-12-07,3372.61,3364.17,3381.14,3359.38,259786.0,星期五,0.0022,-0.0025
2018-12-06,3396.33,3365.28,3403.81,3362.4,404995.0,星期四,-0.0118,-0.0091
2018-12-05,3413.35,3436.87,3451.36,3409.55,393615.0,星期三,-0.0123,0.0069
2018-12-04,3446.3,3455.87,3456.37,3430.86,430063.0,星期二,-0.0011,0.0028
2018-12-03,3452.76,3449.99,3464.42,3417.43,661171.0,星期一,0.0277,-0.0008
2018-11-30,3324.99,3359.7,3363.32,3324.23,374124.0,星期五,0.0003,0.0104
2018-11-29,3381.91,3323.86,3387.45,3323.86,414002.0,星期四,0.0066,-0.0172
2018-11-28,3321.33,3359.7,3363.57,3316.27,361053.0,星期三,0.0004,0.0116
2018-11-27,3339.12,3319.98,3348.37,3310.11,287608.0,星期二,0.0024,-0.0057
2018-11-26,3339.03,3331.06,3359.79,3320.85,296792.0,星期一,0.0028,-0.0024
2018-11-23,3381.81,3329.63,3391.46,3326.29,419251.0,星期五,-0.002,-0.0154
2018-11-22,3411.1,3388.49,3413.09,3372.45,319041.0,星期四,0.002,-0.0066
2018-11-21,3366.02,3404.46,3411.57,3364.82,429790.0,星期三,-0.0093,0.0114
2018-11-20,3445.45,3397.46,3456.67,3391.1,550689.0,星期二,-0.0075,-0.0139
2018-11-19,3431.47,3471.59,3471.59,3425.53,563034.0,星期一,0.0011,0.0117
2018-11-16,3414.99,3427.76,3454.38,3395.46,633291.0,星期五,-0.0002,0.0037
2018-11-15,3376.21,3415.61,3415.7,3372.94,496774.0,星期四,-0.001,0.0117
2018-11-14,3418.25,3379.7,3418.97,3374.26,570596.0,星期三,-0.0008,-0.0113
2018-11-13,3348.2,3421.0,3438.35,3345.21,603171.0,星期二,-0.0126,0.0217
2018-11-12,3357.91,3390.95,3393.34,3346.83,467148.0,星期一,-0.0027,0.0098
2018-11-09,3406.67,3366.86,3406.67,3365.36,497699.0,星期五,-0.0065,-0.0117
2018-11-08,3463.89,3428.97,3465.76,3422.76,401097.0,星期四,0.0099,-0.0101
2018-11-07,3454.2,3429.77,3481.91,3425.15,487659.0,星期三,0.0005,-0.0071
2018-11-06,3466.86,3452.33,3467.54,3422.42,427723.0,星期二,-0.0022,-0.0042
2018-11-05,3488.18,3474.5,3491.75,3444.06,560951.0,星期一,-0.0078,-0.0039
2018-11-02,3488.63,3515.67,3517.77,3441.58,875666.0,星期五,0.027,0.0078
2018-11-01,3409.76,3396.93,3444.82,3391.37,724231.0,星期四,0.0103,-0.0038
2018-10-31,3336.86,3375.16,3389.0,3322.73,625982.0,星期三,0.0025,0.0115
2018-10-30,3277.81,3328.44,3371.62,3272.82,638174.0,星期二,-0.0053,0.0154
2018-10-29,3394.09,3295.37,3396.21,3280.18,532924.0,星期一,-0.006,-0.0291
2018-10-26,3445.02,3414.43,3459.82,3387.45,524809.0,星期五,0.002,-0.0089
2018-10-25,3349.29,3438.12,3441.1,3341.62,568030.0,星期四,-0.0234,0.0265
2018-10-24,3406.04,3429.4,3495.3,3403.29,630056.0,星期三,-0.0035,0.0069
2018-10-23,3520.22,3417.95,3523.59,3397.63,664480.0,星期二,-0.0005,-0.0291
2018-10-22,3412.38,3522.12,3554.67,3412.38,884435.0,星期一,0.0067,0.0322
2018-10-19,3266.43,3389.76,3393.66,3257.24,573538.0,星期五,-0.0073,0.0378
2018-10-18,3350.89,3290.39,3350.89,3289.31,412229.0,星期四,-0.006,-0.0181
2018-10-17,3394.51,3371.2,3401.62,3313.94,441718.0,星期三,0.0125,-0.0069
2018-10-16,3360.56,3352.73,3412.42,3340.31,373751.0,星期二,0.0006,-0.0023
2018-10-15,3403.0,3358.42,3409.64,3350.85,395873.0,星期一,0.0004,-0.0131
2018-10-12,3340.33,3401.65,3413.6,3328.46,549271.0,星期五,0.0027,0.0184
2018-10-11,3369.85,3331.31,3409.68,3303.97,695360.0,星期四,-0.0301,-0.0114
2018-10-10,3484.57,3474.42,3510.24,3447.91,389784.0,星期三,0.0017,-0.0029
2018-10-09,3473.66,3478.55,3497.28,3463.36,396035.0,星期二,-0.001,0.0014
2018-10-08,3553.53,3477.21,3558.21,3470.34,620546.0,星期一,-0.024,-0.0215
2018-09-28,3609.59,3641.08,3656.15,3605.64,546888.0,星期五,0.002,0.0087
2018-09-27,3608.5,3602.48,3615.2,3586.44,391759.0,星期四,-0.0006,-0.0017
2018-09-26,3578.13,3610.61,3647.14,3573.69,559484.0,星期三,0.0029,0.0091
2018-09-25,3566.22,3567.7,3583.5,3553.7,400809.0,星期二,-0.0107,0.0004
2018-09-21,3500.0,3604.85,3604.85,3489.87,672699.0,星期五,0.0034,0.03
2018-09-20,3492.72,3488.28,3509.8,3480.16,375818.0,星期四,0.0009,-0.0013
2018-09-19,3436.4,3489.53,3514.28,3433.6,527594.0,星期三,-0.0022,0.0155
2018-09-18,3362.29,3443.83,3444.97,3362.18,412366.0,星期二,-0.0034,0.0243
2018-09-17,3387.52,3373.81,3397.57,3369.73,282739.0,星期一,-0.0054,-0.004
2018-09-14,3398.3,3405.75,3416.37,3383.03,313637.0,星期五,0.0026,0.0022
2018-09-13,3388.25,3389.46,3397.29,3343.91,381341.0,星期四,0.0123,0.0004
2018-09-12,3361.53,3347.16,3370.39,3337.1,294146.0,星期三,-0.0032,-0.0043
2018-09-11,3382.28,3372.38,3398.15,3357.7,321493.0,星期二,-0.0004,-0.0029
2018-09-10,3414.24,3383.48,3423.08,3380.81,353409.0,星期一,-0.0023,-0.009
2018-09-07,3413.15,3422.25,3458.37,3395.57,366757.0,星期五,0.0035,0.0027
2018-09-06,3430.67,3401.26,3454.26,3392.24,370426.0,星期四,-0.0035,-0.0086
2018-09-05,3500.77,3442.64,3505.25,3442.64,366915.0,星期三,-0.0049,-0.0166
2018-09-04,3475.49,3517.86,3526.82,3453.89,366400.0,星期二,0.0011,0.0122
2018-09-03,3470.76,3471.57,3477.23,3445.85,352017.0,星期一,-0.0049,0.0002
2018-08-31,3475.39,3487.98,3507.94,3459.09,456685.0,星期五,-0.0061,0.0036
2018-08-30,3532.96,3496.74,3551.53,3496.03,401273.0,星期四,0.0003,-0.0103
2018-08-29,3537.48,3532.01,3546.02,3522.68,387574.0,星期三,-0.0024,-0.0015
2018-08-28,3561.11,3545.9,3569.93,3534.21,414310.0,星期二,0.0006,-0.0043
2018-08-27,3493.92,3559.06,3559.06,3493.43,562844.0,星期一,0.0048,0.0186
2018-08-24,3454.88,3477.4,3509.42,3436.3,377987.0,星期五,-0.0042,0.0065
2018-08-23,3460.2,3469.32,3486.66,3431.64,357031.0,星期四,0.0003,0.0026
2018-08-22,3478.49,3459.22,3478.49,3447.93,278894.0,星期三,0.0016,-0.0055
2018-08-21,3414.23,3472.96,3480.61,3413.21,427944.0,星期二,0.0014,0.0172
2018-08-20,3375.43,3409.42,3409.42,3352.94,399985.0,星期一,0.004,0.0101
2018-08-17,3434.19,3361.87,3438.38,3355.94,370768.0,星期五,0.0089,-0.0211
2018-08-16,3374.99,3403.83,3443.96,3354.76,445305.0,星期四,-0.0118,0.0085
2018-08-15,3494.98,3415.23,3495.44,3411.0,375972.0,星期三,-0.0007,-0.0228
2018-08-14,3512.04,3497.45,3517.58,3478.68,330020.0,星期二,-0.0008,-0.0042
2018-08-13,3508.71,3514.76,3522.66,3462.45,430634.0,星期一,-0.01,0.0017
2018-08-10,3545.73,3543.99,3568.03,3520.75,385949.0,星期五,0.0007,-0.0005
2018-08-09,3445.88,3543.31,3552.23,3442.6,518729.0,星期四,-0.0036,0.0283
2018-08-08,3505.91,3458.23,3510.82,3454.56,438606.0,星期三,-0.0015,-0.0136
2018-08-07,3423.05,3511.25,3511.25,3407.15,517123.0,星期二,0.0038,0.0258
2018-08-06,3433.88,3410.17,3471.71,3392.81,427209.0,星期一,0.0006,-0.0069
2018-08-03,3480.45,3431.92,3494.77,3431.69,382088.0,星期五,-0.001,-0.0139
2018-08-02,3547.99,3483.83,3547.99,3442.02,539366.0,星期四,-0.0035,-0.0181
2018-08-01,3653.05,3560.38,3665.91,3559.42,494661.0,星期三,0.0043,-0.0254
2018-07-31,3628.45,3637.53,3648.16,3609.02,374924.0,星期二,-0.0017,0.0025
2018-07-30,3625.61,3634.68,3666.77,3602.06,449579.0,星期一,-0.0,0.0025
2018-07-27,3635.07,3625.75,3648.75,3614.75,363755.0,星期五,-0.0002,-0.0026
2018-07-26,3687.97,3635.83,3699.26,3628.48,478040.0,星期四,0.0025,-0.0141
2018-07-25,3696.15,3678.8,3696.15,3664.72,502461.0,星期三,0.0031,-0.0047
2018-07-24,3637.95,3684.64,3702.56,3637.95,870615.0,星期二,0.0025,0.0128
2018-07-23,3575.25,3628.87,3633.96,3568.49,682524.0,星期一,-0.0053,0.015
2018-07-20,3516.73,3594.45,3610.96,3485.93,628134.0,星期五,-0.0,0.0221
2018-07-19,3526.03,3516.79,3550.4,3505.62,369267.0,星期四,0.0053,-0.0026
2018-07-18,3534.65,3507.35,3560.0,3505.99,369279.0,星期三,0.0027,-0.0077
2018-07-17,3547.12,3524.97,3547.92,3498.94,337616.0,星期二,-0.0013,-0.0062
2018-07-16,3577.45,3551.66,3597.11,3537.71,375361.0,星期一,-0.0012,-0.0072
2018-07-13,3582.99,3581.65,3589.17,3564.09,412128.0,星期五,0.0026,-0.0004
2018-07-12,3500.56,3573.66,3595.08,3500.56,553296.0,星期四,-0.0018,0.0209
2018-07-11,3492.93,3506.75,3524.63,3474.29,386859.0,星期三,-0.0209,0.004
2018-07-10,3572.93,3567.5,3575.7,3535.23,377141.0,星期二,0.0013,-0.0015
2018-07-09,3484.26,3568.3,3568.58,3484.26,440855.0,星期一,0.0045,0.0241
2018-07-06,3444.28,3468.79,3498.75,3396.5,461043.0,星期五,0.0024,0.0071
2018-07-05,3441.21,3435.92,3480.14,3413.15,466491.0,星期四,0.0016,-0.0015
2018-07-04,3463.54,3435.61,3490.52,3431.16,415882.0,星期三,-0.003,-0.0081
2018-07-03,3482.45,3473.82,3492.93,3383.74,539839.0,星期二,0.0011,-0.0025
2018-07-02,3591.85,3478.57,3591.85,3455.38,485012.0,星期一,-0.0025,-0.0315
2018-06-29,3525.45,3600.85,3602.57,3520.15,419017.0,星期五,0.0028,0.0214
2018-06-28,3524.05,3515.75,3569.96,3506.6,427247.0,星期四,-0.0087,-0.0024
2018-06-27,3630.58,3555.04,3645.3,3535.98,472497.0,星期三,-0.0024,-0.0208
2018-06-26,3644.62,3639.32,3652.75,3585.5,486041.0,星期二,-0.0092,-0.0015
2018-06-25,3752.44,3678.62,3756.6,3676.96,460011.0,星期一,0.0039,-0.0197
2018-06-22,3709.62,3737.84,3738.08,3686.71,384321.0,星期五,-0.0069,0.0076
2018-06-21,3765.28,3735.29,3809.58,3731.46,493082.0,星期四,-0.0009,-0.008
2018-06-20,3742.86,3768.49,3781.0,3718.82,456906.0,星期三,-0.005,0.0068
2018-06-19,3823.72,3761.53,3834.03,3724.16,941320.0,星期二,-0.0126,-0.0163
2018-06-15,3865.89,3872.6,3888.67,3858.82,456169.0,星期五,-0.0038,0.0017
2018-06-14,3881.12,3880.75,3916.79,3865.12,368969.0,星期四,-0.0036,-0.0001
2018-06-13,3912.92,3895.15,3919.25,3886.67,342235.0,星期三,-0.0033,-0.0045
2018-06-12,3879.3,3925.9,3930.81,3867.1,381031.0,星期二,0.0009,0.012
2018-06-11,3854.23,3875.79,3886.58,3840.79,377342.0,星期一,-0.0025,0.0056
2018-06-08,3905.85,3863.9,3905.91,3843.24,462048.0,星期五,-0.0036,-0.0107
2018-06-07,3931.02,3919.85,3950.46,3915.17,443852.0,星期四,0.0026,-0.0028
2018-06-06,3928.98,3920.84,3933.79,3914.78,399230.0,星期三,-0.0013,-0.0021
2018-06-05,3909.6,3934.23,3937.61,3891.28,434719.0,星期二,0.0016,0.0063
2018-06-04,3862.77,3903.45,3908.02,3855.11,419048.0,星期一,0.0064,0.0105
2018-06-01,3848.86,3838.31,3864.6,3821.39,405529.0,星期五,-0.0031,-0.0027
2018-05-31,3799.53,3860.97,3864.12,3796.75,555667.0,星期四,0.0072,0.0162
2018-05-30,3800.3,3772.24,3812.74,3770.68,465580.0,星期三,-0.0123,-0.0074
2018-05-29,3862.73,3847.59,3880.52,3835.44,461583.0,星期二,-0.0028,-0.0039
2018-05-28,3850.52,3873.67,3886.63,3836.73,390995.0,星期一,-0.0003,0.006
2018-05-25,3852.8,3851.49,3876.27,3837.55,386177.0,星期五,-0.0006,-0.0003
2018-05-24,3882.61,3855.3,3890.65,3851.69,353954.0,星期四,-0.0005,-0.007
2018-05-23,3932.36,3884.5,3932.36,3884.5,439329.0,星期三,-0.0023,-0.0122
2018-05-22,3963.34,3941.41,3963.34,3916.03,373494.0,星期二,-0.0008,-0.0055
2018-05-21,3977.65,3966.34,3987.89,3958.15,460450.0,星期一,0.0053,-0.0028
2018-05-18,3903.55,3956.68,3956.68,3886.32,381608.0,星期五,-0.001,0.0136
2018-05-17,3939.61,3907.43,3944.76,3902.18,301774.0,星期四,0.0009,-0.0082
2018-05-16,3961.81,3936.09,3968.86,3931.94,380173.0,星期三,-0.004,-0.0065
2018-05-15,3984.93,3977.9,3985.43,3949.34,406964.0,星期二,0.0027,-0.0018
2018-05-14,3944.61,3974.06,3982.52,3944.61,470805.0,星期一,0.0046,0.0075
2018-05-11,3954.12,3926.4,3955.73,3924.88,396827.0,星期五,0.0028,-0.007
2018-05-10,3934.35,3943.08,3949.09,3915.38,370579.0,星期四,0.0035,0.0022
2018-05-09,3928.76,3920.66,3929.04,3904.36,353017.0,星期三,-0.0007,-0.0021
2018-05-08,3875.94,3931.69,3948.51,3875.13,548562.0,星期二,0.0002,0.0144
2018-05-07,3822.25,3875.16,3876.98,3811.26,474474.0,星期一,0.0018,0.0138
2018-05-04,3832.32,3815.56,3847.55,3811.7,382454.0,星期五,-0.0025,-0.0044
2018-05-03,3803.49,3841.94,3848.21,3781.47,546732.0,星期四,-0.0026,0.0101
2018-05-02,3822.21,3813.49,3837.16,3791.64,473741.0,星期三,0.0034,-0.0023
2018-04-27,3838.49,3809.33,3841.9,3762.2,532914.0,星期五,0.0043,-0.0076
2018-04-26,3890.1,3821.98,3899.67,3806.26,498783.0,星期四,-0.0018,-0.0175
2018-04-25,3903.47,3897.1,3914.78,3888.75,442284.0,星期三,-0.0049,-0.0016
2018-04-24,3847.63,3922.83,3939.83,3847.63,687468.0,星期二,0.0015,0.0195
2018-04-23,3807.74,3842.01,3848.89,3802.89,515651.0,星期一,-0.0023,0.009
2018-04-20,3854.36,3816.5,3868.0,3799.56,532831.0,星期五,-0.0025,-0.0098
2018-04-19,3826.52,3863.84,3874.1,3817.67,477545.0,星期四,0.0036,0.0098
2018-04-18,3838.53,3812.76,3842.02,3763.56,611539.0,星期三,0.0112,-0.0067
2018-04-17,3849.52,3795.89,3860.65,3792.51,485706.0,星期二,0.0014,-0.0139
2018-04-16,3913.84,3844.02,3921.45,3826.95,578924.0,星期一,-0.0028,-0.0178
2018-04-13,3982.32,3924.84,3991.49,3919.84,367806.0,星期五,0.006,-0.0144
2018-04-12,4006.98,3958.6,4006.98,3955.53,420643.0,星期四,-0.0002,-0.0121
2018-04-11,3999.34,4007.79,4032.52,3988.45,623902.0,星期三,0.0015,0.0021
2018-04-10,3911.41,3993.29,3993.7,3900.1,611227.0,星期二,0.002,0.0209
2018-04-09,3906.55,3903.66,3922.97,3877.35,453683.0,星期一,0.0003,-0.0007
2018-04-04,3909.09,3905.43,3945.84,3898.77,473717.0,星期三,0.0027,-0.0009
2018-04-03,3888.86,3898.58,3917.1,3878.1,508602.0,星期二,-0.0082,0.0025
2018-04-02,3935.23,3920.94,3986.13,3918.3,579576.0,星期一,-0.0017,-0.0036
2018-03-30,3956.77,3942.11,3965.94,3930.56,538600.0,星期五,-0.0011,-0.0037
2018-03-29,3903.48,3961.24,3985.6,3835.81,697470.0,星期四,0.0027,0.0148
2018-03-28,3924.02,3893.0,3965.03,3884.13,564261.0,星期三,-0.0128,-0.0079
2018-03-27,4011.92,3974.87,4020.82,3943.78,643365.0,星期二,0.0132,-0.0092
2018-03-26,3976.86,3959.63,3983.94,3912.61,672981.0,星期一,-0.0098,-0.0043
2018-03-23,3993.28,4016.17,4022.76,3944.69,1030773.0,星期五,-0.0304,0.0057
2018-03-22,4166.01,4118.34,4175.01,4099.4,514074.0,星期四,0.0004,-0.0114
2018-03-21,4209.01,4164.27,4214.73,4146.55,540246.0,星期三,0.0067,-0.0106
2018-03-20,4149.52,4180.96,4184.72,4144.57,442595.0,星期二,-0.0068,0.0076
2018-03-19,4152.31,4177.79,4178.44,4129.19,458055.0,星期一,-0.0001,0.0061
2018-03-16,4195.79,4152.88,4212.23,4151.82,481130.0,星期五,-0.0,-0.0102
2018-03-15,4144.82,4195.87,4198.87,4144.82,474776.0,星期四,-0.0042,0.0123
2018-03-14,4161.34,4162.23,4174.75,4148.79,516693.0,星期三,-0.004,0.0002
2018-03-13,4212.66,4178.22,4225.08,4173.01,632452.0,星期二,-0.0006,-0.0082
2018-03-12,4232.32,4215.12,4239.14,4197.25,782423.0,星期一,0.0056,-0.0041
2018-03-09,4198.76,4208.86,4210.96,4182.22,624049.0,星期五,0.0032,0.0024
2018-03-08,4141.56,4185.51,4186.38,4128.92,513671.0,星期四,0.0011,0.0106
2018-03-07,4163.25,4137.16,4199.73,4125.96,604728.0,星期三,-0.0004,-0.0063
2018-03-06,4138.74,4164.89,4165.98,4088.14,793542.0,星期二,0.0048,0.0063
2018-03-05,4125.72,4118.86,4155.36,4096.55,471236.0,星期一,0.0009,-0.0017
2018-03-02,4116.44,4122.09,4153.54,4103.74,497784.0,星期五,-0.0092,0.0014
2018-03-01,4103.24,4154.63,4173.11,4094.14,535236.0,星期四,-0.007,0.0125
2018-02-28,4143.07,4132.05,4167.31,4113.2,619531.0,星期三,-0.0105,-0.0027
2018-02-27,4271.55,4186.87,4271.55,4177.79,750252.0,星期二,0.0018,-0.0198
2018-02-26,4253.65,4263.7,4274.92,4196.83,839434.0,星期一,0.006,0.0024
2018-02-23,4214.91,4228.19,4244.89,4188.76,595139.0,星期五,0.003,0.0032
2018-02-22,4177.85,4202.26,4210.59,4158.81,624583.0,星期四,0.0152,0.0058
2018-02-14,4091.12,4115.39,4120.57,4068.26,422640.0,星期三,0.0028,0.0059
2018-02-13,4060.81,4079.64,4136.58,4060.81,727400.0,星期二,0.0098,0.0046
2018-02-12,3989.49,4021.29,4043.11,3963.61,737285.0,星期一,0.0,0.008
2018-02-09,4046.12,3989.36,4062.9,3881.44,1389312.0,星期五,-0.0302,-0.014
2018-02-08,4205.3,4171.93,4252.78,4129.35,1075735.0,星期四,-0.0082,-0.0079
2018-02-07,4420.14,4239.9,4433.25,4236.39,1379135.0,星期三,0.0121,-0.0408
2018-02-06,4377.76,4367.13,4408.78,4334.25,1455038.0,星期二,-0.0221,-0.0024
2018-02-05,4393.5,4476.91,4476.91,4389.04,1064360.0,星期一,-0.0156,0.019
2018-02-02,4407.92,4463.06,4464.72,4376.86,869479.0,星期五,-0.0082,0.0125
2018-02-01,4444.33,4444.41,4459.17,4393.33,1200031.0,星期四,0.0006,0.0
2018-01-31,4369.61,4441.55,4445.79,4368.76,872687.0,星期三,-0.0047,0.0165
2018-01-30,4431.46,4390.17,4453.45,4386.52,840668.0,星期二,-0.0039,-0.0093
2018-01-29,4550.2,4448.92,4561.43,4430.84,1202733.0,星期一,0.0021,-0.0223
2018-01-26,4502.08,4540.85,4568.37,4501.06,1167753.0,星期五,-0.0032,0.0086
2018-01-25,4537.72,4516.45,4543.78,4472.17,1227888.0,星期四,-0.0019,-0.0047
2018-01-24,4559.58,4546.39,4567.41,4504.06,1473518.0,星期三,0.0025,-0.0029
2018-01-23,4506.56,4548.33,4549.39,4505.19,1401446.0,星期二,0.0033,0.0093
2018-01-22,4424.89,4491.64,4494.48,4424.36,1157852.0,星期一,-0.0027,0.0151
2018-01-19,4439.45,4436.89,4477.0,4417.02,1416811.0,星期五,0.0034,-0.0006
2018-01-18,4413.48,4424.49,4451.59,4392.95,1192077.0,星期四,0.0044,0.0025
2018-01-17,4408.93,4393.93,4455.54,4375.45,1415483.0,星期三,0.0018,-0.0034
2018-01-16,4358.23,4400.94,4403.76,4354.65,1020765.0,星期二,-0.0027,0.0098
2018-01-15,4343.84,4369.91,4400.96,4337.57,1105414.0,星期一,0.0022,0.006
2018-01-12,4299.08,4334.23,4336.44,4292.3,669823.0,星期五,0.0005,0.0082
2018-01-11,4292.02,4297.02,4317.15,4274.23,736241.0,星期四,-0.0027,0.0012
2018-01-10,4261.75,4303.64,4308.53,4258.31,969949.0,星期三,-0.0005,0.0098
2018-01-09,4219.82,4263.8,4267.24,4215.54,833504.0,星期二,-0.0004,0.0104
2018-01-08,4200.42,4221.68,4231.58,4187.57,999014.0,星期一,0.0005,0.0051
2018-01-05,4187.61,4198.48,4211.16,4175.86,853794.0,星期五,0.0017,0.0026
2018-01-04,4164.55,4180.52,4190.9,4154.53,728578.0,星期四,0.0017,0.0038
2018-01-03,4153.43,4157.57,4201.83,4149.43,866807.0,星期三,0.0014,0.001
2018-01-02,4096.73,4147.73,4149.22,4096.73,889885.0,星期二,0.0038,0.0124
2017-12-29,4081.73,4081.25,4104.82,4066.46,496524.0,星期五,0.0009,-0.0001
2017-12-28,4049.47,4077.89,4096.69,4033.35,632971.0,星期四,0.0011,0.007
2017-12-27,4114.24,4044.97,4116.67,4039.12,575064.0,星期三,-0.0021,-0.0168
2017-12-26,4111.95,4122.96,4126.78,4084.85,490847.0,星期二,-0.0003,0.0027
2017-12-25,4121.55,4113.16,4161.23,4095.52,498478.0,星期一,0.0006,-0.002
2017-12-22,4130.19,4118.88,4141.25,4110.82,403296.0,星期五,-0.0011,-0.0027
2017-12-21,4087.17,4134.64,4149.3,4076.75,566110.0,星期四,-0.0021,0.0116
2017-12-20,4092.13,4095.83,4108.41,4075.17,519177.0,星期三,0.0005,0.0009
2017-12-19,4033.3,4090.12,4091.58,4032.03,452380.0,星期二,0.0002,0.0141
2017-12-18,4021.96,4032.46,4054.93,4015.09,410665.0,星期一,0.0003,0.0026
2017-12-15,4064.63,4020.94,4064.63,4015.78,547721.0,星期五,-0.0022,-0.0107
2017-12-14,4101.0,4073.76,4105.86,4059.34,439338.0,星期四,0.0007,-0.0066
2017-12-13,4059.62,4098.14,4104.13,4045.41,447220.0,星期三,0.0001,0.0095
2017-12-12,4118.63,4059.32,4123.34,4058.52,484436.0,星期二,-0.0003,-0.0144
2017-12-11,4053.93,4119.85,4120.15,4050.18,584108.0,星期一,0.0007,0.0163
2017-12-08,4010.73,4050.91,4062.19,4000.28,501553.0,星期五,-0.002,0.01
2017-12-07,4058.52,4018.7,4073.26,3998.78,502953.0,星期四,-0.0031,-0.0098
2017-12-06,4098.09,4071.29,4098.18,4022.16,642938.0,星期三,-0.004,-0.0065
2017-12-05,4049.27,4114.48,4126.29,4047.56,997695.0,星期二,-0.0034,0.0161
2017-12-04,4017.32,4063.19,4073.37,4009.57,579937.0,星期一,-0.0033,0.0114
2017-12-01,4052.46,4030.53,4069.0,4022.55,580637.0,星期五,-0.0006,-0.0054
2017-11-30,4081.62,4054.77,4102.37,4034.74,652148.0,星期四,-0.0052,-0.0066
2017-11-29,4114.57,4102.98,4124.84,4049.48,716614.0,星期三,0.0022,-0.0028
2017-11-28,4096.89,4105.35,4113.5,4061.78,632860.0,星期二,-0.005,0.0021
2017-11-27,4151.39,4117.39,4151.39,4087.19,973961.0,星期一,-0.0041,-0.0082
2017-11-24,4155.14,4168.59,4180.65,4115.12,841021.0,星期五,-0.0026,0.0032
2017-11-23,4277.75,4166.02,4283.32,4142.58,1151460.0,星期四,-0.0034,-0.0261
2017-11-22,4288.28,4292.39,4328.33,4254.83,1259609.0,星期三,0.0034,0.001
2017-11-21,4172.01,4273.76,4286.04,4170.9,1190719.0,星期二,-0.0034,0.0244
2017-11-20,4136.75,4186.33,4187.22,4107.91,831739.0,星期一,-0.0073,0.012
2017-11-17,4099.66,4167.02,4169.21,4096.44,1194951.0,星期五,-0.0036,0.0164
2017-11-16,4061.84,4114.42,4115.9,4060.47,720979.0,星期四,-0.0032,0.0129
2017-11-15,4070.95,4074.76,4094.76,4055.17,658867.0,星期三,-0.0041,0.0009
2017-11-14,4115.64,4087.52,4120.75,4075.69,804047.0,星期二,0.0006,-0.0068
2017-11-13,4108.02,4113.15,4132.12,4104.68,879144.0,星期一,0.0014,0.0012
2017-11-10,4057.53,4102.25,4107.37,4052.06,788476.0,星期五,-0.0015,0.011
2017-11-09,4030.64,4063.59,4064.92,4026.74,696635.0,星期四,-0.0013,0.0082
2017-11-08,4043.38,4036.02,4084.4,4027.12,901571.0,星期三,-0.001,-0.0018
2017-11-07,4013.62,4047.52,4063.71,4013.39,936948.0,星期二,0.0004,0.0084
2017-11-06,3990.08,4012.01,4014.46,3973.55,729260.0,星期一,-0.001,0.0055
2017-11-03,3985.34,3993.88,3996.95,3960.72,755202.0,星期五,-0.0016,0.0021
2017-11-02,3983.35,3991.88,3994.25,3958.38,781854.0,星期四,-0.0006,0.0021
2017-11-01,3999.24,3985.92,4029.74,3979.78,800226.0,星期三,0.0006,-0.0033
2017-10-31,3992.84,3997.0,4001.41,3977.96,676538.0,星期二,-0.0044,0.001
2017-10-30,4009.12,4010.5,4022.81,3958.1,992634.0,星期一,0.0004,0.0003
2017-10-27,3956.77,4007.66,4009.42,3954.96,824403.0,星期五,0.0,0.0129
2017-10-26,3942.74,3956.58,3984.93,3934.9,792012.0,星期四,0.0017,0.0035
2017-10-25,3917.56,3936.05,3937.97,3912.72,519956.0,星期三,-0.0002,0.0047
2017-10-24,3882.58,3918.4,3923.27,3878.62,516447.0,星期二,-0.0012,0.0092
2017-10-23,3896.09,3887.35,3901.57,3879.17,458137.0,星期一,0.0016,-0.0022
2017-10-20,3892.76,3889.93,3896.2,3878.95,385576.0,星期五,-0.0037,-0.0007
2017-10-19,3907.39,3907.08,3911.68,3894.12,611834.0,星期四,-0.0011,-0.0001
2017-10-18,3872.25,3911.84,3912.54,3868.47,568136.0,星期三,0.0007,0.0102
2017-10-17,3865.57,3869.68,3882.09,3855.89,431257.0,星期二,-0.0004,0.0011
2017-10-16,3866.47,3867.23,3897.01,3860.49,654854.0,星期一,0.0021,0.0002
2017-10-13,3856.65,3858.45,3866.63,3849.29,494927.0,星期五,-0.0,0.0005
2017-10-12,3843.5,3856.84,3863.4,3839.43,504364.0,星期四,-0.0,0.0035
2017-10-11,3817.81,3843.69,3854.23,3817.25,515161.0,星期三,-0.0008,0.0068
2017-10-10,3816.33,3820.7,3839.43,3784.1,604703.0,星期二,0.0004,0.0011
2017-10-09,3855.52,3814.78,3864.49,3808.5,825087.0,星期一,0.0228,-0.0106
2017-09-29,3758.54,3769.67,3788.04,3758.54,552820.0,星期五,0.0004,0.003
2017-09-28,3754.22,3756.96,3760.57,3741.74,506978.0,星期四,0.0001,0.0007
2017-09-27,3759.6,3754.01,3768.52,3752.61,465955.0,星期三,-0.001,-0.0015
2017-09-26,3754.72,3763.47,3765.8,3752.8,451544.0,星期二,-0.0023,0.0023
2017-09-25,3766.76,3763.55,3774.56,3752.9,550368.0,星期一,-0.0023,-0.0009
2017-09-22,3754.45,3775.33,3777.83,3750.34,496429.0,星期五,-0.003,0.0056
2017-09-21,3755.69,3765.64,3784.23,3752.01,550116.0,星期四,0.0003,0.0026
2017-09-20,3748.79,3754.49,3767.07,3745.57,502096.0,星期三,-0.0004,0.0015
2017-09-19,3763.75,3750.27,3774.29,3738.93,562672.0,星期二,0.0021,-0.0036
2017-09-18,3749.66,3755.78,3780.86,3749.66,640075.0,星期一,0.0004,0.0016
2017-09-15,3739.03,3748.02,3761.03,3730.03,596429.0,星期五,-0.001,0.0024
2017-09-14,3756.95,3742.6,3769.77,3734.12,522693.0,星期四,0.0002,-0.0038
2017-09-13,3750.81,3756.03,3764.37,3739.53,404124.0,星期三,-0.0007,0.0014
2017-09-12,3742.53,3753.37,3757.07,3729.87,611269.0,星期二,0.0019,0.0029
2017-09-11,3754.17,3735.34,3775.91,3732.32,557478.0,星期一,0.0013,-0.005
2017-09-08,3757.59,3749.45,3767.55,3740.6,477506.0,星期五,0.0,-0.0022
2017-09-07,3780.93,3757.55,3784.5,3756.97,566851.0,星期四,0.0004,-0.0062
2017-09-06,3783.08,3779.52,3790.6,3763.68,630959.0,星期三,-0.0023,-0.0009
2017-09-05,3773.24,3791.88,3803.31,3771.65,621402.0,星期二,0.0,0.0049
2017-09-04,3758.99,3773.2,3775.32,3742.31,726596.0,星期一,-0.001,0.0038
2017-09-01,3765.76,3762.63,3785.95,3750.19,765685.0,星期五,0.0011,-0.0008
2017-08-31,3784.72,3761.8,3789.69,3741.22,632215.0,星期四,0.0006,-0.0061
2017-08-30,3793.0,3782.47,3817.95,3774.94,696917.0,星期三,0.0005,-0.0028
2017-08-29,3789.57,3791.09,3800.06,3777.06,609411.0,星期二,-0.0013,0.0004
2017-08-28,3762.1,3794.59,3827.46,3762.1,985401.0,星期一,0.0034,0.0086
2017-08-25,3682.1,3749.47,3750.03,3682.1,720669.0,星期五,0.0007,0.0183
2017-08-24,3694.3,3679.57,3711.29,3674.27,448129.0,星期四,-0.0002,-0.004
2017-08-23,3675.38,3694.9,3710.63,3672.12,534783.0,星期三,-0.0007,0.0053
2017-08-22,3660.05,3677.87,3678.52,3654.2,425692.0,星期二,0.0023,0.0049
2017-08-21,3648.22,3651.56,3660.51,3640.89,378770.0,星期一,0.0018,0.0009
2017-08-18,3623.35,3641.7,3650.71,3616.72,364419.0,星期五,-0.0023,0.0051
2017-08-17,3624.11,3631.59,3633.29,3615.83,414637.0,星期四,0.0015,0.0021
2017-08-16,3623.12,3618.52,3624.9,3604.69,391391.0,星期三,-0.001,-0.0013
2017-08-15,3616.09,3626.92,3646.08,3614.87,450711.0,星期二,0.0004,0.003
2017-08-14,3586.62,3614.48,3621.35,3584.46,496211.0,星期一,0.0009,0.0078
2017-08-11,3618.74,3583.26,3630.93,3580.05,654538.0,星期五,-0.0077,-0.0098
2017-08-10,3654.29,3646.65,3677.84,3618.41,523956.0,星期四,-0.0013,-0.0021
2017-08-09,3659.74,3659.0,3673.14,3644.36,515873.0,星期三,-0.0011,-0.0002
2017-08-08,3662.56,3663.76,3669.99,3651.29,515275.0,星期二,-0.0007,0.0003
2017-08-07,3644.93,3665.23,3672.81,3631.35,510481.0,星期一,-0.0017,0.0056
2017-08-04,3671.47,3651.24,3682.22,3650.4,627414.0,星期五,-0.0006,-0.0055
2017-08-03,3712.15,3673.65,3724.98,3668.25,641217.0,星期四,-0.0017,-0.0104
2017-08-02,3720.93,3718.39,3738.31,3714.03,760180.0,星期三,-0.0008,-0.0007
2017-08-01,3681.54,3723.77,3723.77,3677.94,653076.0,星期二,0.0009,0.0115
2017-07-31,3673.39,3678.17,3691.3,3659.01,600708.0,星期一,-0.0003,0.0013
2017-07-28,3657.91,3674.46,3681.59,3648.81,401298.0,星期五,-0.0024,0.0045
2017-07-27,3666.91,3666.75,3673.0,3635.94,572729.0,星期四,-0.0012,-0.0
2017-07-26,3689.34,3671.45,3713.13,3648.35,607309.0,星期三,0.0001,-0.0048
2017-07-25,3710.21,3689.14,3722.5,3686.17,576616.0,星期二,0.0004,-0.0057
2017-07-24,3688.86,3708.76,3721.66,3681.56,607684.0,星期一,-0.0013,0.0054
2017-07-21,3712.54,3693.51,3723.32,3687.62,541212.0,星期五,-0.0029,-0.0051
2017-07-20,3703.75,3723.21,3724.29,3691.79,654761.0,星期四,-0.0013,0.0053
2017-07-19,3653.46,3708.52,3711.31,3651.26,894416.0,星期三,-0.0019,0.0151
2017-07-18,3651.09,3660.26,3670.48,3619.47,662604.0,星期二,-0.0039,0.0025
2017-07-17,3675.35,3665.52,3704.61,3617.98,976054.0,星期一,0.0007,-0.0027
2017-07-14,3644.6,3672.7,3672.7,3637.72,562542.0,星期五,-0.0007,0.0077
2017-07-13,3607.47,3647.15,3647.68,3603.87,672806.0,星期四,-0.0009,0.011
2017-07-12,3628.27,3610.73,3659.07,3597.79,673882.0,星期三,0.0012,-0.0048
2017-07-11,3578.84,3623.94,3651.25,3578.58,623907.0,星期二,-0.002,0.0126
2017-07-10,3571.14,3585.93,3597.65,3563.24,543500.0,星期一,-0.0024,0.0041
2017-07-07,3578.4,3579.82,3581.76,3560.02,460959.0,星期五,-0.0041,0.0004
2017-07-06,3586.35,3593.06,3600.56,3562.21,451177.0,星期四,-0.0015,0.0019
2017-07-05,3538.39,3591.77,3594.52,3537.51,392314.0,星期三,-0.0024,0.0151
2017-07-04,3577.85,3547.07,3578.0,3538.08,459634.0,星期二,-0.0014,-0.0086
2017-07-03,3608.36,3582.76,3608.36,3568.39,409380.0,星期一,-0.0001,-0.0071
2017-06-30,3598.72,3608.66,3612.52,3588.97,401594.0,星期五,-0.0037,0.0028
2017-06-29,3595.61,3612.03,3612.92,3586.45,416605.0,星期四,0.0015,0.0046
2017-06-28,3608.28,3590.29,3619.51,3589.02,508871.0,星期三,-0.0029,-0.005
2017-06-27,3605.84,3618.66,3620.76,3588.45,503846.0,星期二,-0.0006,0.0036
2017-06-26,3575.82,3607.93,3622.69,3575.82,723731.0,星期一,0.0016,0.009
2017-06-23,3528.68,3570.2,3570.84,3513.51,520583.0,星期五,-0.0018,0.0118
2017-06-22,3514.58,3535.02,3576.28,3513.24,725176.0,星期四,-0.0015,0.0058
2017-06-21,3496.77,3519.84,3520.04,3472.26,416946.0,星期三,0.0057,0.0066
2017-06-20,3493.38,3477.0,3496.6,3468.35,388536.0,星期二,0.002,-0.0047
2017-06-19,3449.5,3486.48,3488.27,3449.5,417268.0,星期一,0.0008,0.0107
2017-06-16,3451.8,3446.67,3468.25,3441.14,367655.0,星期五,-0.0021,-0.0015
2017-06-15,3471.62,3459.17,3480.0,3441.91,398211.0,星期四,-0.0011,-0.0036
2017-06-14,3518.12,3475.42,3518.12,3469.14,433486.0,星期三,-0.0036,-0.0121
2017-06-13,3530.12,3530.83,3532.89,3511.05,366462.0,星期二,-0.0015,0.0002
2017-06-12,3522.15,3535.4,3563.63,3519.14,473089.0,星期一,-0.0009,0.0038
2017-06-09,3510.87,3525.37,3548.5,3509.3,566639.0,星期五,0.0004,0.0041
2017-06-08,3471.96,3509.33,3510.29,3468.58,455181.0,星期四,-0.0009,0.0108
2017-06-07,3444.66,3475.21,3482.4,3441.62,539535.0,星期三,0.0005,0.0089
2017-06-06,3411.74,3442.77,3442.8,3408.05,347214.0,星期二,-0.0011,0.0091
2017-06-05,3436.02,3415.58,3441.22,3408.84,470591.0,星期一,-0.0026,-0.0059
2017-06-02,3463.53,3444.83,3469.95,3439.1,469774.0,星期五,-0.001,-0.0054
2017-06-01,3439.38,3466.89,3467.53,3430.44,596405.0,星期四,-0.0018,0.008
2017-05-31,3438.85,3445.58,3467.3,3419.44,643407.0,星期三,0.0024,0.002
2017-05-26,3425.31,3430.63,3444.94,3418.35,580386.0,星期五,-0.0018,0.0016
2017-05-25,3348.18,3431.33,3437.41,3347.59,792431.0,星期四,-0.0035,0.0248
2017-05-24,3350.4,3359.79,3359.95,3325.96,445434.0,星期三,-0.004,0.0028
2017-05-23,3323.45,3363.84,3363.84,3319.91,654744.0,星期二,-0.0014,0.0122
2017-05-22,3301.95,3328.02,3331.64,3299.2,476046.0,星期一,-0.0007,0.0079
2017-05-19,3289.88,3304.36,3305.63,3289.88,319238.0,星期五,-0.001,0.0044
2017-05-18,3280.37,3293.1,3300.48,3278.41,368281.0,星期四,-0.0057,0.0039
2017-05-17,3318.85,3299.13,3322.39,3297.22,441430.0,星期三,-0.0019,-0.0059
2017-05-16,3300.72,3325.14,3325.44,3283.14,478185.0,星期二,-0.0027,0.0074
2017-05-15,3305.81,3309.6,3320.81,3305.25,405949.0,星期一,0.0016,0.0011
2017-05-12,3258.74,3300.45,3301.07,3257.07,452791.0,星期五,-0.0017,0.0128
2017-05-11,3224.96,3264.23,3267.24,3219.71,544307.0,星期四,-0.0039,0.0122
2017-05-10,3229.46,3237.54,3255.76,3229.46,440453.0,星期三,-0.0009,0.0025
2017-05-09,3225.86,3232.22,3238.07,3213.65,387519.0,星期二,-0.0054,0.002
2017-05-08,3240.11,3243.51,3246.39,3216.0,696005.0,星期一,-0.0041,0.001
2017-05-05,3253.86,3253.42,3256.63,3228.42,520106.0,星期五,-0.0027,-0.0001
2017-05-04,3260.87,3262.72,3273.96,3248.73,430028.0,星期四,-0.0017,0.0006
2017-05-03,3273.57,3266.56,3283.74,3257.15,412503.0,星期三,-0.0007,-0.0021
2017-05-02,3276.19,3276.02,3287.46,3269.19,373186.0,星期二,-0.0034,-0.0001
2017-04-28,3293.12,3287.39,3293.12,3263.09,415191.0,星期五,-0.0017,-0.0017
2017-04-27,3287.84,3298.71,3299.81,3261.7,551024.0,星期四,-0.0029,0.0033
2017-04-26,3297.7,3297.51,3322.24,3295.39,522018.0,星期三,0.0003,-0.0001
2017-04-25,3279.81,3296.61,3298.6,3275.71,410188.0,星期二,-0.0013,0.0051
2017-04-24,3298.74,3284.15,3298.74,3259.19,586022.0,星期一,-0.0023,-0.0044
2017-04-21,3292.98,3306.29,3309.7,3286.93,532295.0,星期五,0.0001,0.004
2017-04-20,3272.5,3292.54,3295.59,3271.23,511627.0,星期四,-0.0002,0.0061
2017-04-19,3279.03,3273.18,3285.61,3249.18,537829.0,星期三,-0.0022,-0.0018
2017-04-18,3297.47,3286.26,3307.83,3285.94,478166.0,星期二,-0.0016,-0.0034
2017-04-17,3291.08,3302.82,3304.19,3273.38,504814.0,星期一,-0.0029,0.0036
2017-04-14,3324.31,3300.51,3325.47,3288.65,535414.0,星期五,0.0003,-0.0072
2017-04-13,3316.94,3323.28,3327.43,3311.84,475033.0,星期四,-0.003,0.0019
2017-04-12,3325.4,3326.85,3337.56,3310.44,707344.0,星期三,-0.0008,0.0004
2017-04-11,3320.13,3327.95,3331.63,3281.97,781201.0,星期二,-0.0009,0.0024
2017-04-10,3335.76,3323.22,3340.25,3320.93,612817.0,星期一,0.0005,-0.0038
2017-04-07,3335.11,3334.1,3342.42,3325.65,646544.0,星期五,-0.0,-0.0003
2017-04-06,3325.61,3335.25,3338.86,3314.88,682791.0,星期四,0.0005,0.0029
2017-04-05,3305.05,3323.87,3324.85,3300.72,779671.0,星期三,0.0052,0.0057
2017-03-31,3266.38,3288.07,3289.11,3261.08,495151.0,星期五,-0.0005,0.0066
2017-03-30,3283.48,3268.17,3289.63,3251.4,603945.0,星期四,-0.0008,-0.0047
2017-03-29,3292.07,3286.27,3301.39,3278.21,517837.0,星期三,0.0004,-0.0018
2017-03-28,3301.94,3290.63,3302.96,3283.62,432399.0,星期二,0.0009,-0.0034
2017-03-27,3307.53,3299.01,3329.03,3295.05,612970.0,星期一,-0.0005,-0.0026
2017-03-24,3285.81,3309.14,3320.72,3282.36,720327.0,星期五,0.0011,0.0071
2017-03-23,3270.83,3282.35,3289.51,3260.07,479330.0,星期四,0.0006,0.0035
2017-03-22,3273.42,3268.96,3284.0,3254.6,559984.0,星期三,-0.0042,-0.0014
2017-03-21,3270.79,3287.29,3287.76,3267.1,485014.0,星期二,0.0004,0.005
2017-03-20,3270.33,3269.41,3275.22,3251.88,459769.0,星期一,0.0018,-0.0003
2017-03-17,3301.12,3264.49,3304.01,3259.52,549887.0,星期五,0.0014,-0.0111
2017-03-16,3291.16,3296.51,3310.29,3289.17,527733.0,星期四,0.0027,0.0016
2017-03-15,3270.13,3282.39,3282.75,3263.56,388752.0,星期三,-0.0011,0.0037
2017-03-14,3270.1,3273.7,3281.43,3267.12,360941.0,星期二,-0.0002,0.0011
2017-03-13,3246.69,3270.66,3270.97,3233.69,455307.0,星期一,-0.0008,0.0074
2017-03-10,3245.94,3249.44,3256.96,3244.69,324700.0,星期五,-0.0011,0.0011
2017-03-09,3262.79,3249.63,3263.36,3235.46,435982.0,星期四,-0.0019,-0.004
2017-03-08,3266.53,3268.87,3276.3,3260.94,412164.0,星期三,-0.0006,0.0007
2017-03-07,3260.01,3268.51,3268.84,3257.0,369678.0,星期二,0.0001,0.0026
2017-03-06,3246.75,3259.64,3264.79,3244.57,394071.0,星期一,-0.0006,0.004
2017-03-03,3249.02,3248.57,3250.65,3237.4,373798.0,星期五,-0.003,-0.0001
2017-03-02,3288.11,3258.93,3293.39,3257.69,420096.0,星期四,0.0017,-0.0089
2017-03-01,3278.87,3282.64,3297.65,3276.08,480075.0,星期三,0.0002,0.0011
2017-02-28,3275.26,3278.31,3290.37,3270.6,340173.0,星期二,-0.0002,0.0009
2017-02-27,3299.64,3276.02,3300.46,3270.49,469769.0,星期一,-0.0014,-0.0072
2017-02-24,3300.8,3304.37,3304.62,3285.77,455312.0,星期五,-0.0012,0.0011
2017-02-23,3320.78,3304.92,3326.28,3293.58,435934.0,星期四,-0.0004,-0.0048
2017-02-22,3316.92,3322.15,3322.49,3307.77,469886.0,星期三,-0.0001,0.0016
2017-02-21,3315.86,3317.23,3332.36,3311.04,549490.0,星期二,0.0011,0.0004
2017-02-20,3264.39,3312.22,3314.98,3264.39,705941.0,星期一,-0.0001,0.0147
2017-02-17,3285.19,3264.71,3299.81,3262.93,564988.0,星期五,0.0005,-0.0062
2017-02-16,3268.31,3283.59,3283.59,3264.09,581219.0,星期四,0.0001,0.0047
2017-02-15,3274.3,3268.05,3289.22,3263.93,685489.0,星期三,0.0006,-0.0019
2017-02-14,3279.61,3272.46,3281.98,3262.72,466619.0,星期二,0.001,-0.0022
2017-02-13,3255.59,3276.41,3280.47,3255.57,602155.0,星期一,0.0007,0.0064
2017-02-10,3238.84,3253.22,3263.07,3238.3,674641.0,星期五,0.001,0.0044
2017-02-09,3221.36,3235.55,3248.66,3218.72,551303.0,星期四,-0.0002,0.0044
2017-02-08,3202.76,3222.06,3222.59,3188.87,415297.0,星期三,-0.0011,0.006
2017-02-07,3214.66,3206.13,3218.55,3197.87,321710.0,星期二,-0.0002,-0.0027
2017-02-06,3217.71,3215.4,3226.47,3206.28,375288.0,星期一,0.0017,-0.0007
2017-02-03,3244.32,3212.4,3245.58,3210.46,320914.0,星期五,0.001,-0.0098
2017-01-26,3233.45,3241.15,3251.95,3233.45,356172.0,星期四,0.0006,0.0024
2017-01-25,3218.03,3231.46,3231.95,3212.66,319199.0,星期三,-0.0011,0.0042
2017-01-24,3217.77,3221.61,3228.35,3211.37,361234.0,星期二,0.0001,0.0012
2017-01-23,3218.44,3217.34,3232.06,3209.45,398989.0,星期一,0.0015,-0.0003
2017-01-20,3192.69,3213.7,3216.69,3191.54,343831.0,星期五,0.0001,0.0066
2017-01-19,3194.37,3192.47,3211.32,3187.22,386932.0,星期四,-0.0028,-0.0006
2017-01-18,3183.36,3203.44,3213.35,3181.52,385732.0,星期三,-0.0004,0.0063
2017-01-17,3169.73,3184.61,3186.25,3161.93,369917.0,星期二,-0.0046,0.0047
2017-01-16,3159.04,3184.48,3188.84,3128.31,969420.0,星期一,-0.0017,0.0081
2017-01-13,3150.27,3164.27,3177.29,3147.23,489447.0,星期五,0.0002,0.0044
2017-01-12,3156.66,3149.72,3170.93,3148.06,470462.0,星期四,-0.0007,-0.0022
2017-01-11,3173.75,3158.72,3183.9,3157.52,493364.0,星期三,-0.0004,-0.0047
2017-01-10,3178.54,3175.16,3186.38,3171.61,417751.0,星期二,-0.0008,-0.0011
2017-01-09,3168.02,3181.0,3184.62,3166.52,465130.0,星期一,-0.0004,0.0041
2017-01-06,3186.99,3169.13,3189.58,3168.23,466793.0,星期五,-0.0002,-0.0056
2017-01-05,3188.38,3187.5,3193.85,3180.6,470301.0,星期四,0.0,-0.0003
2017-01-04,3164.31,3188.31,3190.52,3161.93,477015.0,星期三,-0.0007,0.0076
2017-01-03,3136.63,3166.4,3169.93,3136.63,500512.0,星期二,0.0007,0.0095
2016-12-30,3124.5,3134.45,3134.68,3117.84,396634.0,星期五,0.0016,0.0032
2016-12-29,3118.14,3119.46,3130.75,3108.39,366333.0,星期四,-0.0015,0.0004
2016-12-28,3136.11,3122.93,3140.94,3113.22,370014.0,星期三,-0.0003,-0.0042
2016-12-27,3138.9,3137.02,3149.88,3136.55,404763.0,星期二,-0.0011,-0.0006
2016-12-26,3107.56,3142.39,3143.58,3088.12,485556.0,星期一,-0.005,0.0112
2016-12-23,3143.38,3123.2,3144.93,3114.64,537159.0,星期五,-0.001,-0.0064
2016-12-22,3146.95,3146.58,3151.8,3133.47,497211.0,星期四,-0.0015,-0.0001
2016-12-21,3130.87,3151.72,3157.56,3130.87,615707.0,星期三,0.0011,0.0067
2016-12-20,3148.98,3127.3,3149.85,3106.25,498686.0,星期二,0.0003,-0.0069
2016-12-19,3163.94,3148.18,3167.21,3144.42,413888.0,星期一,-0.0015,-0.005
2016-12-16,3162.19,3168.81,3180.72,3158.47,490913.0,星期五,-0.0024,0.0021
2016-12-15,3209.27,3169.86,3220.33,3158.55,661785.0,星期四,-0.0049,-0.0123
2016-12-14,3242.97,3224.99,3258.2,3224.42,713422.0,星期三,-0.0016,-0.0055
2016-12-13,3244.48,3248.19,3259.47,3221.2,657904.0,星期二,-0.0051,0.0011
2016-12-12,3312.05,3260.96,3323.6,3240.92,1082052.0,星期一,-0.0017,-0.0154
2016-12-09,3274.97,3317.53,3331.23,3272.4,941837.0,星期五,-0.0018,0.013
2016-12-08,3288.22,3280.77,3293.24,3276.86,630772.0,星期四,0.0019,-0.0023
2016-12-07,3270.75,3281.88,3281.9,3256.26,575465.0,星期三,-0.0006,0.0034
2016-12-06,3275.6,3272.83,3289.39,3270.5,664666.0,星期二,-0.0016,-0.0008
2016-12-05,3289.26,3281.01,3307.82,3266.49,1117081.0,星期一,-0.0176,-0.0025
2016-12-02,3372.25,3348.15,3372.25,3332.13,1171230.0,星期五,-0.0019,-0.0071
2016-12-01,3359.57,3378.74,3394.43,3356.38,1104773.0,星期四,0.0023,0.0057
2016-11-30,3375.41,3351.87,3386.27,3341.65,1036329.0,星期三,-0.001,-0.007
2016-11-29,3328.35,3378.84,3397.38,3324.11,1400700.0,星期二,-0.0026,0.0152
2016-11-28,3341.58,3337.03,3359.45,3328.98,1260614.0,星期一,0.0054,-0.0014
2016-11-25,3289.88,3323.55,3323.78,3269.2,806023.0,星期五,0.0006,0.0102
2016-11-24,3265.85,3288.06,3307.83,3263.34,733182.0,星期四,-0.0021,0.0068
2016-11-23,3264.71,3272.66,3288.56,3263.0,930797.0,星期三,0.0022,0.0024
2016-11-22,3231.76,3257.58,3259.79,3231.76,983669.0,星期二,-0.0,0.008
2016-11-21,3197.44,3231.87,3255.3,3197.42,849178.0,星期一,-0.0014,0.0108
2016-11-18,3219.93,3202.08,3227.81,3198.75,581915.0,星期五,0.0011,-0.0055
2016-11-17,3199.7,3216.29,3217.21,3191.71,589509.0,星期四,-0.0023,0.0052
2016-11-16,3210.09,3207.04,3213.08,3196.88,603047.0,星期三,0.0002,-0.001
2016-11-15,3207.9,3209.4,3214.07,3198.32,618305.0,星期二,-0.0009,0.0005
2016-11-14,3196.64,3210.91,3236.93,3195.04,1081430.0,星期一,-0.0015,0.0045
2016-11-11,3171.69,3201.37,3207.72,3168.97,996786.0,星期五,-0.0018,0.0094
2016-11-10,3162.8,3177.34,3193.99,3162.8,634983.0,星期四,0.0059,0.0046
2016-11-09,3157.68,3144.1,3162.25,3115.5,764816.0,星期三,-0.0002,-0.0043
2016-11-08,3156.03,3158.24,3172.44,3149.95,539275.0,星期二,0.0029,0.0007
2016-11-07,3142.08,3147.01,3152.96,3132.54,530341.0,星期一,-0.0005,0.0016
2016-11-04,3147.12,3143.56,3162.91,3137.65,554056.0,星期五,-0.0007,-0.0011
2016-11-03,3111.75,3149.4,3162.99,3109.88,640146.0,星期四,-0.002,0.0121
2016-11-02,3137.1,3118.02,3139.52,3116.39,444002.0,星期三,-0.0029,-0.0061
2016-11-01,3127.24,3146.29,3146.71,3122.45,362157.0,星期二,0.0005,0.0061
2016-10-31,3122.6,3125.58,3129.56,3107.38,340077.0,星期一,-0.0022,0.001
2016-10-28,3128.85,3129.43,3154.12,3125.24,464486.0,星期五,0.0004,0.0002
2016-10-27,3135.64,3127.51,3136.99,3118.43,387112.0,星期四,-0.0013,-0.0026
2016-10-26,3148.87,3139.57,3152.04,3135.77,487771.0,星期三,-0.0008,-0.003
2016-10-25,3153.21,3151.26,3159.86,3141.33,547861.0,星期二,-0.0002,-0.0006
2016-10-24,3120.81,3153.74,3171.38,3119.23,795484.0,星期一,0.0015,0.0106
2016-10-21,3096.44,3116.21,3126.17,3094.91,554252.0,星期五,-0.001,0.0064
2016-10-20,3098.62,3099.64,3106.54,3093.92,338141.0,星期四,0.0004,0.0003
2016-10-19,3102.44,3097.49,3112.24,3092.03,469399.0,星期三,0.0004,-0.0016
2016-10-18,3057.45,3101.29,3102.17,3057.45,502064.0,星期二,-0.0014,0.0143
2016-10-17,3084.77,3061.8,3087.63,3056.15,397851.0,星期一,-0.001,-0.0074
2016-10-14,3077.32,3087.72,3088.47,3069.68,391685.0,星期五,-0.0009,0.0034
2016-10-13,3077.41,3080.14,3083.89,3070.37,385816.0,星期四,-0.0002,0.0009
2016-10-12,3078.64,3077.95,3079.15,3068.27,290760.0,星期三,-0.0022,-0.0002
2016-10-11,3077.26,3085.49,3090.11,3073.27,440676.0,星期二,0.0008,0.0027
2016-10-10,3051.89,3074.78,3075.71,3045.92,376798.0,星期一,0.003,0.0075
2016-09-30,3030.23,3042.62,3051.05,3029.32,193599.0,星期五,-0.0014,0.0041
2016-09-29,3025.5,3034.55,3046.06,3025.39,234561.0,星期四,0.0015,0.003
2016-09-28,3030.18,3021.07,3032.93,3017.88,197936.0,星期三,0.0003,-0.003
2016-09-27,3007.58,3029.25,3029.67,3006.8,255319.0,星期二,-0.0017,0.0072
2016-09-26,3049.48,3012.71,3049.48,3012.24,312291.0,星期一,-0.0028,-0.0121
2016-09-23,3072.22,3057.9,3073.68,3056.77,236268.0,星期五,-0.0001,-0.0047
2016-09-22,3056.96,3072.5,3082.87,3053.74,363330.0,星期四,0.0042,0.0051
2016-09-21,3037.31,3044.24,3046.39,3032.72,241960.0,星期三,0.0002,0.0023
2016-09-20,3044.35,3036.66,3044.88,3032.61,220034.0,星期二,0.0002,-0.0025
2016-09-19,3024.82,3043.7,3045.67,3024.82,257189.0,星期一,0.0009,0.0062
2016-09-14,3031.54,3021.97,3037.17,3015.2,320649.0,星期三,-0.0042,-0.0032
2016-09-13,3050.55,3044.33,3052.91,3032.9,271100.0,星期二,-0.0006,-0.002
2016-09-12,3054.12,3052.27,3057.07,3020.71,598106.0,星期一,-0.0127,-0.0006
2016-09-09,3108.87,3093.34,3114.19,3092.89,319243.0,星期五,-0.0002,-0.005
2016-09-08,3108.42,3109.64,3113.65,3101.24,288496.0,星期四,-0.0008,0.0004
2016-09-07,3112.41,3110.88,3124.09,3107.16,416861.0,星期三,0.0004,-0.0005
2016-09-06,3102.7,3111.02,3119.62,3083.9,430844.0,星期二,0.0012,0.0027
2016-09-05,3102.61,3098.95,3115.22,3094.03,320318.0,星期一,0.0021,-0.0012
2016-09-02,3078.7,3096.0,3098.0,3078.2,363799.0,星期五,-0.0004,0.0056
2016-09-01,3103.75,3079.92,3104.89,3079.1,389953.0,星期四,-0.0002,-0.0077
2016-08-31,3083.04,3104.51,3110.22,3080.2,352179.0,星期三,-0.0002,0.007
2016-08-30,3077.17,3083.55,3093.55,3074.77,345466.0,星期二,0.0007,0.0021
2016-08-29,3078.66,3075.04,3080.17,3065.47,355993.0,星期一,-0.0003,-0.0012
2016-08-26,3086.9,3079.51,3098.72,3074.81,346749.0,星期五,0.0008,-0.0024
2016-08-25,3088.49,3084.39,3090.0,3059.67,451915.0,星期四,-0.0041,-0.0013
2016-08-24,3114.76,3101.32,3119.12,3095.72,406977.0,星期三,-0.0004,-0.0043
2016-08-23,3107.68,3115.9,3136.2,3102.45,444309.0,星期二,-0.0009,0.0026
2016-08-22,3131.54,3110.61,3138.89,3108.81,504866.0,星期一,-0.0002,-0.0067
2016-08-19,3126.25,3132.04,3140.57,3109.07,580808.0,星期五,-0.002,0.0019
2016-08-18,3142.81,3132.46,3166.86,3116.41,678940.0,星期四,-0.0011,-0.0033
2016-08-17,3157.02,3146.15,3173.54,3133.37,622240.0,星期三,0.0003,-0.0034
2016-08-16,3189.98,3156.21,3204.03,3149.97,1035776.0,星期二,0.004,-0.0106
2016-08-15,3092.37,3177.34,3205.45,3091.27,1116825.0,星期一,0.0029,0.0275
2016-08-12,3019.53,3083.37,3083.37,3018.14,595047.0,星期五,0.0002,0.0211
2016-08-11,3013.13,3018.8,3054.29,3013.13,447695.0,星期四,-0.0007,0.0019
2016-08-10,3027.14,3015.37,3032.09,3014.66,347047.0,星期三,-0.0007,-0.0039
2016-08-09,3010.14,3029.14,3030.92,3006.2,400613.0,星期二,0.0001,0.0063
2016-08-08,2984.43,3009.72,3010.01,2973.17,378139.0,星期一,-0.0012,0.0085
2016-08-05,2979.09,2987.97,3005.73,2970.81,330963.0,星期五,0.0004,0.003
2016-08-04,2971.23,2977.78,2978.06,2949.34,314586.0,星期四,-0.0005,0.0022
2016-08-03,2962.08,2972.8,2977.73,2957.14,297489.0,星期三,-0.0033,0.0036
2016-08-02,2964.14,2971.92,2973.03,2955.04,247408.0,星期二,-0.0012,0.0026
2016-08-01,2976.27,2967.61,2982.2,2951.13,378987.0,星期一,-0.002,-0.0029
2016-07-29,2990.56,2982.38,2998.34,2977.45,371077.0,星期五,-0.0015,-0.0027
2016-07-28,2980.72,2995.06,3007.42,2972.41,489961.0,星期四,-0.0049,0.0048
2016-07-27,3021.43,2995.51,3026.39,2934.45,695273.0,星期三,0.0004,-0.0086
2016-07-26,2982.36,3020.09,3020.45,2982.19,351418.0,星期二,-0.0012,0.0127
2016-07-25,2979.2,2985.96,2997.79,2976.22,292328.0,星期一,-0.0016,0.0023
2016-07-22,3010.58,2984.06,3012.5,2979.88,359019.0,星期五,-0.0004,-0.0088
2016-07-21,2999.03,3011.73,3026.57,2999.0,354293.0,星期四,0.0003,0.0042
2016-07-20,3005.81,2998.22,3013.05,2993.26,298065.0,星期三,-0.0008,-0.0025
2016-07-19,3027.63,3008.24,3032.46,2992.34,400246.0,星期二,-0.0003,-0.0064
2016-07-18,3034.58,3028.39,3049.31,3020.61,505433.0,星期一,-0.0018,-0.002
2016-07-15,3041.73,3039.9,3048.42,3030.01,444042.0,星期五,0.0004,-0.0006
2016-07-14,3043.95,3040.39,3047.6,3025.32,456536.0,星期四,-0.0014,-0.0012
2016-07-13,3045.13,3048.23,3074.44,3039.74,813063.0,星期三,-0.0014,0.001
2016-07-12,2984.92,3049.27,3049.75,2984.84,812297.0,星期二,-0.0002,0.0216
2016-07-11,2978.29,2985.54,3012.49,2976.69,660059.0,星期一,0.0014,0.0024
2016-07-08,2981.84,2974.1,2984.46,2967.43,373898.0,星期五,-0.0042,-0.0026
2016-07-07,2990.22,2994.48,3003.67,2978.28,495239.0,星期四,-0.0044,0.0014
2016-07-06,2987.66,3003.39,3005.95,2974.63,615387.0,星期三,-0.0034,0.0053
2016-07-05,2991.55,2997.97,3005.58,2989.71,570907.0,星期二,-0.0036,0.0021
2016-07-04,2945.62,3002.36,3010.81,2943.76,612817.0,星期一,-0.0061,0.0193
2016-07-01,2962.2,2963.83,2975.51,2958.72,323608.0,星期五,0.0008,0.0006
2016-06-30,2956.16,2959.8,2969.03,2954.36,370920.0,星期四,0.0005,0.0012
2016-06-29,2938.97,2954.68,2957.2,2936.13,487807.0,星期三,0.0014,0.0053
2016-06-28,2912.79,2934.8,2937.9,2906.24,375418.0,星期二,-0.0037,0.0076
2016-06-27,2882.83,2923.53,2923.63,2882.58,342354.0,星期一,-0.003,0.0141
2016-06-24,2922.01,2891.5,2939.83,2858.16,472109.0,星期五,-0.0024,-0.0104
2016-06-23,2942.4,2929.05,2942.4,2918.23,284240.0,星期四,-0.0011,-0.0045
2016-06-22,2920.11,2945.61,2945.84,2917.39,271773.0,星期三,-0.002,0.0087
2016-06-21,2937.84,2925.89,2967.29,2919.66,370545.0,星期二,0.0027,-0.0041
2016-06-20,2933.71,2929.83,2936.41,2911.72,262351.0,星期一,0.0025,-0.0013
2016-06-17,2911.39,2926.46,2943.11,2911.39,371588.0,星期五,0.0,0.0052
2016-06-16,2915.86,2911.34,2924.63,2907.24,359818.0,星期四,-0.0046,-0.0016
2016-06-15,2877.45,2929.33,2941.53,2876.55,363271.0,星期三,-0.0098,0.018
2016-06-14,2888.71,2905.83,2908.57,2886.85,276983.0,星期二,-0.0019,0.0059
2016-06-13,2941.69,2894.32,2952.89,2893.42,388527.0,星期一,-0.0086,-0.0161
2016-06-08,2974.36,2967.11,2975.47,2955.47,293560.0,星期三,-0.0011,-0.0024
2016-06-07,2982.18,2977.59,2986.26,2971.16,274207.0,星期二,0.0017,-0.0015
2016-06-06,2992.06,2977.15,2995.17,2969.85,299039.0,星期一,-0.0003,-0.005
2016-06-03,2979.15,2993.09,3002.45,2969.81,430760.0,星期五,0.0027,0.0047
2016-06-02,2968.4,2971.16,2975.79,2959.67,311769.0,星期四,-0.0007,0.0009
2016-06-01,2988.28,2970.37,2993.22,2969.79,447591.0,星期三,0.0009,-0.006
2016-05-31,2900.19,2985.65,2988.12,2900.19,655857.0,星期二,0.0001,0.0295
2016-05-30,2885.4,2899.81,2903.1,2870.24,277074.0,星期一,-0.0002,0.005
2016-05-27,2885.45,2885.86,2893.76,2878.02,228109.0,星期五,-0.0008,0.0001
2016-05-26,2881.8,2887.67,2896.7,2865.21,239696.0,星期四,-0.0006,0.002
2016-05-25,2897.78,2883.56,2904.06,2879.91,205416.0,星期三,0.0054,-0.0049
2016-05-24,2899.24,2882.19,2899.3,2875.55,221260.0,星期二,-0.0012,-0.0059
2016-05-23,2900.2,2902.72,2915.83,2895.57,249983.0,星期一,0.0,0.0009
2016-05-20,2877.7,2900.18,2900.48,2873.5,238569.0,星期五,-0.0033,0.0078
2016-05-19,2886.7,2887.28,2903.61,2883.03,251822.0,星期四,-0.0029,0.0002
2016-05-18,2886.6,2895.23,2898.08,2864.84,366764.0,星期三,-0.0041,0.003
2016-05-17,2907.78,2898.35,2911.94,2889.36,256115.0,星期二,-0.0004,-0.0032
2016-05-16,2887.25,2909.02,2909.19,2879.79,242977.0,星期一,-0.0032,0.0075
2016-05-13,2901.87,2896.58,2918.09,2889.44,259016.0,星期五,-0.0028,-0.0018
2016-05-12,2884.04,2909.97,2915.47,2866.0,326588.0,星期四,-0.0056,0.009
2016-05-11,2897.13,2900.42,2916.06,2886.23,327934.0,星期三,0.0029,0.0011
2016-05-10,2874.33,2888.84,2903.99,2874.33,301411.0,星期二,-0.0039,0.005
2016-05-09,2923.49,2885.61,2923.49,2875.73,426951.0,星期一,-0.0038,-0.013
2016-05-06,2998.77,2934.57,3001.21,2934.19,459793.0,星期五,-0.0008,-0.0214
2016-05-05,2996.08,3001.1,3003.95,2988.81,293330.0,星期四,-0.0016,0.0017
2016-05-04,2999.55,3000.81,3010.49,2992.76,354787.0,星期三,-0.003,0.0004
2016-05-03,2969.42,3008.64,3017.33,2962.51,456941.0,星期二,0.0005,0.0132
2016-04-29,2965.93,2967.89,2980.63,2963.39,276268.0,星期五,-0.0016,0.0007
2016-04-28,2980.58,2970.8,2987.03,2954.9,301220.0,星期四,0.0011,-0.0033
2016-04-27,2992.79,2977.45,2995.36,2975.17,246649.0,星期三,0.0007,-0.0051
2016-04-26,2977.96,2990.67,2998.4,2968.75,254491.0,星期二,-0.0007,0.0043
2016-04-25,2979.9,2980.16,2990.24,2957.24,299995.0,星期一,-0.0031,0.0001
2016-04-22,2959.73,2989.13,2991.07,2956.27,344011.0,星期五,-0.0053,0.0099
2016-04-21,2967.3,2975.61,3005.68,2958.09,475743.0,星期四,-0.0067,0.0028
2016-04-20,3017.17,2987.3,3021.21,2913.29,783465.0,星期三,0.0013,-0.0099
2016-04-19,3020.71,3013.38,3025.62,3002.55,327764.0,星期二,0.0046,-0.0024
2016-04-18,3021.73,3006.83,3021.75,3003.67,426504.0,星期一,-0.0062,-0.0049
2016-04-15,3043.67,3040.5,3050.79,3030.22,420033.0,星期五,0.0011,-0.001
2016-04-14,3044.52,3040.22,3053.93,3023.03,452361.0,星期四,0.005,-0.0014
2016-04-13,3010.47,3029.42,3063.44,3010.47,868429.0,星期三,0.0059,0.0063
2016-04-12,2998.76,2992.71,3002.11,2979.4,364488.0,星期二,-0.0004,-0.002
2016-04-11,2989.24,2999.93,3022.06,2989.24,556500.0,星期一,0.008,0.0036
2016-04-08,2968.55,2965.53,2977.03,2950.72,419547.0,星期五,-0.006,-0.001
2016-04-07,3034.75,2986.46,3038.7,2985.85,459294.0,星期四,0.0028,-0.0159
2016-04-06,3024.04,3026.34,3035.4,3010.43,468112.0,星期三,-0.005,0.0008
2016-04-05,3000.13,3039.17,3047.51,2995.25,643879.0,星期二,-0.0055,0.013
2016-04-01,3006.42,3016.82,3017.16,2964.23,542801.0,星期五,-0.0005,0.0035
2016-03-31,3019.04,3007.84,3027.77,2999.06,539469.0,星期四,0.0041,-0.0037
2016-03-30,2962.86,3006.68,3009.14,2962.86,538289.0,星期三,0.0075,0.0148
2016-03-29,2969.3,2940.81,2976.61,2931.79,410804.0,星期二,0.0016,-0.0096
2016-03-28,3001.03,2964.49,3019.78,2957.06,437421.0,星期一,0.0021,-0.0122
2016-03-25,2976.69,2994.73,3002.26,2976.51,401422.0,星期五,-0.0007,0.0061
2016-03-24,3008.04,2978.64,3008.8,2978.51,548413.0,星期四,-0.0065,-0.0098
2016-03-23,3017.28,3027.86,3038.0,3004.89,562741.0,星期三,-0.0017,0.0035
2016-03-22,3032.67,3022.55,3048.68,3015.48,772587.0,星期二,-0.0049,-0.0033
2016-03-21,3002.61,3047.72,3070.75,2999.77,1196837.0,星期一,0.0076,0.015
2016-03-18,2966.59,2980.07,3007.69,2958.13,970811.0,星期五,0.0037,0.0045
2016-03-17,2949.7,2955.74,2983.18,2925.33,593243.0,星期四,0.0007,0.002
2016-03-16,2902.22,2947.6,2954.56,2898.6,781946.0,星期三,-0.0046,0.0156
2016-03-15,2891.93,2915.76,2919.23,2863.24,494759.0,星期二,-0.0008,0.0082
2016-03-14,2886.4,2894.29,2939.42,2877.81,565172.0,星期一,0.0049,0.0027
2016-03-11,2841.98,2872.23,2873.28,2835.7,375015.0,星期五,-0.007,0.0106
2016-03-10,2897.57,2862.05,2914.14,2861.09,345179.0,星期四,-0.0075,-0.0123
2016-03-09,2881.41,2919.56,2920.58,2857.72,557216.0,星期三,-0.0183,0.0132
2016-03-08,2924.96,2935.17,2937.71,2840.65,628137.0,星期二,-0.0017,0.0035
2016-03-07,2944.63,2930.03,2960.77,2915.98,634165.0,星期一,0.0018,-0.005
2016-03-04,2859.33,2939.22,2947.36,2853.79,1248596.0,星期五,-0.0034,0.0279
2016-03-03,2858.35,2868.96,2878.9,2846.15,758965.0,星期四,-0.0004,0.0037
2016-03-02,2766.04,2859.49,2862.57,2765.1,841806.0,星期三,0.0026,0.0338
2016-03-01,2719.16,2758.92,2776.85,2702.35,521429.0,星期二,0.001,0.0146
2016-02-29,2746.76,2716.53,2747.84,2655.63,616000.0,星期一,-0.0015,-0.011
2016-02-26,2741.61,2750.96,2764.76,2715.34,453160.0,星期五,0.0073,0.0034
2016-02-25,2869.52,2721.86,2869.54,2710.44,724903.0,星期四,-0.0017,-0.0515
2016-02-24,2843.82,2874.52,2874.72,2830.35,503441.0,星期三,-0.0039,0.0108
2016-02-23,2882.81,2855.08,2882.81,2832.65,488183.0,星期二,-0.0008,-0.0096
2016-02-22,2849.96,2885.03,2897.2,2838.76,673336.0,星期一,0.0095,0.0123
2016-02-19,2824.69,2823.2,2835.89,2809.31,388982.0,星期五,-0.0017,-0.0005
2016-02-18,2852.44,2829.4,2864.75,2826.87,561018.0,星期四,0.0045,-0.0081
2016-02-17,2817.23,2839.65,2845.51,2812.43,644220.0,星期三,-0.0011,0.008
2016-02-16,2759.02,2820.29,2825.33,2758.53,535056.0,星期二,0.0052,0.0222
2016-02-15,2702.23,2744.67,2757.89,2699.55,343953.0,星期一,-0.0236,0.0157
2016-02-05,2777.6,2767.55,2785.54,2764.4,350140.0,星期五,-0.0014,-0.0036
2016-02-04,2763.88,2781.47,2794.87,2763.36,428064.0,星期四,0.0045,0.0064
2016-02-03,2741.97,2751.47,2755.83,2720.83,372953.0,星期三,-0.0094,0.0035
2016-02-02,2719.75,2768.01,2779.27,2719.67,422687.0,星期二,-0.0009,0.0177
2016-02-01,2760.94,2722.1,2764.09,2696.43,429809.0,星期一,-0.0022,-0.0141
2016-01-29,2688.16,2767.02,2784.36,2687.78,592171.0,星期五,0.0011,0.0293
2016-01-28,2728.1,2685.33,2753.99,2671.43,474937.0,星期四,-0.0055,-0.0157
2016-01-27,2761.93,2743.1,2771.83,2675.43,644301.0,星期三,0.0052,-0.0068
2016-01-26,2881.57,2747.63,2886.77,2740.86,615540.0,星期二,-0.0088,-0.0465
2016-01-25,2910.18,2907.12,2923.02,2886.69,362588.0,星期一,0.0034,-0.0011
2016-01-22,2902.58,2900.29,2917.34,2851.61,439041.0,星期五,0.0101,-0.0008
2016-01-21,2915.26,2873.62,2972.02,2873.49,558852.0,星期四,-0.01,-0.0143
2016-01-20,2975.93,2944.69,2989.56,2927.04,651730.0,星期三,-0.0056,-0.0105
2016-01-19,2915.51,2992.77,2999.33,2899.53,611654.0,星期二,0.0016,0.0265
2016-01-18,2867.98,2910.93,2941.29,2866.18,456499.0,星期一,-0.0144,0.015
2016-01-15,2980.21,2909.85,2992.09,2893.97,584191.0,星期五,-0.0059,-0.0236
2016-01-14,2889.12,2998.01,3003.4,2884.09,613251.0,星期四,-0.0224,0.0377
2016-01-13,3022.02,2955.31,3032.65,2955.04,533160.0,星期三,0.0083,-0.0221
2016-01-12,3004.81,2997.21,3024.57,2970.07,580922.0,星期二,0.0075,-0.0025
2016-01-11,3067.52,2982.49,3097.71,2982.46,813622.0,星期一,-0.0158,-0.0277
2016-01-08,3119.13,3116.66,3165.13,3019.98,869413.0,星期五,0.0216,-0.0008
2016-01-07,3199.54,3053.24,3199.54,3042.49,196441.0,星期四,-0.0152,-0.0457
2016-01-06,3201.95,3248.92,3253.26,3190.28,653735.0,星期三,-0.0001,0.0147
2016-01-05,3118.28,3202.16,3229.0,3111.5,761428.0,星期二,-0.0185,0.0269
2016-01-04,3385.49,3176.94,3385.51,3176.52,544300.0,星期一,-0.0009,-0.0616
2015-12-31,3405.3,3388.42,3412.64,3378.04,451977.0,星期四,-0.0016,-0.005
2015-12-30,3410.89,3410.59,3412.57,3372.98,454462.0,星期三,0.0002,-0.0001
2015-12-29,3375.42,3410.07,3413.31,3368.71,440387.0,星期二,-0.0011,0.0103
2015-12-28,3490.95,3379.01,3495.63,3379.01,734877.0,星期一,0.0025,-0.0321
2015-12-25,3477.0,3482.12,3489.34,3459.52,471659.0,星期五,0.0009,0.0015
2015-12-24,3500.06,3473.87,3507.89,3435.47,728437.0,星期四,-0.0017,-0.0075
2015-12-23,3504.93,3506.1,3564.86,3495.63,1019101.0,星期三,0.0006,0.0003
2015-12-22,3506.54,3502.8,3515.74,3476.89,806439.0,星期二,0.0001,-0.0011
2015-12-21,3395.53,3506.13,3521.45,3393.94,1159375.0,星期一,-0.0023,0.0326
2015-12-18,3379.96,3403.38,3452.33,3375.98,874719.0,星期五,-0.0012,0.0069
2015-12-17,3348.07,3384.03,3402.51,3344.29,809299.0,星期四,0.0063,0.0107
2015-12-16,3346.65,3327.02,3355.19,3319.81,496969.0,星期三,0.0016,-0.0059
2015-12-15,3363.54,3341.15,3369.31,3327.92,593848.0,星期二,-0.0024,-0.0067
2015-12-14,3244.67,3371.68,3375.87,3241.13,778020.0,星期一,-0.0094,0.0391
2015-12-11,3273.48,3275.62,3293.46,3247.58,522943.0,星期五,-0.0051,0.0007
2015-12-10,3305.39,3290.12,3350.4,3284.59,585303.0,星期四,-0.0004,-0.0046
2015-12-09,3283.79,3306.81,3322.81,3280.81,557306.0,星期三,-0.0017,0.007
2015-12-08,3321.88,3289.51,3321.88,3283.19,548937.0,星期二,-0.005,-0.0097
2015-12-07,3343.86,3338.64,3351.46,3315.56,508406.0,星期一,0.0008,-0.0016
2015-12-04,3387.28,3341.05,3391.19,3336.15,761333.0,星期五,-0.0089,-0.0136
2015-12-03,3389.78,3417.61,3437.82,3365.08,1196627.0,星期四,-0.0051,0.0082
2015-12-02,3248.67,3407.11,3413.12,3242.24,1257940.0,星期三,-0.0011,0.0488
2015-12-01,3224.44,3252.33,3274.98,3198.86,651925.0,星期二,-0.001,0.0086
2015-11-30,3211.1,3227.6,3241.98,3148.02,817320.0,星期一,-0.0027,0.0051
2015-11-27,3364.67,3219.75,3367.01,3200.97,920594.0,星期五,-0.0054,-0.0431
2015-11-26,3406.37,3383.01,3420.97,3381.06,719405.0,星期四,0.0032,-0.0069
2015-11-25,3372.57,3395.42,3395.88,3360.29,670793.0,星期三,-0.0024,0.0068
2015-11-24,3379.02,3380.75,3382.9,3342.76,637162.0,星期二,-0.0022,0.0005
2015-11-23,3401.6,3386.6,3425.6,3379.07,718637.0,星期一,-0.0004,-0.0044
2015-11-20,3410.6,3402.84,3423.4,3390.45,793594.0,星期五,0.0006,-0.0023
2015-11-19,3374.66,3408.47,3408.67,3362.11,721730.0,星期四,0.0018,0.01
2015-11-18,3392.07,3368.46,3412.99,3360.68,902594.0,星期三,0.0008,-0.007
2015-11-17,3402.27,3389.23,3468.26,3382.42,1110311.0,星期二,0.0061,-0.0038
2015-11-16,3328.91,3381.65,3381.66,3326.58,727768.0,星期一,-0.0154,0.0158
2015-11-13,3390.17,3380.97,3424.39,3373.79,899596.0,星期五,-0.0088,-0.0027
2015-11-12,3467.38,3420.27,3467.67,3404.66,945826.0,星期四,0.0025,-0.0136
2015-11-11,3468.49,3458.68,3470.84,3416.24,1049772.0,星期三,-0.0021,-0.0028
2015-11-10,3455.28,3475.62,3520.4,3449.31,1384410.0,星期二,-0.0105,0.0059
2015-11-09,3450.63,3491.87,3558.45,3450.63,1931873.0,星期一,0.0021,0.012
2015-11-06,3363.54,3443.43,3452.01,3358.81,1568576.0,星期五,-0.0028,0.0238
2015-11-05,3287.86,3373.11,3451.79,3284.48,2214212.0,星期四,0.0001,0.0259
2015-11-04,3156.06,3287.66,3289.13,3156.06,996777.0,星期三,0.0023,0.0417
2015-11-03,3165.52,3148.97,3179.98,3140.36,452713.0,星期二,0.0016,-0.0052
2015-11-02,3172.21,3160.37,3207.53,3159.93,581893.0,星期一,-0.01,-0.0037
2015-10-30,3199.94,3204.23,3235.69,3179.45,601215.0,星期五,-0.0002,0.0013
2015-10-29,3207.17,3200.48,3221.23,3185.63,507023.0,星期四,0.0031,-0.0021
2015-10-28,3234.83,3197.37,3245.94,3193.11,679910.0,星期三,-0.0047,-0.0116
2015-10-27,3242.4,3250.14,3253.43,3178.41,770359.0,星期二,-0.0041,0.0024
2015-10-26,3277.82,3255.62,3289.1,3239.49,915505.0,星期一,0.0104,-0.0068
2015-10-23,3224.41,3243.95,3253.26,3206.3,889419.0,星期五,0.0019,0.0061
2015-10-22,3174.41,3218.45,3224.6,3162.8,906311.0,星期四,-0.0104,0.0139
2015-10-21,3243.89,3207.78,3278.01,3135.58,1519433.0,星期三,0.0008,-0.0111
2015-10-20,3206.94,3241.16,3241.75,3186.41,824108.0,星期二,-0.0018,0.0107
2015-10-19,3223.36,3212.76,3246.63,3189.84,906012.0,星期一,0.0028,-0.0033
2015-10-16,3197.66,3214.44,3221.25,3181.49,978321.0,星期五,0.0051,0.0052
2015-10-15,3119.71,3181.29,3181.29,3117.69,784132.0,星期四,-0.0002,0.0197
2015-10-14,3137.73,3120.31,3163.33,3118.43,699128.0,星期三,-0.0039,-0.0056
2015-10-13,3143.27,3149.93,3161.07,3130.81,626229.0,星期二,-0.0065,0.0021
2015-10-12,3081.41,3163.89,3198.01,3077.83,1059019.0,星期一,0.0022,0.0268
2015-10-09,3048.36,3074.59,3084.26,3039.91,562430.0,星期五,0.0036,0.0086
2015-10-08,3080.99,3037.52,3082.35,3035.87,650358.0,星期四,0.0391,-0.0141
2015-09-30,2952.53,2965.19,2983.17,2949.23,410784.0,星期三,0.0055,0.0043
2015-09-29,2954.87,2936.43,2963.33,2919.49,426853.0,星期二,-0.0135,-0.0062
2015-09-28,2990.79,2995.3,3001.32,2958.18,351592.0,星期一,-0.0043,0.0015
2015-09-25,3018.41,3003.67,3033.82,2969.21,602872.0,星期五,-0.0033,-0.0049
2015-09-24,3029.3,3028.42,3041.97,3004.45,474630.0,星期四,0.005,-0.0003
2015-09-23,3050.93,3014.18,3064.97,3010.22,553727.0,星期三,-0.0135,-0.012
2015-09-22,3067.17,3092.62,3121.05,3058.19,675574.0,星期二,0.0007,0.0083
2015-09-21,3015.12,3065.15,3070.27,3004.93,567879.0,星期一,-0.0078,0.0166
2015-09-18,3044.32,3038.96,3071.49,3025.89,545741.0,星期五,0.0039,-0.0018
2015-09-17,3075.14,3032.47,3126.79,3032.02,871127.0,星期四,-0.0072,-0.0139
2015-09-16,2972.44,3097.36,3139.61,2951.87,870682.0,星期三,-0.0036,0.042
2015-09-15,3010.88,2983.24,3026.6,2952.56,809211.0,星期二,-0.02,-0.0092
2015-09-14,3084.58,3072.31,3089.82,2967.32,1195824.0,星期一,0.0053,-0.004
2015-09-11,3076.4,3068.23,3101.43,3046.86,541830.0,星期五,-0.0029,-0.0027
2015-09-10,3063.17,3085.32,3108.57,3051.66,782184.0,星期四,-0.0129,0.0072
2015-09-09,3064.46,3103.22,3124.98,3051.83,1174371.0,星期三,0.0022,0.0126
2015-09-08,2968.73,3057.87,3064.35,2926.6,887135.0,星期二,-0.008,0.03
2015-09-07,3096.44,2992.79,3149.34,2984.84,1235528.0,星期一,-0.0098,-0.0335
2015-09-02,2989.18,3127.12,3137.19,2981.81,2262148.0,星期三,-0.0384,0.0461
2015-09-01,3017.26,3108.68,3117.13,2938.0,2212121.0,星期二,-0.0215,0.0303
2015-08-31,3001.65,3083.51,3086.45,2914.21,1628177.0,星期一,-0.0112,0.0273
2015-08-28,2968.97,3035.75,3047.35,2942.05,1675373.0,星期五,0.0118,0.0225
2015-08-27,2815.58,2934.44,2935.37,2769.59,1624610.0,星期四,0.0234,0.0422
2015-08-26,2747.42,2751.1,2873.61,2667.18,1835014.0,星期三,0.0095,0.0013
2015-08-25,2756.02,2721.54,2888.1,2692.96,1704185.0,星期二,-0.055,-0.0125
2015-08-24,3096.72,2916.39,3104.99,2903.73,1675720.0,星期一,-0.0331,-0.0582
2015-08-21,3300.51,3202.77,3335.03,3191.65,1214278.0,星期五,-0.0097,-0.0296
2015-08-20,3404.34,3332.99,3422.42,3332.63,1115930.0,星期四,-0.0094,-0.021
2015-08-19,3347.85,3436.78,3441.48,3281.1,1454998.0,星期三,-0.0149,0.0266
2015-08-18,3604.51,3398.47,3623.93,3391.32,1675334.0,星期二,0.0007,-0.0572
2015-08-17,3609.21,3602.05,3611.57,3559.91,1312324.0,星期一,-0.0053,-0.002
2015-08-14,3644.76,3628.35,3654.31,3613.26,1277470.0,星期五,0.0046,-0.0045
2015-08-13,3595.51,3628.07,3629.87,3547.41,1206710.0,星期四,0.0006,0.0091
2015-08-12,3602.57,3593.32,3643.96,3592.46,1275359.0,星期三,-0.0098,-0.0026
2015-08-11,3658.74,3638.31,3676.22,3618.83,1701128.0,星期二,-0.0008,-0.0056
2015-08-10,3543.27,3661.57,3673.44,3529.9,1692867.0,星期一,0.0097,0.0334
2015-08-07,3487.98,3509.34,3530.62,3475.79,896397.0,星期五,0.0085,0.0061
2015-08-06,3437.48,3458.47,3508.4,3430.86,734901.0,星期四,-0.0146,0.0061
2015-08-05,3550.11,3488.28,3561.76,3485.93,994953.0,星期三,-0.0023,-0.0174
2015-08-04,3476.99,3558.46,3558.82,3452.87,1093500.0,星期二,-0.0013,0.0234
2015-08-03,3404.71,3481.69,3481.69,3392.87,1371710.0,星期一,-0.0115,0.0226
2015-07-31,3413.45,3444.31,3478.87,3392.14,1218656.0,星期五,-0.0078,0.009
2015-07-30,3524.01,3440.12,3556.65,3429.79,1437867.0,星期四,-0.0031,-0.0238
2015-07-29,3474.95,3535.1,3539.65,3421.4,1503024.0,星期三,0.0043,0.0173
2015-07-28,3355.72,3459.91,3513.18,3318.08,2198540.0,星期二,-0.0285,0.031
2015-07-27,3728.3,3454.07,3753.73,3451.86,2146250.0,星期一,-0.0166,-0.0736
2015-07-24,3858.16,3791.1,3887.54,3779.01,2168694.0,星期五,0.0011,-0.0174
2015-07-23,3779.35,3853.87,3861.98,3773.82,1909278.0,星期四,0.0001,0.0197
2015-07-22,3791.3,3778.98,3811.4,3741.6,1709845.0,星期三,-0.0049,-0.0032
2015-07-21,3784.21,3809.97,3846.95,3761.01,1806293.0,星期二,-0.0108,0.0068
2015-07-20,3834.89,3825.49,3870.1,3789.91,2028314.0,星期一,-0.0013,-0.0025
2015-07-17,3755.61,3839.97,3876.13,3722.59,1932691.0,星期五,0.0063,0.0225
2015-07-16,3729.28,3732.14,3789.1,3664.16,1936535.0,星期四,-0.0008,0.0008
2015-07-15,3746.14,3732.15,3809.52,3637.91,2624958.0,星期三,-0.0144,-0.0037
2015-07-14,3882.46,3800.81,3925.74,3747.13,2796115.0,星期二,-0.0157,-0.021
2015-07-13,3892.87,3944.54,4036.79,3829.35,3332592.0,星期一,-0.009,0.0133
2015-07-10,3727.96,3928.12,4033.07,3688.84,3844754.0,星期五,-0.0037,0.0537
2015-07-09,3467.71,3741.96,3789.64,3365.49,3580929.0,星期四,-0.0102,0.0791
2015-07-08,3493.4,3503.62,3652.6,3438.28,4596580.0,星期三,-0.0763,0.0029
2015-07-07,3652.19,3782.07,3796.54,3539.38,4823777.0,星期二,-0.0257,0.0356
2015-07-06,3870.07,3748.6,3870.07,3597.19,4539830.0,星期一,0.0864,-0.0314
2015-07-03,3699.1,3562.39,3794.57,3476.63,2696019.0,星期五,-0.0184,-0.037
2015-07-02,3883.22,3768.26,3915.91,3642.43,2970289.0,星期四,0.0097,-0.0296
2015-07-01,3976.13,3845.94,4053.82,3827.17,2612655.0,星期三,-0.015,-0.0327
2015-06-30,3768.54,4036.63,4038.65,3675.78,3309005.0,星期二,-0.0017,0.0711
2015-06-29,3952.0,3775.09,3975.67,3568.9,3244641.0,星期一,0.0265,-0.0448
2015-06-26,4044.98,3850.01,4140.01,3773.8,2816261.0,星期五,-0.0245,-0.0482
2015-06-25,4309.98,4146.59,4325.76,4119.38,2680972.0,星期四,0.0073,-0.0379
2015-06-24,4215.85,4278.8,4285.5,4162.71,2610766.0,星期三,0.0035,0.0149
2015-06-23,4056.04,4200.96,4204.11,3930.21,2235854.0,星期二,0.0017,0.0357
2015-06-19,4223.99,4049.25,4278.31,4046.18,2243738.0,星期五,-0.0141,-0.0414
2015-06-18,4441.61,4284.26,4441.61,4282.07,2118722.0,星期四,-0.0077,-0.0354
2015-06-17,4439.23,4476.3,4492.38,4355.02,2497931.0,星期三,0.0039,0.0084
2015-06-16,4502.24,4421.98,4553.67,4379.45,2455579.0,星期二,-0.0093,-0.0178
2015-06-15,4663.77,4544.54,4671.55,4532.48,2782918.0,星期一,0.003,-0.0256
2015-06-12,4654.87,4649.8,4672.2,4607.14,2641531.0,星期五,0.0036,-0.0011
2015-06-11,4664.94,4638.36,4685.45,4597.29,2433856.0,星期四,-0.001,-0.0057
2015-06-10,4649.95,4669.43,4728.92,4612.44,2780755.0,星期三,-0.0146,0.0042
2015-06-09,4807.69,4718.67,4807.69,4664.56,3985089.0,星期二,0.0072,-0.0185
2015-06-08,4637.98,4773.52,4789.05,4598.29,4444202.0,星期一,0.0081,0.0292
2015-06-05,4624.72,4600.86,4649.28,4486.6,3439724.0,星期五,0.0149,-0.0052
2015-06-04,4517.83,4556.8,4576.5,4297.28,3193040.0,星期四,0.002,0.0086
2015-06-03,4533.5,4508.83,4545.59,4447.72,2596186.0,星期三,0.0005,-0.0054
2015-06-02,4507.21,4531.24,4543.03,4452.48,2591532.0,星期二,0.001,0.0053
2015-06-01,4323.33,4502.6,4507.94,4289.08,2794416.0,星期一,0.0027,0.0415
2015-05-29,4327.7,4311.77,4381.14,4187.35,2836988.0,星期五,0.001,-0.0037
2015-05-28,4611.62,4323.2,4644.1,4320.4,3686782.0,星期四,-0.0013,-0.0625
2015-05-27,4673.75,4617.62,4685.02,4586.93,2873967.0,星期三,0.0021,-0.012
2015-05-26,4646.36,4664.01,4666.3,4561.53,3040299.0,星期二,0.0088,0.0038
2015-05-25,4476.94,4605.76,4606.24,4476.94,2937254.0,星期一,0.0032,0.0288
2015-05-22,4385.14,4462.63,4463.28,4366.48,2880512.0,星期五,0.0106,0.0177
2015-05-21,4292.18,4339.06,4340.21,4264.13,1792603.0,星期四,0.0029,0.0109
2015-05-20,4288.38,4279.92,4357.53,4262.05,2203877.0,星期三,0.0039,-0.002
2015-05-19,4121.03,4271.52,4285.11,4121.03,1919833.0,星期二,0.0002,0.0365
2015-05-18,4160.31,4120.37,4176.11,4116.99,1619668.0,星期一,-0.009,-0.0096
2015-05-15,4274.43,4198.27,4274.43,4176.47,2056353.0,星期五,-0.0022,-0.0178
2015-05-14,4299.35,4283.98,4310.61,4256.77,2059342.0,星期四,-0.0015,-0.0036
2015-05-13,4355.75,4305.65,4355.83,4270.08,2323430.0,星期三,0.0011,-0.0115
2015-05-12,4317.75,4351.03,4354.91,4284.76,2373322.0,星期二,-0.0012,0.0077
2015-05-11,4235.94,4322.85,4323.58,4188.62,2433627.0,星期一,0.0022,0.0205
2015-05-08,4215.58,4226.72,4236.01,4124.65,1973928.0,星期五,0.0098,0.0026
2015-05-07,4218.51,4174.65,4242.65,4172.54,2014922.0,星期四,-0.0077,-0.0104
2015-05-06,4313.22,4251.3,4389.68,4211.21,2591291.0,星期三,0.0067,-0.0144
2015-05-05,4459.51,4284.53,4463.49,4261.41,3169532.0,星期二,-0.0004,-0.0392
2015-05-04,4431.75,4461.41,4468.31,4378.63,2523182.0,星期一,0.0008,0.0067
2015-04-30,4466.15,4428.06,4494.58,4427.23,2653034.0,星期四,0.0016,-0.0085
2015-04-29,4443.15,4459.23,4488.18,4395.8,2689770.0,星期三,-0.0039,0.0036
2015-04-28,4484.25,4460.4,4560.99,4422.14,4406767.0,星期二,0.0011,-0.0053
2015-04-27,4400.76,4479.48,4483.36,4398.16,3500309.0,星期一,0.0112,0.0179
2015-04-24,4348.72,4352.19,4382.31,4271.61,3160262.0,星期五,-0.014,0.0008
2015-04-23,4450.48,4410.64,4455.3,4372.9,3295347.0,星期四,0.0043,-0.009
2015-04-22,4332.12,4431.24,4432.62,4314.45,3428746.0,星期三,0.0019,0.0229
2015-04-21,4252.93,4323.75,4327.4,4210.32,3275115.0,星期二,-0.0008,0.0167
2015-04-20,4364.47,4256.23,4416.47,4224.38,4818858.0,星期一,0.0085,-0.0248
2015-04-17,4317.8,4327.75,4365.8,4291.37,3809463.0,星期五,0.0183,0.0023
2015-04-16,4070.79,4240.13,4240.13,4052.27,2930269.0,星期四,-0.004,0.0416
2015-04-15,4101.79,4087.19,4177.82,4078.76,3420954.0,星期三,0.0008,-0.0036
2015-04-14,4089.52,4098.42,4132.09,4049.74,2983418.0,星期二,0.0031,0.0022
2015-04-13,4057.98,4076.7,4087.38,4031.64,3036450.0,星期一,0.0143,0.0046
2015-04-10,3922.88,4000.76,4007.42,3903.79,2282134.0,星期五,-0.003,0.0199
2015-04-09,3987.82,3934.73,4027.24,3904.14,2943885.0,星期四,0.0058,-0.0133
2015-04-08,3911.26,3964.86,3972.41,3870.37,3071834.0,星期三,0.0051,0.0137
2015-04-07,3842.99,3891.6,3891.81,3829.18,2706472.0,星期二,0.0116,0.0126
2015-04-03,3746.58,3799.09,3799.16,3736.8,1924634.0,星期五,-0.005,0.014
2015-04-02,3807.74,3765.51,3812.83,3717.7,2128228.0,星期四,0.0068,-0.0111
2015-04-01,3730.39,3782.17,3797.23,3720.35,2129395.0,星期三,0.0014,0.0139
2015-03-31,3828.38,3725.18,3857.87,3712.73,3044688.0,星期二,0.0163,-0.027
2015-03-30,3668.85,3766.87,3778.83,3662.38,3036383.0,星期一,0.009,0.0267
2015-03-27,3634.69,3636.21,3666.73,3604.3,2024861.0,星期五,0.0023,0.0004
2015-03-26,3573.94,3626.38,3660.01,3551.7,2263695.0,星期四,-0.0048,0.0147
2015-03-25,3621.8,3591.22,3634.72,3564.59,2429234.0,星期三,-0.0037,-0.0084
2015-03-24,3663.44,3635.32,3668.82,3574.87,2927371.0,星期二,0.001,-0.0077
2015-03-23,3624.83,3659.88,3665.05,3619.18,2465223.0,星期一,0.0079,0.0097
2015-03-20,3556.99,3596.39,3627.97,3529.72,2624201.0,星期五,0.0035,0.0111
2015-03-19,3561.54,3544.45,3569.07,3520.84,2451981.0,星期四,0.001,-0.0048
2015-03-18,3483.47,3558.01,3558.01,3479.14,2615004.0,星期三,0.0036,0.0214
2015-03-17,3452.45,3470.88,3475.4,3436.34,2369681.0,星期二,0.0091,0.0053
2015-03-16,3369.61,3421.42,3421.62,3341.41,1667089.0,星期一,0.0063,0.0154
2015-03-13,3343.23,3348.51,3388.33,3326.24,1634925.0,星期五,0.0036,0.0016
2015-03-12,3286.1,3331.3,3352.94,3260.37,1860275.0,星期四,0.0124,0.0138
2015-03-11,3239.04,3245.74,3290.23,3234.87,1110074.0,星期三,0.0017,0.0021
2015-03-10,3251.54,3233.46,3266.27,3227.54,1178400.0,星期二,-0.0061,-0.0056
2015-03-09,3176.54,3271.34,3284.44,3138.98,1621976.0,星期一,-0.0083,0.0298
2015-03-06,3210.94,3203.01,3232.87,3197.16,1041615.0,星期五,0.0016,-0.0025
2015-03-05,3223.09,3205.97,3226.94,3175.3,1313325.0,星期四,-0.0076,-0.0053
2015-03-04,3248.1,3247.87,3267.31,3221.43,1149979.0,星期三,0.0021,-0.0001
2015-03-03,3319.76,3241.41,3319.76,3239.27,1594161.0,星期二,-0.0075,-0.0236
2015-03-02,3360.56,3344.73,3363.58,3318.2,1493708.0,星期一,0.0079,-0.0047
2015-02-27,3336.19,3334.1,3359.95,3323.6,1443659.0,星期五,-0.0005,-0.0006
2015-02-26,3242.6,3337.78,3342.06,3219.18,1546108.0,星期四,-0.0021,0.0294
2015-02-25,3302.47,3249.52,3302.47,3234.34,986116.0,星期三,0.0019,-0.016
2015-02-17,3283.15,3296.2,3314.29,3283.15,926074.0,星期二,0.003,0.004
2015-02-16,3266.39,3273.48,3280.91,3250.05,968527.0,星期一,-0.0001,0.0022
2015-02-13,3262.42,3266.73,3311.47,3248.59,1299643.0,星期五,0.0043,0.0013
2015-02-12,3243.99,3248.3,3259.41,3208.34,964715.0,星期四,0.0,0.0013
2015-02-11,3238.26,3243.83,3255.52,3224.48,863883.0,星期三,0.0031,0.0017
2015-02-10,3172.34,3228.36,3232.06,3163.59,1068614.0,星期二,-0.0007,0.0177
2015-02-09,3124.29,3174.54,3205.7,3113.82,1169835.0,星期一,-0.0022,0.0161
2015-02-06,3159.35,3131.18,3186.01,3103.45,1289823.0,星期五,-0.005,-0.0089
2015-02-05,3310.24,3175.34,3311.23,3175.32,1718409.0,星期四,0.0307,-0.0408
2015-02-04,3255.82,3211.56,3290.93,3209.55,1268230.0,星期三,0.0032,-0.0136
2015-02-03,3194.49,3245.49,3252.28,3160.33,1318077.0,星期二,0.0118,0.016
2015-02-02,3169.75,3157.28,3216.31,3152.96,1319936.0,星期一,-0.0251,-0.0039
2015-01-30,3312.95,3251.42,3331.25,3243.93,1259915.0,星期五,0.0045,-0.0186
2015-01-29,3292.18,3298.04,3321.53,3268.02,1401077.0,星期四,-0.0159,0.0018
2015-01-28,3364.49,3345.45,3404.88,3333.04,1400255.0,星期三,-0.0092,-0.0057
2015-01-27,3447.11,3395.85,3450.31,3332.35,1979547.0,星期二,0.0016,-0.0149
2015-01-26,3432.08,3441.57,3445.87,3398.99,1618929.0,星期一,0.0025,0.0028
2015-01-23,3420.81,3423.61,3481.03,3399.33,1917942.0,星期五,0.0044,0.0008
2015-01-22,3402.15,3405.99,3418.57,3359.34,1815413.0,星期四,0.0005,0.0011
2015-01-21,3261.56,3400.47,3412.51,3243.84,2370087.0,星期三,0.0078,0.0426
2015-01-20,3195.21,3236.22,3272.89,3170.73,2071158.0,星期二,-0.0082,0.0128
2015-01-19,3282.8,3221.5,3364.51,3202.79,2263865.0,星期一,-0.0696,-0.0187
2015-01-16,3520.88,3528.5,3564.23,3497.58,2053114.0,星期五,0.0038,0.0022
2015-01-15,3388.86,3507.54,3507.66,3362.73,1745166.0,星期四,0.0002,0.035
2015-01-14,3406.16,3388.05,3436.31,3355.25,1394941.0,星期三,0.0038,-0.0053
2015-01-13,3396.62,3393.35,3437.13,3373.77,1249470.0,星期二,-0.0028,-0.001
2015-01-12,3427.34,3406.26,3462.29,3348.18,1883488.0,星期一,-0.004,-0.0062
2015-01-09,3430.58,3441.21,3597.93,3414.25,2564471.0,星期五,-0.0025,0.0031
2015-01-08,3549.29,3439.1,3559.37,3432.43,2042368.0,星期四,0.0031,-0.031
2015-01-07,3509.94,3538.26,3571.59,3492.5,2157019.0,星期三,-0.007,0.0081
2015-01-06,3511.77,3534.74,3603.77,3482.88,2877904.0,星期二,-0.0113,0.0065
2015-01-05,3480.65,3551.91,3583.09,3463.38,3134998.0,星期一,0.0116,0.0205
2014-12-31,3367.57,3440.6,3451.49,3349.76,2531205.0,星期三,0.002,0.0217
2014-12-30,3324.52,3360.93,3392.84,3302.2,2366360.0,星期二,-0.0015,0.011
2014-12-29,3374.6,3329.57,3406.23,3274.7,3093458.0,星期一,0.0212,-0.0133
2014-12-26,3192.35,3304.46,3312.81,3181.07,2770468.0,星期五,0.0027,0.0351
2014-12-25,3096.53,3183.71,3184.08,3061.59,2222846.0,星期四,0.0091,0.0282
2014-12-24,3195.22,3068.6,3202.7,3025.68,2217181.0,星期三,0.0011,-0.0396
2014-12-23,3210.64,3191.66,3305.88,3161.6,2700011.0,星期二,-0.0136,-0.0059
2014-12-22,3224.88,3254.84,3322.57,3202.43,3935250.0,星期一,0.0056,0.0093
2014-12-19,3160.81,3206.92,3226.43,3103.18,2791425.0,星期五,0.001,0.0146
2014-12-18,3175.68,3157.54,3210.8,3124.79,2490742.0,星期四,0.0026,-0.0057
2014-12-17,3105.87,3167.47,3174.97,3076.2,3127329.0,星期三,0.0095,0.0198
2014-12-16,2976.21,3076.75,3076.75,2961.41,2354605.0,星期二,0.0011,0.0338
2014-12-15,2937.79,2972.92,2982.87,2895.18,1806939.0,星期一,-0.0067,0.012
2014-12-12,2951.85,2957.72,3018.54,2934.51,1740310.0,星期五,-0.002,0.002
2014-12-11,2969.26,2957.76,3043.53,2942.72,2179189.0,星期四,-0.0156,-0.0039
2014-12-10,2932.25,3016.2,3027.09,2842.04,2810116.0,星期三,0.0065,0.0286
2014-12-09,3040.82,2913.36,3196.15,2875.49,4162549.0,星期二,-0.0063,-0.0419
2014-12-08,2904.37,3059.99,3079.42,2871.43,3208630.0,星期一,-0.0061,0.0536
2014-12-05,2930.1,2922.28,2996.99,2814.15,3408675.0,星期五,0.0167,-0.0027
2014-12-04,2744.01,2882.08,2882.69,2731.2,2666730.0,星期四,0.0035,0.0503
2014-12-03,2715.97,2734.48,2815.93,2684.0,2951748.0,星期三,0.0051,0.0068
2014-12-02,2571.39,2702.26,2726.3,2568.84,2352040.0,星期二,-0.0051,0.0509
2014-12-01,2593.78,2584.5,2634.05,2576.65,2328293.0,星期一,0.009,-0.0036
2014-11-28,2496.26,2570.58,2571.72,2484.84,2400878.0,星期五,-0.0004,0.0298
2014-11-27,2476.84,2497.36,2497.36,2461.16,1589418.0,星期四,0.0064,0.0083
2014-11-26,2424.82,2461.01,2461.46,2424.82,1436403.0,星期三,0.0039,0.0149
2014-11-25,2383.83,2415.32,2416.74,2377.07,1276817.0,星期二,-0.0002,0.0132
2014-11-24,2347.88,2384.33,2403.23,2339.38,1637987.0,星期一,0.0103,0.0155
2014-11-21,2278.6,2323.97,2326.21,2270.4,799413.0,星期五,0.0001,0.0199
2014-11-20,2268.41,2278.31,2286.61,2261.97,540831.0,星期四,-0.0033,0.0044
2014-11-19,2281.2,2275.81,2288.48,2271.65,603415.0,星期三,-0.0019,-0.0024
2014-11-18,2320.54,2285.48,2321.99,2281.14,824876.0,星期二,-0.0004,-0.0151
2014-11-17,2384.16,2321.41,2384.16,2320.26,885044.0,星期一,0.0158,-0.0263
2014-11-14,2332.01,2347.16,2348.2,2321.03,938977.0,星期五,-0.0042,0.0065
2014-11-13,2354.71,2341.85,2370.2,2331.83,1247968.0,星期四,0.001,-0.0055
2014-11-12,2310.47,2352.29,2352.41,2303.49,1080549.0,星期三,-0.0062,0.0181
2014-11-11,2325.87,2324.97,2364.36,2302.23,2017212.0,星期二,0.006,-0.0004
2014-11-10,2282.03,2312.05,2312.05,2265.61,1377974.0,星期一,0.0151,0.0132
2014-11-07,2248.01,2248.07,2283.21,2236.15,1152218.0,星期五,0.001,0.0
2014-11-06,2250.17,2245.67,2254.78,2229.01,770026.0,星期四,0.001,-0.002
2014-11-05,2261.56,2247.93,2264.32,2244.51,999732.0,星期三,0.0012,-0.006
2014-11-04,2258.28,2258.74,2264.8,2246.14,1200768.0,星期二,-0.0008,0.0002
2014-11-03,2270.45,2259.99,2274.31,2251.82,1084991.0,星期一,0.003,-0.0046
2014-10-31,2221.74,2263.76,2269.21,2219.94,1451431.0,星期五,0.0025,0.0189
2014-10-30,2197.36,2216.31,2221.8,2190.4,1037435.0,星期四,-0.0007,0.0086
2014-10-29,2173.79,2198.8,2207.51,2166.18,824797.0,星期三,0.0032,0.0115
2014-10-28,2129.69,2166.78,2167.1,2129.69,541497.0,星期二,0.0018,0.0174
2014-10-27,2143.06,2125.88,2143.06,2120.08,412163.0,星期一,-0.0061,-0.008
2014-10-24,2165.83,2156.29,2170.98,2152.55,418104.0,星期五,0.0007,-0.0044
2014-10-23,2177.7,2164.37,2188.67,2161.5,554179.0,星期四,-0.0011,-0.0061
2014-10-22,2187.22,2179.99,2200.84,2178.88,473614.0,星期三,0.0009,-0.0033
2014-10-21,2201.14,2185.35,2206.41,2184.19,511408.0,星期二,-0.0005,-0.0072
2014-10-20,2203.4,2202.25,2205.69,2192.77,473283.0,星期一,0.0031,-0.0005
2014-10-17,2196.57,2196.64,2206.54,2171.18,718448.0,星期五,-0.0001,0.0
2014-10-16,2191.9,2196.8,2226.06,2187.08,899430.0,星期四,-0.0061,0.0022
2014-10-15,2188.37,2205.35,2207.6,2176.54,640113.0,星期三,-0.0005,0.0078
2014-10-14,2194.03,2189.54,2209.64,2181.37,590588.0,星期二,-0.0018,-0.002
2014-10-13,2204.59,2198.08,2206.15,2178.55,643675.0,星期一,-0.0044,-0.003
2014-10-10,2219.36,2214.32,2227.12,2207.48,700763.0,星期五,-0.0043,-0.0023
2014-10-09,2224.61,2229.03,2232.04,2212.34,698624.0,星期四,0.0008,0.002
2014-10-08,2207.56,2222.89,2222.89,2193.86,617267.0,星期三,0.0039,0.0069
2014-09-30,2203.14,2199.08,2205.45,2193.15,518961.0,星期二,0.0014,-0.0018
2014-09-29,2199.65,2200.08,2208.13,2189.63,623253.0,星期一,0.0026,0.0002
2014-09-26,2191.2,2193.98,2195.99,2179.92,461731.0,星期五,-0.0028,0.0013
2014-09-25,2215.34,2197.37,2220.95,2190.85,692470.0,星期四,0.0047,-0.0081
2014-09-24,2157.56,2204.93,2207.54,2154.02,752936.0,星期三,-0.0037,0.022
2014-09-23,2149.94,2165.55,2168.58,2149.94,393344.0,星期二,0.0007,0.0073
2014-09-22,2187.72,2148.52,2187.72,2144.5,504747.0,星期一,-0.0034,-0.0179
2014-09-19,2181.55,2195.14,2199.58,2175.32,502880.0,星期五,-0.0001,0.0062
2014-09-18,2171.68,2181.68,2189.11,2164.63,588390.0,星期四,-0.0023,0.0046
2014-09-17,2174.82,2176.68,2181.09,2160.87,646281.0,星期三,0.0037,0.0009
2014-09-16,2201.54,2166.77,2207.44,2164.58,906614.0,星期二,0.0014,-0.0158
2014-09-15,2199.53,2198.39,2200.6,2184.38,562895.0,星期一,-0.0032,-0.0005
2014-09-12,2189.64,2206.59,2206.59,2183.75,514056.0,星期五,-0.002,0.0077
2014-09-11,2202.35,2194.12,2229.45,2189.9,573377.0,星期四,-0.0013,-0.0037
2014-09-10,2213.53,2205.27,2213.53,2198.6,488747.0,星期三,-0.0045,-0.0037
2014-09-09,2236.96,2223.59,2239.84,2219.22,501185.0,星期二,0.0006,-0.006
2014-09-05,2218.51,2235.58,2237.03,2215.53,659765.0,星期五,0.0033,0.0077
2014-09-04,2199.31,2211.25,2213.12,2190.91,498835.0,星期四,0.0021,0.0054
2014-09-03,2174.32,2194.72,2199.9,2174.22,586263.0,星期三,0.0007,0.0094
2014-09-02,2148.45,2172.72,2174.11,2137.64,527845.0,星期二,0.0019,0.0113
2014-09-01,2136.06,2144.29,2145.48,2131.57,348288.0,星期一,0.0009,0.0039
2014-08-29,2115.4,2134.18,2134.91,2111.46,326158.0,星期五,0.0036,0.0089
2014-08-28,2124.03,2107.82,2131.97,2107.81,321205.0,星期四,0.0001,-0.0076
2014-08-27,2122.95,2123.91,2131.91,2120.24,266993.0,星期三,-0.0,0.0005
2014-08-26,2131.06,2123.02,2142.37,2117.08,381087.0,星期二,-0.0013,-0.0038
2014-08-25,2158.5,2133.87,2159.17,2130.97,418072.0,星期一,0.0003,-0.0114
2014-08-22,2145.28,2157.79,2160.6,2143.49,373226.0,星期五,-0.0013,0.0058
2014-08-21,2161.84,2148.12,2162.7,2130.41,431243.0,星期四,-0.0003,-0.0063
2014-08-20,2167.86,2162.54,2169.79,2158.37,398770.0,星期三,-0.0021,-0.0025
2014-08-19,2178.91,2172.5,2179.89,2157.91,441060.0,星期二,0.0009,-0.0029
2014-08-18,2175.32,2176.89,2188.05,2168.08,417309.0,星期一,0.0017,0.0007
2014-08-15,2153.64,2171.59,2177.29,2147.68,408815.0,星期五,0.0005,0.0083
2014-08-14,2171.24,2152.47,2176.15,2150.58,431003.0,星期四,-0.0003,-0.0086
2014-08-13,2170.03,2171.93,2183.87,2152.53,469852.0,星期三,0.0002,0.0009
2014-08-12,2179.8,2169.53,2179.8,2160.86,403451.0,星期二,-0.0021,-0.0047
2014-08-11,2159.15,2184.38,2186.98,2158.94,436116.0,星期一,0.0028,0.0117
2014-08-08,2152.01,2153.02,2160.14,2140.47,463276.0,星期五,0.0007,0.0005
2014-08-07,2185.25,2150.51,2191.25,2149.11,578349.0,星期四,0.0002,-0.0159
2014-08-06,2186.98,2184.71,2194.4,2159.68,559731.0,星期三,-0.0054,-0.001
2014-08-05,2211.2,2198.78,2215.27,2184.75,536473.0,星期二,0.0,-0.0056
2014-08-04,2171.17,2211.15,2211.22,2166.54,662993.0,星期一,0.0035,0.0184
2014-08-01,2174.32,2163.66,2204.93,2163.18,687895.0,星期五,-0.0039,-0.0049
2014-07-31,2155.07,2182.76,2183.31,2148.19,571182.0,星期四,-0.0001,0.0128
2014-07-30,2162.21,2155.2,2178.0,2151.26,656930.0,星期三,-0.0024,-0.0032
2014-07-29,2165.48,2167.47,2178.64,2153.74,689325.0,星期二,0.0009,0.0009
2014-07-28,2108.85,2163.48,2172.44,2108.85,997053.0,星期一,0.0059,0.0259
2014-07-25,2082.9,2096.58,2097.15,2076.68,480157.0,星期五,0.0026,0.0066
2014-07-24,2034.98,2077.45,2081.21,2034.98,669733.0,星期四,0.0014,0.0209
2014-07-23,2016.61,2032.15,2039.0,2016.37,450914.0,星期三,-0.0008,0.0077
2014-07-22,1990.69,2018.24,2023.97,1990.39,388874.0,星期二,-0.0023,0.0138
2014-07-21,1991.25,1995.26,1999.35,1989.22,271502.0,星期一,-0.0001,0.002
2014-07-18,1972.5,1991.42,2002.86,1970.8,330957.0,星期五,-0.0049,0.0096
2014-07-17,1990.44,1982.3,1990.57,1974.49,268833.0,星期四,-0.0023,-0.0041
2014-07-16,1994.22,1995.08,2004.82,1992.36,417167.0,星期三,-0.0016,0.0004
2014-07-15,1990.12,1997.48,1998.18,1988.12,353809.0,星期二,-0.0007,0.0037
2014-07-14,1972.07,1991.58,1991.7,1968.77,308972.0,星期一,0.0003,0.0099
2014-07-11,1961.77,1971.4,1978.69,1959.65,288043.0,星期五,-0.0042,0.0049
2014-07-10,1974.85,1970.09,1978.94,1966.94,265285.0,星期四,-0.0009,-0.0024
2014-07-09,2003.03,1976.58,2003.03,1975.97,297476.0,星期三,-0.0007,-0.0132
2014-07-08,2001.0,2004.45,2005.59,1990.84,223276.0,星期二,-0.0006,0.0017
2014-07-07,2002.02,2002.21,2009.75,1996.98,241594.0,星期一,0.0003,0.0001
2014-07-04,2000.0,2001.32,2004.29,1997.17,242552.0,星期五,0.0004,0.0007
2014-07-03,1989.37,1999.23,2003.36,1985.84,280039.0,星期四,-0.0015,0.005
2014-07-02,1987.44,1992.4,1993.37,1980.14,261793.0,星期三,-0.0,0.0025
2014-07-01,1997.8,1987.47,1999.13,1981.83,240169.0,星期二,0.0022,-0.0052
2014-06-30,1983.55,1993.47,1998.32,1983.55,253221.0,星期一,0.0007,0.005
2014-06-27,1981.97,1982.07,1990.48,1973.41,247964.0,星期五,-0.0017,0.0001
2014-06-26,1974.94,1985.26,1988.12,1974.74,207397.0,星期四,0.0008,0.0052
2014-06-25,1981.5,1973.27,1981.5,1967.06,178059.0,星期三,-0.0015,-0.0042
2014-06-24,1973.82,1984.47,1985.39,1971.76,186642.0,星期二,-0.0012,0.0054
2014-06-23,1984.17,1976.25,1992.31,1975.69,194396.0,星期一,-0.0002,-0.004
2014-06-20,1976.28,1984.52,1984.95,1971.34,211344.0,星期五,-0.0009,0.0042
2014-06-19,2004.94,1977.98,2010.03,1971.82,245090.0,星期四,0.0009,-0.0134
2014-06-18,2012.78,2003.12,2015.97,2001.31,234807.0,星期三,-0.0005,-0.0048
2014-06-17,2029.94,2013.88,2029.94,2012.13,247978.0,星期二,-0.0034,-0.0079
2014-06-16,2021.04,2036.85,2040.81,2018.06,355009.0,星期一,-0.0001,0.0078
2014-06-13,1995.76,2021.22,2029.32,1995.35,335845.0,星期五,-0.0006,0.0128
2014-06-12,2000.24,1996.99,2003.79,1993.08,228013.0,星期四,-0.0016,-0.0016
2014-06-11,2002.4,2003.53,2007.8,1995.96,212179.0,星期三,-0.0028,0.0006
2014-06-10,1986.93,2007.93,2007.93,1981.75,284281.0,星期二,0.0022,0.0106
2014-06-09,1973.08,1982.53,2000.31,1971.87,223972.0,星期一,-0.0035,0.0048
2014-06-06,1994.61,1979.99,1994.61,1970.03,186186.0,星期五,-0.0009,-0.0073
2014-06-05,1972.97,1996.31,1996.95,1969.93,190835.0,星期四,-0.0007,0.0118
2014-06-04,1993.53,1974.45,1993.68,1965.38,216964.0,星期三,0.0002,-0.0096
2014-06-03,1999.0,1993.13,2010.14,1992.45,217386.0,星期二,0.0006,-0.0029
2014-05-30,1999.73,1997.9,2007.35,1989.67,223838.0,星期五,0.0005,-0.0009
2014-05-29,2010.05,1998.68,2017.06,1998.15,235901.0,星期四,0.0013,-0.0057
2014-05-28,1987.68,2007.54,2008.81,1982.43,248830.0,星期三,0.0001,0.01
2014-05-27,1992.27,1987.56,1999.24,1985.89,182458.0,星期二,-0.0009,-0.0024
2014-05-26,2002.61,1994.02,2005.23,1986.48,188619.0,星期一,0.0063,-0.0043
2014-05-23,1975.33,1990.17,1990.6,1973.02,192579.0,星期五,0.0004,0.0075
2014-05-22,1975.09,1974.57,2001.39,1972.16,239920.0,星期四,-0.001,-0.0003
2014-05-21,1952.22,1976.99,1978.24,1943.34,192947.0,星期三,-0.0044,0.0127
2014-05-20,1969.09,1960.8,1973.59,1955.94,191473.0,星期二,0.004,-0.0042
2014-05-19,1986.76,1961.28,1986.76,1953.82,235012.0,星期一,-0.0037,-0.0128
2014-05-16,1991.95,1994.18,1999.46,1983.35,219536.0,星期五,0.0003,0.0011
2014-05-15,2008.05,1991.4,2011.85,1989.16,240612.0,星期四,-0.0014,-0.0083
2014-05-14,2014.51,2010.87,2023.22,2007.99,259945.0,星期三,0.0005,-0.0018
2014-05-13,2017.77,2013.5,2022.4,2007.36,335830.0,星期二,0.0,-0.0021
2014-05-12,1992.32,2017.73,2022.89,1983.57,445242.0,星期一,0.0071,0.0128
2014-05-09,1980.61,1978.21,1984.73,1967.92,239500.0,星期五,0.0017,-0.0012
2014-05-08,1973.43,1977.3,2006.77,1970.47,242127.0,星期四,-0.0023,0.002
2014-05-07,1989.27,1977.94,1991.6,1977.2,228737.0,星期三,-0.0022,-0.0057
2014-05-06,1989.18,1993.74,2009.87,1988.08,239985.0,星期二,-0.0023,0.0023
2014-05-05,1995.42,1993.8,2001.28,1973.45,275524.0,星期一,-0.0026,-0.0008
2014-04-30,2002.94,2000.62,2006.13,1995.8,248401.0,星期三,0.001,-0.0012
2014-04-29,1980.82,2000.93,2003.75,1977.35,266222.0,星期二,0.0004,0.0102
2014-04-28,2001.9,1979.99,2007.92,1977.13,313645.0,星期一,-0.0005,-0.0109
2014-04-25,2025.5,2002.83,2034.2,2002.68,308784.0,星期五,0.0021,-0.0112
2014-04-24,2020.78,2021.22,2037.36,2015.89,229212.0,星期四,-0.0007,0.0002
2014-04-23,2016.79,2022.22,2032.09,2014.53,259932.0,星期三,-0.0024,0.0027
2014-04-22,2003.91,2021.69,2022.5,1993.79,282146.0,星期二,-0.0011,0.0089
2014-04-21,2026.65,2006.05,2047.31,2005.6,266403.0,星期一,-0.0072,-0.0102
2014-04-18,2033.9,2041.29,2045.96,2019.47,264371.0,星期五,-0.0043,0.0036
2014-04-17,2058.61,2042.78,2060.62,2039.52,233220.0,星期四,0.0033,-0.0077
2014-04-16,2043.58,2051.92,2064.45,2041.16,249953.0,星期三,-0.0027,0.0041
2014-04-15,2083.44,2049.03,2083.47,2045.88,344314.0,星期二,-0.0043,-0.0165
2014-04-14,2098.22,2092.48,2106.1,2080.93,314912.0,星期一,-0.002,-0.0027
2014-04-11,2101.76,2102.4,2114.83,2092.93,550502.0,星期五,-0.0016,0.0003
2014-04-10,2064.45,2105.04,2125.47,2050.28,700602.0,星期四,0.0013,0.0197
2014-04-09,2065.97,2061.83,2073.14,2054.26,348932.0,星期三,0.0001,-0.002
2014-04-08,2006.54,2065.74,2075.19,2005.89,583331.0,星期二,-0.0021,0.0295
2014-04-04,1986.81,2010.75,2011.53,1983.52,240401.0,星期五,-0.0036,0.012
2014-04-03,2020.9,1993.92,2028.31,1991.3,389423.0,星期四,0.0044,-0.0134
2014-04-02,1994.21,2012.06,2014.05,1991.45,358193.0,星期三,0.0015,0.009
2014-04-01,1975.59,1991.2,1999.6,1972.9,262917.0,星期二,-0.0012,0.0079
2014-03-31,1985.2,1977.91,1994.62,1966.89,303798.0,星期一,0.0024,-0.0037
2014-03-28,1971.46,1980.38,1995.68,1970.95,379280.0,星期五,-0.0001,0.0045
2014-03-27,1975.46,1971.72,2000.37,1956.82,370509.0,星期四,-0.0015,-0.0019
2014-03-26,1989.2,1978.41,1994.59,1973.1,279303.0,星期三,0.0033,-0.0054
2014-03-25,1986.23,1982.71,2001.63,1975.55,396371.0,星期二,-0.0029,-0.0018
2014-03-24,1980.71,1992.03,2002.8,1970.43,581349.0,星期一,0.0019,0.0057
2014-03-21,1897.83,1976.93,1981.99,1897.18,623616.0,星期五,-0.003,0.0417
2014-03-20,1921.53,1903.48,1940.01,1902.83,327233.0,星期四,-0.0025,-0.0094
2014-03-19,1935.84,1926.34,1935.84,1910.2,268909.0,星期三,-0.0037,-0.0049
2014-03-18,1956.67,1943.04,1958.67,1940.26,280269.0,星期二,0.0018,-0.007
2014-03-17,1950.14,1953.07,1953.67,1935.67,264585.0,星期一,0.0052,0.0015
2014-03-14,1947.76,1940.12,1957.16,1927.98,307284.0,星期五,-0.0051,-0.0039
2014-03-13,1939.83,1957.82,1971.12,1935.45,412559.0,星期四,0.0037,0.0093
2014-03-12,1920.13,1932.61,1946.32,1913.06,386808.0,星期三,-0.003,0.0065
2014-03-11,1912.36,1925.87,1936.0,1909.81,306933.0,星期二,-0.002,0.0071
2014-03-10,1958.96,1916.1,1958.96,1914.29,374380.0,星期一,-0.008,-0.0219
2014-03-07,1973.99,1974.78,1993.09,1969.21,334533.0,星期五,-0.0021,0.0004
2014-03-06,1962.83,1978.13,1985.58,1944.8,363404.0,星期四,-0.0021,0.0078
2014-03-05,1988.27,1966.9,1989.66,1962.42,302644.0,星期三,0.001,-0.0107
2014-03-04,1985.17,1986.32,1991.69,1967.04,372977.0,星期二,-0.0026,0.0006
2014-03-03,1984.37,1990.3,1996.46,1976.4,413810.0,星期一,-0.0029,0.003
2014-02-28,1963.95,1990.22,1992.23,1952.63,361124.0,星期五,-0.0029,0.0134
2014-02-27,1975.07,1969.66,1982.13,1959.04,454160.0,星期四,0.0031,-0.0027
2014-02-26,1954.14,1968.96,1972.12,1948.68,345184.0,星期三,-0.0043,0.0076
2014-02-25,2007.64,1962.54,2013.52,1957.49,406988.0,星期二,0.0008,-0.0225
2014-02-24,2042.53,2006.01,2042.53,1992.63,437826.0,星期一,-0.0081,-0.0179
2014-02-21,2077.71,2059.17,2081.45,2048.16,362467.0,星期五,-0.0015,-0.0089
2014-02-20,2104.17,2080.74,2125.22,2079.39,539030.0,星期四,0.002,-0.0111
2014-02-19,2064.09,2099.92,2107.97,2061.09,501408.0,星期三,-0.0005,0.0174
2014-02-18,2099.63,2065.1,2099.63,2060.4,377199.0,星期二,-0.0012,-0.0164
2014-02-17,2107.39,2102.17,2113.19,2088.12,411308.0,星期一,0.0061,-0.0025
2014-02-14,2084.96,2094.56,2096.89,2082.04,326000.0,星期五,-0.0013,0.0046
2014-02-13,2085.55,2087.75,2112.21,2078.96,516276.0,星期四,-0.0012,0.0011
2014-02-12,2085.93,2088.07,2096.26,2079.37,373306.0,星期三,-0.0002,0.001
2014-02-11,2062.92,2086.32,2096.96,2055.62,508427.0,星期二,-0.0001,0.0113
2014-02-10,2028.77,2063.11,2066.42,2027.89,363991.0,星期一,0.004,0.0169
2014-02-07,2005.75,2020.6,2020.68,1994.53,209177.0,星期五,-0.007,0.0074
2014-01-30,2040.9,2019.94,2040.9,2017.98,190831.0,星期四,-0.0026,-0.0103
2014-01-29,2046.73,2046.17,2053.74,2040.53,220863.0,星期三,0.0028,-0.0003
2014-01-28,2037.71,2041.07,2048.68,2025.14,224048.0,星期二,0.0029,0.0016
2014-01-27,2048.34,2031.88,2048.34,2027.45,289507.0,星期一,-0.0067,-0.008
2014-01-24,2048.18,2062.18,2077.45,2044.72,286816.0,星期五,-0.0032,0.0068
2014-01-23,2070.47,2054.73,2075.51,2050.9,262966.0,星期四,-0.001,-0.0076
2014-01-22,2024.46,2072.63,2073.05,2021.17,355475.0,星期三,0.0015,0.0238
2014-01-21,2006.11,2021.51,2034.52,2006.11,185043.0,星期二,0.0012,0.0077
2014-01-20,2010.37,2003.71,2017.23,1995.23,190509.0,星期一,-0.0023,-0.0033
2014-01-17,2034.24,2015.1,2036.48,2010.36,254780.0,星期五,-0.0035,-0.0094
2014-01-16,2038.29,2041.38,2055.62,2028.94,257460.0,星期四,0.0006,0.0015
2014-01-15,2043.32,2037.16,2048.0,2024.45,219482.0,星期三,-0.0014,-0.003
2014-01-14,2032.87,2046.15,2051.56,2020.45,248913.0,星期二,-0.001,0.0065
2014-01-13,2043.52,2034.85,2056.16,2025.59,241275.0,星期一,0.0009,-0.0042
2014-01-10,2048.31,2041.78,2055.61,2037.83,255602.0,星期五,-0.0027,-0.0032
2014-01-09,2064.05,2053.81,2083.96,2050.52,261665.0,星期四,-0.0022,-0.005
2014-01-08,2068.32,2068.62,2088.39,2055.61,269665.0,星期三,0.0009,0.0001
2014-01-07,2053.28,2066.42,2073.61,2049.59,228477.0,星期二,-0.0082,0.0064
2014-01-06,2107.63,2070.22,2107.63,2054.2,368397.0,星期一,-0.0016,-0.0177
2014-01-03,2131.52,2110.91,2133.2,2101.42,320563.0,星期五,-0.0051,-0.0097
2014-01-02,2148.12,2142.44,2149.4,2132.45,238305.0,星期四,-0.0033,-0.0026
2013-12-31,2112.6,2155.23,2159.11,2111.04,316961.0,星期二,-0.0043,0.0202
2013-12-30,2138.45,2121.75,2141.48,2119.3,269568.0,星期一,0.0043,-0.0078
2013-12-27,2097.62,2129.32,2141.9,2092.15,288061.0,星期五,0.0021,0.0151
2013-12-26,2123.01,2093.29,2123.1,2089.97,256963.0,星期四,-0.0027,-0.014
2013-12-25,2121.13,2128.73,2130.0,2111.18,196667.0,星期三,0.0015,0.0036
2013-12-24,2122.57,2117.95,2141.49,2102.38,232117.0,星期二,0.0032,-0.0022
2013-12-23,2113.87,2115.71,2128.85,2096.71,230883.0,星期一,0.0035,0.0009
2013-12-20,2166.43,2106.48,2168.7,2106.48,388649.0,星期五,0.0013,-0.0277
2013-12-19,2196.68,2163.64,2200.0,2162.51,249780.0,星期四,0.004,-0.015
2013-12-18,2185.43,2187.94,2196.64,2180.33,191749.0,星期三,0.0,0.0011
2013-12-17,2196.81,2185.39,2200.22,2181.91,230018.0,星期二,0.0013,-0.0052
2013-12-16,2227.58,2194.03,2231.93,2193.71,307805.0,星期一,0.0004,-0.0151
2013-12-13,2211.6,2226.74,2234.88,2209.47,260104.0,星期五,-0.0089,0.0068
2013-12-12,2231.91,2231.47,2243.76,2225.09,248299.0,星期四,-0.0027,-0.0002
2013-12-11,2267.85,2237.86,2268.24,2228.6,339298.0,星期三,-0.0053,-0.0132
2013-12-10,2282.15,2279.96,2292.3,2272.33,295354.0,星期二,0.0018,-0.001
2013-12-09,2291.1,2277.97,2299.03,2272.96,284540.0,星期一,0.0035,-0.0057
2013-12-06,2295.78,2283.16,2301.39,2275.21,338406.0,星期五,-0.0022,-0.0055
2013-12-05,2310.94,2300.76,2314.93,2295.6,372947.0,星期四,0.0004,-0.0044
2013-12-04,2282.14,2309.93,2322.82,2276.81,548815.0,星期三,-0.0016,0.0122
2013-12-03,2264.14,2285.73,2292.04,2259.05,398989.0,星期二,-0.0035,0.0095
2013-12-02,2261.31,2272.11,2302.77,2247.26,679625.0,星期一,-0.0028,0.0048
2013-11-29,2275.15,2267.76,2278.55,2261.61,298468.0,星期五,0.0018,-0.0032
2013-11-28,2253.31,2271.05,2291.9,2250.82,444920.0,星期四,0.0018,0.0079
2013-11-27,2225.76,2249.24,2261.17,2222.79,387900.0,星期三,-0.0005,0.0105
2013-11-26,2229.44,2226.86,2239.87,2223.22,284211.0,星期二,0.0001,-0.0012
2013-11-25,2226.94,2229.32,2260.95,2222.25,335976.0,星期一,-0.0058,0.0011
2013-11-22,2253.83,2239.93,2258.53,2234.77,359880.0,星期五,0.0024,-0.0062
2013-11-21,2252.32,2248.54,2253.16,2218.67,433436.0,星期四,-0.005,-0.0017
2013-11-20,2272.33,2263.69,2278.15,2247.17,337106.0,星期三,0.0074,-0.0038
2013-11-19,2273.58,2255.68,2273.8,2250.77,427337.0,星期二,-0.0003,-0.0079
2013-11-18,2208.15,2274.22,2275.82,2199.42,624222.0,星期一,0.0076,0.0299
2013-11-15,2151.95,2191.6,2216.71,2151.7,436486.0,星期五,0.0008,0.0184
2013-11-14,2147.56,2150.17,2151.73,2131.75,268392.0,星期四,0.0017,0.0012
2013-11-13,2181.57,2144.0,2181.8,2142.79,297666.0,星期三,-0.0073,-0.0172
2013-11-12,2176.79,2197.69,2199.94,2176.65,254272.0,星期二,0.0022,0.0096
2013-11-11,2165.97,2171.94,2179.42,2154.85,228837.0,星期一,-0.0002,0.0028
2013-11-08,2183.06,2166.32,2197.25,2164.22,260573.0,星期五,-0.0051,-0.0077
2013-11-07,2198.6,2194.18,2204.95,2180.55,262403.0,星期四,0.0003,-0.002
2013-11-06,2215.43,2197.9,2223.1,2197.06,300048.0,星期三,-0.0059,-0.0079
2013-11-05,2217.74,2228.55,2231.49,2194.95,317159.0,星期二,-0.0061,0.0049
2013-11-04,2251.46,2231.28,2258.86,2227.28,262433.0,星期一,0.0052,-0.009
2013-11-01,2227.71,2239.9,2248.7,2220.53,327220.0,星期五,0.0007,0.0055
2013-10-31,2243.98,2226.21,2244.52,2222.96,414062.0,星期四,-0.0049,-0.0079
2013-10-30,2223.39,2255.05,2255.94,2214.17,482331.0,星期三,0.0006,0.0142
2013-10-29,2200.55,2222.03,2250.66,2183.68,570673.0,星期二,0.0024,0.0098
2013-10-28,2203.91,2195.23,2205.81,2182.99,275965.0,星期一,0.002,-0.0039
2013-10-25,2218.71,2199.48,2234.44,2186.39,378274.0,星期五,0.0001,-0.0087
2013-10-24,2231.8,2218.59,2239.69,2213.36,336236.0,星期四,-0.0028,-0.0059
2013-10-23,2256.9,2238.06,2284.73,2234.09,435397.0,星期三,0.0035,-0.0083
2013-10-22,2272.61,2249.05,2272.61,2243.98,365586.0,星期二,-0.0007,-0.0104
2013-10-21,2247.78,2274.23,2276.11,2232.5,373146.0,星期一,0.0023,0.0118
2013-10-18,2232.99,2242.55,2253.76,2229.0,291907.0,星期五,0.0018,0.0043
2013-10-17,2248.62,2228.96,2255.76,2226.38,301401.0,星期四,0.0051,-0.0087
2013-10-16,2263.92,2237.18,2264.98,2226.83,380307.0,星期三,-0.0027,-0.0118
2013-10-15,2282.9,2269.95,2284.33,2255.98,417791.0,星期二,0.001,-0.0057
2013-10-14,2287.12,2280.58,2290.7,2273.53,478858.0,星期一,0.0008,-0.0029
2013-10-11,2263.36,2285.3,2288.62,2257.79,438818.0,星期五,0.0062,0.0097
2013-10-10,2282.07,2249.52,2282.39,2242.96,412726.0,星期四,0.0014,-0.0143
2013-10-09,2261.19,2278.93,2283.38,2253.56,360203.0,星期三,-0.0043,0.0078
2013-10-08,2238.13,2270.92,2276.74,2220.38,440426.0,星期二,-0.0023,0.0147
2013-09-30,2245.71,2243.21,2253.43,2231.89,294328.0,星期一,0.0045,-0.0011
2013-09-27,2225.15,2235.68,2240.48,2218.73,320722.0,星期五,-0.001,0.0047
2013-09-26,2262.73,2227.4,2262.73,2224.42,446152.0,星期四,-0.0028,-0.0156
2013-09-25,2281.02,2269.05,2297.08,2263.91,413627.0,星期三,-0.0017,-0.0052
2013-09-24,2323.99,2284.8,2324.11,2265.03,515695.0,星期二,-0.0017,-0.0169
2013-09-23,2306.23,2328.05,2329.35,2298.98,426427.0,星期一,0.0037,0.0095
2013-09-18,2294.0,2297.71,2309.97,2273.38,413379.0,星期三,-0.0006,0.0016
2013-09-17,2350.93,2295.47,2352.82,2294.19,585511.0,星期二,0.0023,-0.0236
2013-09-16,2372.97,2345.58,2375.36,2329.79,641235.0,星期一,0.0063,-0.0115
2013-09-13,2376.06,2358.16,2391.04,2351.45,594938.0,星期五,-0.0034,-0.0075
2013-09-12,2349.76,2384.17,2410.21,2333.82,875883.0,星期四,-0.0006,0.0146
2013-09-11,2350.63,2351.09,2376.32,2342.33,910447.0,星期三,0.0043,0.0002
2013-09-10,2312.58,2340.62,2341.13,2300.21,909832.0,星期二,0.0035,0.0121
2013-09-09,2223.6,2304.46,2313.87,2223.12,939636.0,星期一,0.0092,0.0364
2013-09-06,2182.33,2203.39,2207.91,2181.37,348111.0,星期五,-0.0024,0.0097
2013-09-05,2197.05,2187.65,2198.28,2183.1,278708.0,星期四,0.0009,-0.0043
2013-09-04,2193.74,2195.03,2203.46,2189.93,352642.0,星期三,-0.0016,0.0006
2013-09-03,2172.48,2197.35,2197.87,2165.98,401233.0,星期二,0.0026,0.0114
2013-09-02,2169.21,2166.95,2177.24,2148.44,409624.0,星期一,0.0029,-0.001
2013-08-30,2157.88,2162.92,2177.51,2146.01,414679.0,星期五,-0.0013,0.0023
2013-08-29,2180.02,2160.62,2183.68,2151.03,330994.0,星期四,0.0058,-0.0089
2013-08-28,2167.64,2167.54,2183.34,2147.4,445442.0,星期三,-0.0066,-0.0
2013-08-27,2176.57,2181.96,2188.42,2164.76,327883.0,星期二,-0.0016,0.0025
2013-08-26,2143.05,2179.99,2182.36,2135.6,358089.0,星期一,0.0036,0.0172
2013-08-23,2167.04,2135.4,2172.79,2104.79,343117.0,星期五,0.0052,-0.0146
2013-08-22,2155.6,2155.93,2184.16,2150.68,272398.0,星期四,-0.0027,0.0002
2013-08-21,2177.08,2161.39,2178.33,2146.54,287712.0,星期三,0.004,-0.0072
2013-08-20,2179.66,2168.5,2209.02,2159.66,399034.0,星期二,-0.0026,-0.0051
2013-08-19,2143.58,2185.4,2195.59,2140.98,392295.0,星期一,-0.0084,0.0195
2013-08-16,2162.53,2161.69,2287.51,2142.9,745851.0,星期五,-0.0025,-0.0004
2013-08-15,2188.35,2168.03,2205.0,2166.42,313990.0,星期四,-0.0001,-0.0093
2013-08-14,2202.9,2188.61,2228.86,2181.98,374157.0,星期三,0.0016,-0.0065
2013-08-13,2191.38,2199.44,2201.92,2180.47,411118.0,星期二,0.0001,0.0037
2013-08-12,2131.42,2191.24,2191.52,2129.91,522367.0,星期一,0.0044,0.0281
2013-08-09,2126.66,2122.1,2136.97,2097.33,329385.0,星期五,0.0059,-0.0021
2013-08-08,2117.47,2114.18,2134.49,2105.97,253040.0,星期四,-0.0015,-0.0016
2013-08-07,2129.11,2120.58,2154.03,2116.93,358744.0,星期三,-0.0004,-0.004
2013-08-06,2112.99,2130.02,2139.25,2096.55,332016.0,星期二,-0.0041,0.0081
2013-08-05,2100.85,2121.67,2121.67,2091.77,255804.0,星期一,0.0017,0.0099
2013-08-02,2116.8,2097.38,2127.67,2094.21,296749.0,星期五,0.0087,-0.0092
2013-08-01,2067.08,2098.62,2103.95,2061.75,315692.0,星期四,0.0063,0.0153
2013-07-31,2074.38,2054.19,2097.69,2048.9,251638.0,星期三,0.0113,-0.0097
2013-07-30,2037.99,2051.17,2080.98,2026.18,280955.0,星期二,0.0042,0.0065
2013-07-29,2058.07,2029.4,2058.07,2021.99,287896.0,星期一,-0.0094,-0.0139
2013-07-26,2077.23,2077.7,2088.79,2066.07,214528.0,星期五,-0.0052,0.0002
2013-07-25,2100.3,2088.01,2112.95,2078.88,311216.0,星期四,0.0036,-0.0059
2013-07-24,2102.55,2092.71,2114.09,2065.1,361432.0,星期三,-0.0066,-0.0047
2013-07-23,2067.6,2116.5,2131.59,2060.54,396282.0,星期二,0.0049,0.0237
2013-07-22,2032.06,2057.5,2059.07,2021.89,285808.0,星期一,-0.0106,0.0125
2013-07-19,2106.28,2053.87,2113.41,2051.47,375149.0,星期五,0.0012,-0.0249
2013-07-18,2135.92,2103.66,2145.47,2100.53,300124.0,星期四,-0.004,-0.0151
2013-07-17,2169.1,2144.53,2183.46,2144.08,333867.0,星期三,-0.0027,-0.0113
2013-07-16,2159.84,2174.87,2174.93,2139.23,322515.0,星期二,-0.0039,0.007
2013-07-15,2158.93,2168.21,2201.45,2140.35,393727.0,星期一,0.0069,0.0043
2013-07-12,2190.84,2144.22,2202.14,2141.53,503362.0,星期五,-0.0042,-0.0213
2013-07-11,2101.39,2200.1,2224.12,2101.39,740679.0,星期四,0.0039,0.047
2013-07-10,2038.53,2093.13,2093.68,2032.73,330408.0,星期三,-0.0001,0.0268
2013-07-09,2038.85,2038.68,2050.62,2028.04,225315.0,星期二,-0.0011,-0.0001
2013-07-08,2060.73,2041.05,2072.15,2036.0,289851.0,星期一,-0.0142,-0.0096
2013-07-05,2086.73,2090.36,2110.5,2084.37,317753.0,星期五,0.0026,0.0017
2013-07-04,2048.43,2081.37,2101.49,2037.44,373900.0,星期四,-0.0075,0.0161
2013-07-03,2075.27,2063.9,2075.27,2034.6,344442.0,星期三,-0.0056,-0.0055
2013-07-02,2087.77,2086.96,2092.74,2059.3,324217.0,星期二,-0.0009,-0.0004
2013-07-01,2073.24,2089.59,2090.65,2049.1,315746.0,星期一,-0.0066,0.0079
2013-06-28,2029.71,2087.05,2106.51,2021.67,444860.0,星期五,-0.0047,0.0283
2013-06-27,2041.44,2039.33,2066.61,2027.72,397209.0,星期四,0.0023,-0.001
2013-06-26,2054.78,2036.84,2057.08,2006.97,419890.0,星期三,0.0025,-0.0087
2013-06-25,2029.5,2049.69,2052.75,1919.14,591806.0,星期二,-0.0111,0.0099
2013-06-24,2182.37,2052.24,2182.37,2050.25,490669.0,星期一,-0.0039,-0.0596
2013-06-21,2158.19,2190.98,2206.29,2146.0,322753.0,星期五,-0.0159,0.0152
2013-06-20,2253.43,2193.16,2253.43,2191.3,280030.0,星期四,-0.0055,-0.0267
2013-06-19,2278.39,2266.0,2278.39,2237.99,253421.0,星期三,-0.0039,-0.0054
2013-06-18,2281.37,2287.41,2294.08,2266.51,228696.0,星期二,0.0044,0.0026
2013-06-17,2293.11,2271.43,2297.79,2265.4,238639.0,星期一,0.0027,-0.0095
2013-06-14,2284.23,2287.01,2289.76,2272.44,272332.0,星期五,0.0016,0.0012
2013-06-13,2328.6,2280.52,2328.6,2256.19,380093.0,星期四,-0.0146,-0.0206
2013-06-07,2400.64,2363.08,2411.11,2356.89,288096.0,星期五,-0.0009,-0.0156
2013-06-06,2425.36,2402.8,2427.32,2400.34,233035.0,星期四,-0.003,-0.0093
2013-06-05,2443.55,2432.7,2445.19,2421.32,204500.0,星期三,-0.0,-0.0044
2013-06-04,2470.51,2443.58,2470.51,2437.71,271225.0,星期二,-0.0005,-0.0109
2013-06-03,2476.07,2471.86,2492.72,2466.25,247500.0,星期一,-0.0003,-0.0017
2013-05-31,2502.64,2476.8,2509.65,2474.78,259959.0,星期五,0.002,-0.0103
2013-05-30,2498.4,2497.75,2511.26,2488.85,289751.0,星期四,-0.0029,-0.0003
2013-05-29,2518.7,2505.77,2530.51,2504.12,366545.0,星期三,0.0015,-0.0051
2013-05-28,2461.95,2514.84,2514.84,2452.32,397855.0,星期二,0.0002,0.0215
2013-05-27,2460.28,2461.55,2477.07,2453.67,263834.0,星期一,-0.0019,0.0005
2013-05-24,2467.57,2465.0,2482.93,2445.13,256661.0,星期五,0.0041,-0.001
2013-05-23,2488.05,2457.41,2500.01,2455.95,330780.0,星期四,-0.005,-0.0123
2013-05-22,2495.41,2500.45,2508.95,2486.59,323096.0,星期三,-0.0003,0.002
2013-05-21,2500.01,2496.07,2505.87,2479.95,305006.0,星期二,-0.0012,-0.0016
2013-05-20,2488.04,2502.93,2523.32,2481.15,432905.0,星期一,0.0023,0.006
2013-05-17,2443.85,2482.31,2489.29,2438.2,411764.0,星期五,-0.0007,0.0157
2013-05-16,2397.2,2445.65,2446.79,2381.88,333658.0,星期四,-0.0025,0.0202
2013-05-15,2397.11,2403.22,2408.97,2391.74,197469.0,星期三,0.0009,0.0025
2013-05-14,2427.26,2394.84,2428.23,2383.36,261447.0,星期二,-0.0022,-0.0134
2013-05-13,2447.68,2432.73,2452.85,2421.35,248110.0,星期一,0.0003,-0.0061
2013-05-10,2426.61,2446.92,2452.89,2421.64,235746.0,星期五,-0.0025,0.0084
2013-05-09,2449.8,2432.67,2451.14,2415.14,282813.0,星期四,0.0002,-0.007
2013-05-08,2451.04,2449.2,2472.27,2438.14,287353.0,星期三,0.0049,-0.0008
2013-05-07,2429.02,2439.05,2447.32,2417.21,279773.0,星期二,-0.0022,0.0041
2013-05-06,2415.54,2434.44,2443.53,2411.04,308758.0,星期一,0.0043,0.0078
2013-05-03,2372.14,2405.2,2436.59,2372.14,337151.0,星期五,0.0033,0.0139
2013-05-02,2354.05,2364.36,2367.6,2339.45,258328.0,星期四,-0.0044,0.0044
2013-04-26,2391.9,2364.56,2402.2,2357.0,231538.0,星期五,0.0041,-0.0114
2013-04-25,2396.72,2382.03,2413.99,2365.97,275662.0,星期四,-0.0036,-0.0061
2013-04-24,2368.5,2405.49,2424.18,2358.98,314951.0,星期三,0.0012,0.0156
2013-04-23,2447.8,2365.56,2447.8,2363.72,329949.0,星期二,0.0014,-0.0336
2013-04-22,2442.13,2444.31,2456.31,2432.27,314026.0,星期一,-0.0036,0.0009
2013-04-19,2383.69,2450.93,2459.97,2382.45,436400.0,星期五,0.0024,0.0282
2013-04-18,2351.44,2378.06,2388.12,2346.03,252754.0,星期四,-0.008,0.0113
2013-04-17,2375.73,2370.3,2383.46,2351.52,249192.0,星期三,-0.0011,-0.0023
2013-04-16,2342.05,2378.32,2379.67,2336.07,321631.0,星期二,-0.0072,0.0155
2013-04-15,2372.56,2358.95,2382.0,2351.87,254685.0,星期一,-0.0032,-0.0057
2013-04-12,2392.82,2380.08,2406.96,2378.13,206877.0,星期五,-0.0005,-0.0053
2013-04-11,2417.75,2394.05,2424.16,2392.97,233696.0,星期四,0.0073,-0.0098
2013-04-10,2401.27,2400.13,2408.47,2382.85,264068.0,星期三,-0.0007,-0.0005
2013-04-09,2391.24,2402.9,2419.6,2391.24,283540.0,星期二,0.0018,0.0049
2013-04-08,2362.16,2386.98,2389.28,2350.04,311719.0,星期一,-0.0176,0.0105
2013-04-03,2408.06,2404.36,2426.93,2395.59,262434.0,星期三,0.0035,-0.0015
2013-04-02,2401.89,2399.55,2430.95,2386.0,303334.0,星期二,0.0014,-0.001
2013-04-01,2394.79,2398.51,2414.04,2391.21,256251.0,星期一,-0.0046,0.0016
2013-03-29,2409.09,2405.91,2416.0,2388.21,334741.0,星期五,0.0006,-0.0013
2013-03-28,2441.28,2407.66,2441.28,2399.87,584308.0,星期四,-0.0229,-0.0138
2013-03-27,2493.99,2498.46,2529.63,2482.46,323376.0,星期三,0.0006,0.0018
2013-03-26,2526.02,2492.42,2530.98,2477.22,388382.0,星期二,-0.0045,-0.0133
2013-03-25,2554.07,2537.36,2567.66,2533.03,328625.0,星期一,0.0043,-0.0065
2013-03-22,2536.5,2543.01,2550.65,2528.16,308991.0,星期五,-0.0009,0.0026
2013-03-21,2543.07,2538.87,2551.84,2523.94,389700.0,星期四,0.0006,-0.0017
2013-03-20,2454.58,2541.45,2541.45,2454.58,548985.0,星期三,0.001,0.0354
2013-03-19,2432.43,2452.08,2460.09,2421.38,314004.0,星期二,0.0018,0.0081
2013-03-18,2450.19,2428.15,2468.14,2425.52,360397.0,星期一,-0.0059,-0.009
2013-03-15,2457.54,2464.62,2527.84,2428.58,512952.0,星期五,-0.0007,0.0029
2013-03-14,2447.35,2459.29,2473.31,2440.51,281324.0,星期四,-0.0034,0.0049
2013-03-13,2480.03,2455.76,2486.4,2445.77,320796.0,星期三,-0.0012,-0.0098
2013-03-12,2513.79,2483.02,2543.83,2461.32,407387.0,星期二,-0.0008,-0.0122
2013-03-11,2529.67,2515.72,2537.64,2497.68,279267.0,星期一,-0.0029,-0.0055
2013-03-08,2549.15,2537.07,2557.28,2527.43,324861.0,星期五,0.0016,-0.0047
2013-03-07,2566.38,2545.2,2586.08,2517.93,488146.0,星期四,-0.0046,-0.0083
2013-03-06,2566.63,2578.26,2587.43,2548.04,517301.0,星期三,0.0049,0.0045
2013-03-05,2472.01,2554.11,2554.77,2467.76,536366.0,星期二,0.0014,0.0332
2013-03-04,2543.97,2468.55,2543.97,2452.78,681116.0,星期一,-0.0205,-0.0296
2013-03-01,2606.46,2597.25,2615.4,2554.32,429468.0,星期五,-0.0005,-0.0035
2013-02-28,2542.88,2607.84,2608.32,2522.09,531189.0,星期四,0.0078,0.0255
2013-02-27,2499.65,2523.3,2543.19,2497.12,383960.0,星期三,0.0034,0.0095
2013-02-26,2508.22,2491.09,2557.3,2488.03,507374.0,星期二,-0.0075,-0.0068
2013-02-25,2533.0,2527.28,2553.68,2514.01,314341.0,星期一,0.0048,-0.0023
2013-02-22,2534.01,2520.97,2543.76,2515.11,356378.0,星期五,-0.001,-0.0051
2013-02-21,2602.91,2536.65,2602.91,2509.61,623287.0,星期四,-0.0107,-0.0255
2013-02-20,2628.29,2631.03,2631.91,2595.04,417037.0,星期三,0.0004,0.001
2013-02-19,2671.52,2627.29,2677.29,2616.26,454391.0,星期二,-0.0012,-0.0166
2013-02-18,2725.2,2674.76,2729.1,2672.03,453148.0,星期一,0.0047,-0.0185
2013-02-08,2705.89,2712.34,2733.13,2688.1,465802.0,星期五,-0.002,0.0024
2013-02-07,2736.03,2711.4,2738.56,2671.94,579198.0,星期四,-0.002,-0.009
2013-02-06,2736.06,2741.53,2754.15,2726.37,492158.0,星期三,-0.0,0.002
2013-02-05,2696.71,2736.15,2744.52,2691.52,721917.0,星期二,-0.0084,0.0146
2013-02-04,2725.26,2719.55,2745.0,2705.21,763010.0,星期一,0.0037,-0.0021
2013-02-01,2637.44,2715.23,2717.44,2629.23,621207.0,星期五,-0.0038,0.0295
2013-01-31,2651.17,2647.49,2656.38,2628.3,574958.0,星期四,0.0012,-0.0014
2013-01-30,2638.03,2648.03,2649.79,2620.15,589968.0,星期三,0.0008,0.0038
2013-01-29,2609.95,2635.79,2646.77,2599.92,620163.0,星期二,0.0013,0.0099
2013-01-28,2527.22,2606.52,2607.0,2527.22,573293.0,星期一,0.0019,0.0314
2013-01-25,2537.97,2522.52,2544.83,2516.99,328329.0,星期五,-0.0008,-0.0061
2013-01-24,2555.26,2539.96,2618.31,2522.3,660774.0,星期四,-0.0003,-0.006
2013-01-23,2534.92,2556.05,2557.49,2524.08,431825.0,星期三,-0.0039,0.0083
2013-01-22,2548.04,2544.83,2567.55,2523.52,651988.0,星期二,0.0,-0.0013
2013-01-21,2539.84,2547.98,2548.47,2516.19,483580.0,星期一,0.0046,0.0032
2013-01-18,2503.66,2528.17,2540.48,2487.03,409685.0,星期五,0.0065,0.0098
2013-01-17,2505.46,2487.43,2507.04,2475.09,348114.0,星期四,-0.0025,-0.0072
2013-01-16,2530.52,2511.64,2535.25,2478.98,455026.0,星期三,-0.0025,-0.0075
2013-01-15,2527.02,2536.96,2546.83,2522.81,503111.0,星期二,0.0002,0.0039
2013-01-14,2426.12,2526.64,2534.24,2425.91,534046.0,星期一,-0.0039,0.0414
2013-01-11,2483.96,2435.64,2490.04,2425.37,401670.0,星期五,0.0013,-0.0195
2013-01-10,2478.38,2480.81,2504.88,2465.02,393994.0,星期四,-0.0002,0.001
2013-01-09,2472.27,2478.91,2487.23,2458.55,387250.0,星期三,-0.0031,0.0027
2013-01-08,2500.0,2480.02,2504.6,2462.47,386117.0,星期二,-0.0004,-0.008
2013-01-07,2484.8,2500.96,2513.88,2476.33,418150.0,星期一,-0.0024,0.0065
2013-01-04,2512.37,2490.71,2525.51,2464.51,591659.0,星期五,0.0128,-0.0086
2012-12-31,2440.62,2480.64,2481.24,2440.62,472438.0,星期一,0.0021,0.0164
2012-12-28,2402.3,2435.39,2437.32,2400.34,362731.0,星期五,0.0015,0.0138
2012-12-27,2419.38,2398.59,2433.89,2397.65,381016.0,星期四,0.0028,-0.0086
2012-12-26,2406.71,2412.56,2416.13,2400.11,360921.0,星期三,-0.0011,0.0024
2012-12-25,2332.68,2409.37,2421.03,2325.22,526633.0,星期二,-0.0034,0.0329
2012-12-24,2329.18,2340.59,2358.13,2326.39,275214.0,星期一,-0.002,0.0049
2012-12-21,2353.56,2333.9,2377.06,2327.66,372916.0,星期五,0.0007,-0.0084
2012-12-20,2330.53,2352.0,2358.98,2316.03,374467.0,星期四,-0.0046,0.0092
2012-12-19,2333.31,2341.39,2359.63,2328.58,377025.0,星期三,-0.0022,0.0035
2012-12-18,2327.28,2338.34,2368.61,2314.05,498954.0,星期二,-0.0024,0.0048
2012-12-17,2322.59,2332.92,2346.89,2322.59,562721.0,星期一,0.0025,0.0044
2012-12-14,2204.09,2316.82,2318.16,2204.09,672800.0,星期五,0.0015,0.0511
2012-12-13,2220.2,2200.81,2225.78,2200.38,238070.0,星期四,-0.0032,-0.0087
2012-12-12,2214.4,2227.23,2232.14,2208.42,272803.0,星期三,0.0002,0.0058
2012-12-11,2218.98,2214.04,2230.11,2211.15,287870.0,星期二,-0.0035,-0.0022
2012-12-10,2211.06,2226.8,2233.67,2208.68,443000.0,星期一,0.0034,0.0071
2012-12-07,2162.19,2203.62,2207.14,2156.96,467224.0,星期五,0.0001,0.0192
2012-12-06,2161.18,2161.89,2172.67,2147.26,286980.0,星期四,-0.0013,0.0003
2012-12-05,2087.21,2164.07,2174.05,2085.77,506719.0,星期三,-0.0013,0.0368
2012-12-04,2065.63,2089.97,2095.14,2063.99,205280.0,星期二,-0.0022,0.0118
2012-12-03,2093.44,2070.21,2109.08,2068.98,245044.0,星期一,-0.0016,-0.0111
2012-11-30,2072.94,2096.88,2100.92,2069.26,208346.0,星期五,-0.0006,0.0115
2012-11-29,2084.51,2074.13,2095.56,2072.6,170912.0,星期四,-0.0001,-0.005
2012-11-28,2093.22,2084.74,2095.19,2080.75,169808.0,星期三,-0.0035,-0.0041
2012-11-27,2109.47,2100.54,2116.35,2099.66,175419.0,星期二,-0.0027,-0.0042
2012-11-26,2123.67,2115.25,2127.65,2110.73,126106.0,星期一,-0.0022,-0.004
2012-11-23,2117.51,2128.38,2137.02,2111.52,161635.0,星期五,0.0031,0.0051
2012-11-22,2111.14,2110.93,2116.38,2101.93,115090.0,星期四,-0.0066,-0.0001
2012-11-21,2095.45,2125.2,2126.19,2085.32,156637.0,星期三,-0.0002,0.0142
2012-11-20,2110.36,2095.84,2114.56,2093.81,126088.0,星期二,0.0019,-0.0069
2012-11-19,2108.58,2106.37,2108.58,2081.47,158171.0,星期一,-0.0009,-0.001
2012-11-16,2123.1,2110.5,2124.92,2096.61,172823.0,星期五,-0.002,-0.0059
2012-11-15,2142.3,2127.34,2149.56,2127.15,156012.0,星期四,-0.0054,-0.007
2012-11-14,2145.48,2153.85,2156.12,2138.94,148824.0,星期三,0.0002,0.0039
2012-11-13,2179.11,2144.99,2179.11,2139.87,188506.0,星期二,-0.0007,-0.0157
2012-11-12,2170.04,2180.58,2181.87,2161.49,207688.0,星期一,0.0008,0.0049
2012-11-09,2167.76,2168.2,2178.04,2162.99,177540.0,星期五,-0.0016,0.0002
2012-11-08,2190.07,2171.16,2196.12,2170.3,188614.0,星期四,-0.0077,-0.0086
2012-11-07,2208.09,2207.06,2218.75,2196.14,181122.0,星期三,-0.0015,-0.0005
2012-11-06,2221.23,2211.38,2223.25,2182.59,195269.0,星期二,0.0001,-0.0044
2012-11-05,2220.13,2220.96,2235.38,2208.7,223508.0,星期一,-0.0016,0.0004
2012-11-02,2213.12,2223.61,2226.5,2201.85,222766.0,星期五,-0.0,0.0047
2012-11-01,2172.59,2213.16,2221.65,2172.47,289971.0,星期四,0.0011,0.0187
2012-10-31,2159.02,2170.19,2172.37,2151.52,206338.0,星期三,0.0014,0.0052
2012-10-30,2151.59,2156.1,2171.56,2146.32,198542.0,星期二,0.0005,0.0021
2012-10-29,2159.44,2150.43,2163.5,2143.52,154128.0,星期一,-0.0024,-0.0042
2012-10-26,2205.93,2164.68,2208.0,2154.22,223410.0,星期五,0.0003,-0.0187
2012-10-25,2217.05,2205.25,2233.22,2202.38,231913.0,星期四,-0.0003,-0.0053
2012-10-24,2212.65,2217.68,2229.64,2211.31,184563.0,星期三,-0.0034,0.0023
2012-10-23,2246.33,2220.15,2250.01,2217.73,187620.0,星期二,-0.0002,-0.0117
2012-10-22,2226.57,2246.87,2253.45,2221.93,182993.0,星期一,-0.0053,0.0091
2012-10-19,2241.1,2238.52,2248.31,2235.3,185001.0,星期五,-0.0002,-0.0012
2012-10-18,2215.62,2241.66,2246.61,2213.45,259413.0,星期四,0.0025,0.0118
2012-10-17,2214.9,2210.15,2220.44,2191.09,176172.0,星期三,0.0037,-0.0021
2012-10-16,2202.42,2206.77,2222.04,2197.11,165947.0,星期二,-0.0011,0.002
2012-10-15,2214.79,2204.93,2217.82,2191.01,146551.0,星期一,0.0011,-0.0045
2012-10-12,2216.33,2212.35,2236.92,2196.69,202831.0,星期五,0.0036,-0.0018
2012-10-11,2217.77,2208.3,2223.71,2204.48,207551.0,星期四,-0.0033,-0.0043
2012-10-10,2219.57,2225.13,2227.32,2208.63,201527.0,星期三,-0.0025,0.0025
2012-10-09,2191.44,2225.19,2234.56,2191.44,280867.0,星期二,0.005,0.0154
2012-10-08,2203.31,2180.43,2217.5,2168.75,203900.0,星期一,-0.0003,-0.0104
2012-09-28,2149.58,2203.99,2207.9,2148.57,336834.0,星期五,-0.0072,0.0253
2012-09-27,2099.99,2165.16,2179.4,2099.72,297214.0,星期四,0.0004,0.031
2012-09-26,2116.54,2099.07,2124.68,2095.04,140224.0,星期三,-0.0008,-0.0083
2012-09-25,2116.05,2118.29,2131.15,2110.58,147864.0,星期二,-0.0021,0.0011
2012-09-24,2092.45,2120.52,2130.12,2082.84,207233.0,星期一,-0.0068,0.0134
2012-09-21,2096.39,2106.85,2123.58,2094.05,219550.0,星期五,-0.0025,0.005
2012-09-20,2134.51,2101.66,2134.51,2100.59,234106.0,星期四,-0.004,-0.0154
2012-09-19,2138.4,2143.14,2146.28,2128.13,182031.0,星期三,0.0006,0.0022
2012-09-18,2152.53,2137.1,2154.27,2131.48,169645.0,星期二,-0.0042,-0.0072
2012-09-17,2207.4,2161.56,2210.34,2160.62,246547.0,星期一,-0.0018,-0.0208
2012-09-14,2216.19,2211.44,2226.83,2196.55,305525.0,星期五,0.0107,-0.0021
2012-09-13,2205.97,2192.79,2214.13,2192.52,202604.0,星期四,-0.0015,-0.006
2012-09-12,2218.0,2209.39,2229.67,2191.27,254176.0,星期三,0.0058,-0.0039
2012-09-11,2212.56,2205.28,2212.56,2187.59,233037.0,星期二,-0.0041,-0.0033
2012-09-10,2221.14,2221.69,2230.84,2210.94,337736.0,星期一,0.0012,0.0002
2012-09-07,2139.04,2218.47,2241.61,2139.04,546137.0,星期五,0.007,0.0371
2012-09-06,2111.06,2124.15,2125.01,2106.35,188029.0,星期四,0.0019,0.0062
2012-09-05,2112.85,2107.04,2118.48,2096.87,212164.0,星期三,-0.0022,-0.0027
2012-09-04,2143.89,2117.55,2145.79,2112.12,207522.0,星期二,0.0028,-0.0123
2012-09-03,2117.33,2137.99,2147.71,2114.61,220820.0,星期一,-0.0012,0.0098
2012-08-31,2123.95,2119.97,2135.97,2119.93,147187.0,星期五,-0.0019,-0.0019
2012-08-30,2107.78,2128.07,2133.99,2107.78,194195.0,星期四,-0.0074,0.0096
2012-08-29,2141.31,2123.39,2147.27,2122.74,166710.0,星期三,-0.0036,-0.0084
2012-08-28,2136.81,2149.02,2159.95,2132.0,201440.0,星期二,-0.0,0.0057
2012-08-27,2174.08,2136.85,2174.08,2136.39,213373.0,星期一,-0.0025,-0.0171
2012-08-24,2192.87,2179.49,2197.08,2177.59,171789.0,星期五,-0.002,-0.0061
2012-08-23,2196.5,2197.37,2207.86,2181.81,173851.0,星期四,0.001,0.0004
2012-08-22,2210.23,2194.22,2212.74,2183.98,166740.0,星期三,0.0008,-0.0072
2012-08-21,2204.42,2208.48,2224.01,2197.6,186892.0,星期二,-0.0,0.0018
2012-08-20,2201.19,2204.45,2208.96,2185.39,155975.0,星期一,-0.0075,0.0015
2012-08-17,2221.85,2217.76,2225.44,2201.9,146112.0,星期五,-0.0005,-0.0018
2012-08-16,2228.88,2222.88,2235.79,2221.2,138421.0,星期四,-0.0015,-0.0027
2012-08-15,2250.5,2232.17,2251.98,2230.82,175372.0,星期三,-0.0031,-0.0081
2012-08-14,2256.78,2257.49,2260.92,2232.7,215170.0,星期二,0.0005,0.0003
2012-08-13,2297.53,2255.61,2297.53,2253.75,253120.0,星期一,-0.0018,-0.0182
2012-08-10,2313.52,2301.56,2316.95,2299.53,174940.0,星期五,-0.0004,-0.0052
2012-08-09,2296.37,2314.52,2315.32,2286.51,167490.0,星期四,-0.0006,0.0079
2012-08-08,2295.87,2297.67,2310.58,2290.89,185550.0,星期三,0.0006,0.0008
2012-08-07,2293.72,2294.53,2297.64,2287.06,199425.0,星期二,-0.0006,0.0004
2012-08-06,2269.06,2295.12,2298.68,2267.05,217467.0,星期一,-0.0013,0.0115
2012-08-03,2264.42,2272.05,2272.53,2252.48,158722.0,星期五,0.0021,0.0034
2012-08-02,2277.59,2259.69,2282.44,2250.9,178791.0,星期四,-0.002,-0.0079
2012-08-01,2262.33,2282.13,2293.14,2262.0,184820.0,星期三,-0.0,0.0088
2012-07-31,2257.45,2262.44,2277.2,2257.14,191893.0,星期二,0.0012,0.0022
2012-07-30,2264.4,2254.74,2281.42,2253.0,183745.0,星期一,0.0011,-0.0043
2012-07-27,2263.69,2261.89,2278.08,2253.92,183678.0,星期五,0.003,-0.0008
2012-07-26,2267.39,2256.99,2282.18,2254.48,179645.0,星期四,0.0,-0.0046
2012-07-25,2271.5,2267.39,2285.09,2265.07,132417.0,星期三,-0.0029,-0.0018
2012-07-24,2259.03,2278.11,2294.27,2258.56,164830.0,星期二,-0.0049,0.0084
2012-07-23,2290.85,2270.21,2290.85,2263.73,177445.0,星期一,-0.0073,-0.009
2012-07-20,2327.34,2307.75,2332.88,2302.6,200621.0,星期五,-0.0032,-0.0084
2012-07-19,2318.75,2334.82,2352.15,2313.43,234334.0,星期四,-0.0029,0.0069
2012-07-18,2330.31,2325.49,2337.56,2290.27,211442.0,星期三,-0.0003,-0.0021
2012-07-17,2310.92,2331.04,2339.78,2310.31,170280.0,星期二,-0.0026,0.0087
2012-07-16,2359.82,2316.99,2359.82,2316.61,218900.0,星期一,0.0011,-0.0181
2012-07-13,2342.64,2357.32,2373.47,2341.12,197249.0,星期五,-0.0033,0.0063
2012-07-12,2328.23,2350.28,2362.97,2310.33,315276.0,星期四,-0.002,0.0095
2012-07-11,2313.86,2332.92,2336.45,2312.17,202975.0,星期三,-0.002,0.0082
2012-07-10,2319.95,2318.53,2336.5,2313.73,198629.0,星期二,-0.0015,-0.0006
2012-07-09,2362.07,2323.36,2376.64,2321.45,290768.0,星期一,-0.0066,-0.0164
2012-07-06,2344.32,2377.73,2382.71,2330.65,278305.0,星期五,-0.0001,0.0143
2012-07-05,2357.56,2344.48,2357.66,2334.03,180864.0,星期四,-0.0061,-0.0055
2012-07-04,2379.28,2372.04,2385.11,2363.83,171955.0,星期三,0.0027,-0.003
2012-07-03,2366.27,2372.85,2391.1,2358.42,204312.0,星期二,-0.0,0.0028
2012-07-02,2375.59,2366.32,2375.87,2353.7,209735.0,星期一,0.0047,-0.0039
2012-06-29,2323.12,2364.44,2366.58,2321.5,204505.0,星期五,-0.0024,0.0178
2012-06-28,2350.17,2328.81,2357.3,2328.1,156241.0,星期四,0.0017,-0.0091
2012-06-27,2350.38,2346.17,2365.29,2342.9,162775.0,星期三,-0.0007,-0.0018
2012-06-26,2340.39,2351.94,2362.38,2336.27,173674.0,星期二,-0.0061,0.0049
2012-06-25,2391.14,2354.76,2391.35,2353.14,231523.0,星期一,-0.0045,-0.0152
2012-06-21,2435.62,2402.01,2435.62,2393.09,199612.0,星期四,-0.0018,-0.0138
2012-06-20,2447.83,2440.11,2457.74,2436.99,161256.0,星期三,0.0015,-0.0032
2012-06-19,2458.41,2444.07,2458.99,2441.71,167649.0,星期二,-0.0015,-0.0058
2012-06-18,2459.28,2462.0,2474.0,2454.59,185160.0,星期一,0.0044,0.0011
2012-06-15,2441.45,2448.59,2458.09,2421.5,247316.0,星期五,0.0025,0.0029
2012-06-14,2447.58,2435.39,2457.02,2433.1,213024.0,星期四,-0.0032,-0.005
2012-06-13,2424.71,2455.33,2455.96,2417.23,245978.0,星期三,0.0027,0.0126
2012-06-12,2422.38,2418.1,2431.02,2407.67,217934.0,星期二,-0.0054,-0.0018
2012-06-11,2413.36,2435.42,2444.31,2409.2,229236.0,星期一,0.0016,0.0091
2012-06-08,2443.07,2409.45,2443.07,2405.48,262740.0,星期五,0.0058,-0.0138
2012-06-07,2461.57,2428.88,2465.06,2423.77,181374.0,星期四,0.0077,-0.0133
2012-06-06,2445.25,2442.71,2454.32,2433.94,195459.0,星期三,0.002,-0.001
2012-06-05,2446.1,2440.31,2454.35,2430.56,201329.0,星期二,0.0025,-0.0024
2012-06-04,2477.37,2439.9,2483.3,2439.54,280886.0,星期一,-0.0111,-0.0151
2012-06-01,2503.55,2505.26,2524.91,2497.02,236789.0,星期五,0.0008,0.0007
2012-05-31,2495.53,2501.62,2513.51,2488.93,213639.0,星期四,-0.0076,0.0024
2012-05-30,2520.7,2514.76,2526.39,2508.78,258058.0,星期三,-0.0016,-0.0024
2012-05-29,2493.75,2524.7,2530.88,2489.33,360266.0,星期二,-0.0001,0.0124
2012-05-28,2447.0,2494.01,2494.29,2435.77,302383.0,星期一,-0.0036,0.0192
2012-05-25,2476.17,2455.87,2482.12,2448.72,218268.0,星期五,0.0002,-0.0082
2012-05-24,2494.65,2475.65,2511.25,2469.22,243744.0,星期四,-0.0011,-0.0076
2012-05-23,2504.51,2497.31,2517.0,2482.08,233517.0,星期三,-0.0024,-0.0029
2012-05-22,2482.69,2510.6,2511.28,2481.1,244376.0,星期二,0.0044,0.0112
2012-05-21,2457.86,2471.73,2487.93,2450.94,215133.0,星期一,-0.0004,0.0056
2012-05-18,2476.74,2458.83,2483.29,2452.9,244743.0,星期五,-0.0074,-0.0072
2012-05-17,2460.85,2495.1,2501.02,2454.94,241424.0,星期四,0.0016,0.0139
2012-05-16,2490.63,2456.95,2492.39,2455.92,247844.0,星期三,-0.0028,-0.0135
2012-05-15,2480.07,2497.57,2498.89,2475.88,236261.0,星期二,-0.0055,0.0071
2012-05-14,2532.86,2493.78,2534.91,2491.57,288000.0,星期一,0.0063,-0.0154
2012-05-11,2532.69,2516.92,2543.47,2516.22,211792.0,星期五,-0.0016,-0.0062
2012-05-10,2538.24,2536.7,2545.03,2528.45,263963.0,星期四,-0.0,-0.0006
2012-05-09,2561.1,2538.3,2562.32,2535.91,314217.0,星期三,-0.0088,-0.0089
2012-05-08,2593.27,2583.91,2593.94,2560.78,350572.0,星期二,-0.0004,-0.0036
2012-05-07,2585.32,2594.31,2598.33,2574.11,371394.0,星期一,-0.0058,0.0035
2012-05-04,2577.87,2600.39,2601.01,2566.44,332849.0,星期五,-0.0007,0.0087
2012-05-03,2573.29,2579.8,2584.25,2566.34,309657.0,星期四,-0.0011,0.0025
2012-05-02,2556.48,2576.22,2591.31,2541.99,464762.0,星期三,0.013,0.0077
2012-04-27,2525.99,2523.63,2536.15,2521.75,262149.0,星期五,0.0,-0.0009
2012-04-26,2527.31,2525.88,2537.05,2513.1,280585.0,星期四,0.0026,-0.0006
2012-04-25,2498.1,2520.65,2526.17,2494.23,331093.0,星期三,-0.0024,0.009
2012-04-24,2488.48,2504.01,2537.71,2467.09,411287.0,星期二,-0.0036,0.0062
2012-04-23,2512.65,2497.43,2521.13,2491.08,293693.0,星期一,-0.0008,-0.0061
2012-04-20,2478.68,2514.75,2515.07,2476.68,353052.0,星期五,-0.0016,0.0146
2012-04-19,2482.02,2482.55,2491.71,2472.74,248829.0,星期四,-0.0008,0.0002
2012-04-18,2436.38,2483.91,2486.2,2433.54,330260.0,星期三,0.0036,0.0195
2012-04-17,2456.75,2427.52,2462.02,2426.82,205035.0,星期二,-0.0005,-0.0119
2012-04-16,2453.6,2457.86,2469.28,2449.88,198963.0,星期一,-0.0056,0.0017
2012-04-13,2461.66,2467.32,2479.54,2458.36,287603.0,星期五,0.0011,0.0023
2012-04-12,2412.9,2458.94,2459.54,2406.16,320352.0,星期四,0.0012,0.0191
2012-04-11,2389.27,2410.11,2430.49,2385.63,223799.0,星期三,-0.0091,0.0087
2012-04-10,2387.83,2411.29,2412.04,2361.27,204872.0,星期二,-0.0015,0.0098
2012-04-09,2402.2,2391.45,2409.66,2385.7,189640.0,星期一,-0.004,-0.0045
2012-04-06,2401.45,2411.76,2413.54,2395.64,239582.0,星期五,-0.0015,0.0043
2012-04-05,2349.69,2405.17,2410.6,2341.06,330929.0,星期四,-0.0028,0.0236
2012-03-30,2344.83,2356.4,2358.24,2339.78,213461.0,星期五,0.0025,0.0049
2012-03-29,2355.26,2339.06,2368.51,2329.22,257011.0,星期四,-0.0039,-0.0069
2012-03-28,2415.55,2364.57,2420.19,2361.23,259605.0,星期三,-0.0033,-0.0211
2012-03-27,2440.26,2423.56,2445.82,2420.71,186111.0,星期二,0.0031,-0.0068
2012-03-26,2426.32,2432.76,2438.56,2419.9,178051.0,星期一,-0.0004,0.0027
2012-03-23,2442.21,2427.23,2447.27,2419.23,234769.0,星期五,-0.0025,-0.0061
2012-03-22,2448.78,2448.31,2461.87,2434.83,235469.0,星期四,0.0003,-0.0002
2012-03-21,2460.84,2448.05,2472.35,2435.13,299948.0,星期三,0.0054,-0.0052
2012-03-20,2478.05,2447.67,2478.21,2446.63,309845.0,星期二,-0.0025,-0.0123
2012-03-19,2479.36,2484.33,2486.05,2458.88,295640.0,星期一,-0.0024,0.002
2012-03-16,2460.5,2485.37,2486.65,2447.8,294556.0,星期五,0.0023,0.0101
2012-03-15,2469.5,2454.96,2482.93,2450.05,384099.0,星期四,-0.0003,-0.0059
2012-03-14,2543.72,2470.27,2554.21,2462.95,568397.0,星期三,0.0052,-0.0289
2012-03-13,2503.9,2530.63,2531.29,2502.47,274366.0,星期二,-0.0003,0.0107
2012-03-12,2519.75,2504.66,2521.73,2489.39,311070.0,星期一,-0.001,-0.006
2012-03-09,2507.18,2522.3,2522.9,2495.07,275474.0,星期五,0.0031,0.006
2012-03-08,2479.77,2499.43,2510.3,2479.77,289200.0,星期四,0.0034,0.0079
2012-03-07,2466.86,2471.48,2494.5,2464.82,298849.0,星期三,-0.0088,0.0019
2012-03-06,2522.78,2488.81,2526.86,2486.28,331282.0,星期二,-0.0029,-0.0135
2012-03-05,2556.42,2530.01,2561.72,2528.47,349454.0,星期一,0.0026,-0.0103
2012-03-02,2514.14,2549.82,2549.86,2514.14,324752.0,星期五,0.0014,0.0142
2012-03-01,2502.83,2510.6,2523.86,2501.86,208086.0,星期四,-0.0041,0.0031
2012-02-29,2531.93,2513.21,2541.2,2510.87,294791.0,星期三,-0.002,-0.0074
2012-02-28,2524.46,2536.94,2544.3,2519.45,376871.0,星期二,-0.001,0.0049
2012-02-27,2530.07,2527.11,2559.95,2526.93,543384.0,星期一,0.0036,-0.0012
2012-02-24,2483.99,2521.08,2521.18,2478.69,458568.0,星期五,0.0007,0.0149
2012-02-23,2473.2,2482.2,2490.22,2469.54,350472.0,星期四,-0.0006,0.0036
2012-02-22,2450.45,2474.71,2476.97,2442.62,362825.0,星期三,0.0008,0.0099
2012-02-21,2436.56,2448.51,2449.3,2414.38,212738.0,星期二,0.0019,0.0049
2012-02-20,2461.14,2432.06,2463.29,2430.84,266450.0,星期一,0.0135,-0.0118
2012-02-17,2440.15,2428.32,2446.22,2415.78,189004.0,星期五,0.0066,-0.0048
2012-02-16,2433.15,2424.2,2445.13,2409.75,284334.0,星期四,-0.0017,-0.0037
2012-02-15,2407.5,2437.22,2450.43,2404.46,284672.0,星期三,-0.0026,0.0123
2012-02-14,2422.76,2413.76,2425.98,2399.54,197873.0,星期二,-0.0014,-0.0037
2012-02-13,2407.82,2426.07,2448.77,2399.45,249539.0,星期一,-0.0115,0.0076
2012-02-10,2426.3,2435.9,2464.1,2425.65,335683.0,星期五,-0.0033,0.004
2012-02-09,2436.06,2434.29,2449.47,2423.11,289231.0,星期四,-0.0006,-0.0007
2012-02-08,2371.55,2437.53,2444.64,2367.88,302442.0,星期三,-0.0004,0.0278
2012-02-07,2402.91,2372.44,2405.01,2358.98,215957.0,星期二,-0.0061,-0.0127
2012-02-06,2428.35,2417.71,2437.42,2403.66,242689.0,星期一,0.0017,-0.0044
2012-02-03,2401.12,2424.21,2433.81,2392.18,282660.0,星期五,-0.0032,0.0096
2012-02-02,2357.4,2408.77,2408.77,2349.15,249060.0,星期四,0.0035,0.0218
2012-02-01,2378.55,2349.09,2399.92,2344.23,195439.0,星期三,-0.0026,-0.0124
2012-01-31,2382.83,2384.8,2394.3,2369.93,178489.0,星期二,0.0009,0.0008
2012-01-30,2429.62,2380.61,2429.63,2380.12,270350.0,星期一,0.0014,-0.0202
2012-01-20,2399.85,2426.12,2431.95,2387.41,335167.0,星期五,0.0038,0.0109
2012-01-19,2347.4,2390.85,2403.09,2342.07,334427.0,星期四,0.0011,0.0185
2012-01-18,2380.03,2344.82,2398.51,2338.15,344243.0,星期三,0.0011,-0.0148
2012-01-17,2278.99,2377.4,2378.91,2258.84,373863.0,星期二,0.0013,0.0432
2012-01-16,2296.06,2275.93,2313.44,2275.48,168805.0,星期一,-0.0062,-0.0088
2012-01-13,2341.65,2310.37,2348.62,2292.6,242750.0,星期五,0.0013,-0.0134
2012-01-12,2328.29,2338.56,2364.98,2325.44,252049.0,星期四,-0.003,0.0044
2012-01-11,2347.47,2335.28,2355.54,2325.01,284683.0,星期三,-0.0011,-0.0052
2012-01-10,2280.0,2350.08,2352.86,2276.28,439028.0,星期二,-0.0009,0.0307
2012-01-09,2212.91,2282.1,2282.61,2196.53,334673.0,星期一,0.0002,0.0313
2012-01-06,2196.0,2212.4,2213.18,2183.26,205755.0,星期五,-0.0006,0.0075
2012-01-05,2195.86,2197.27,2232.97,2193.03,264422.0,星期四,-0.0027,0.0006
2012-01-04,2253.45,2201.89,2259.65,2201.38,197588.0,星期三,0.0062,-0.0229
2011-12-30,2216.48,2239.51,2243.29,2216.48,189530.0,星期五,0.0033,0.0104
2011-12-29,2196.03,2209.18,2220.66,2193.59,155911.0,星期四,-0.0045,0.006
2011-12-28,2194.76,2206.06,2208.04,2171.95,170961.0,星期三,-0.0037,0.0051
2011-12-27,2221.68,2202.86,2238.38,2200.94,145141.0,星期二,-0.0016,-0.0085
2011-12-26,2235.54,2225.18,2255.52,2224.1,146541.0,星期一,-0.0056,-0.0046
2011-12-23,2231.27,2248.04,2270.48,2226.08,176504.0,星期五,-0.001,0.0075
2011-12-22,2217.66,2233.58,2248.91,2197.13,200130.0,星期四,-0.0042,0.0072
2011-12-21,2275.04,2227.11,2283.0,2225.57,167730.0,星期三,0.0081,-0.0211
2011-12-20,2253.8,2256.65,2288.77,2250.76,174437.0,星期二,-0.0033,0.0013
2011-12-19,2249.32,2261.19,2264.81,2203.53,206199.0,星期一,-0.0082,0.0053
2011-12-16,2222.55,2268.01,2268.39,2216.97,194057.0,星期五,-0.0006,0.0205
2011-12-15,2259.5,2223.78,2264.13,2223.03,193679.0,星期四,-0.0059,-0.0158
2011-12-14,2284.86,2273.02,2301.08,2268.01,133960.0,星期三,-0.0019,-0.0052
2011-12-13,2326.19,2289.22,2332.49,2286.25,198045.0,星期二,-0.0038,-0.0159
2011-12-12,2351.49,2334.96,2354.71,2333.6,112172.0,星期一,-0.0015,-0.007
2011-12-09,2355.22,2354.98,2371.88,2349.33,122354.0,星期五,-0.0067,-0.0001
2011-12-08,2370.9,2371.09,2392.88,2345.97,144187.0,星期四,-0.0006,0.0001
2011-12-07,2359.98,2372.26,2377.81,2354.1,127585.0,星期三,0.0009,0.0052
2011-12-06,2359.2,2357.95,2368.03,2345.57,141044.0,星期二,-0.0022,-0.0005
2011-12-05,2391.15,2364.5,2393.23,2360.29,185835.0,星期一,0.0021,-0.0111
2011-12-02,2391.95,2386.21,2399.4,2371.03,173154.0,星期五,-0.0046,-0.0024
2011-12-01,2412.2,2402.94,2446.79,2396.79,380957.0,星期四,0.0309,-0.0038
2011-11-30,2405.44,2339.87,2407.94,2330.12,213419.0,星期三,-0.0033,-0.0273
2011-11-29,2402.16,2413.48,2414.72,2388.6,152337.0,星期二,0.0084,0.0047
2011-11-28,2388.77,2382.18,2400.03,2374.58,128728.0,星期一,0.0032,-0.0028
2011-11-25,2393.94,2381.06,2404.33,2375.3,115696.0,星期五,-0.0018,-0.0054
2011-11-24,2376.84,2398.31,2412.84,2371.31,147772.0,星期四,-0.007,0.009
2011-11-23,2423.09,2393.53,2425.55,2388.82,156499.0,星期三,0.0014,-0.0122
2011-11-22,2404.27,2419.67,2421.93,2395.64,152937.0,星期二,-0.0061,0.0064
2011-11-21,2420.28,2419.11,2423.84,2399.52,145786.0,星期一,0.0012,-0.0005
2011-11-18,2446.44,2417.42,2452.41,2412.21,206616.0,星期五,-0.0066,-0.0119
2011-11-17,2472.1,2462.79,2484.11,2461.49,169426.0,星期四,0.0007,-0.0038
2011-11-16,2540.1,2470.25,2540.6,2459.38,267828.0,星期三,-0.0,-0.0275
2011-11-15,2546.91,2540.22,2551.2,2530.7,198474.0,星期二,-0.0014,-0.0026
2011-11-14,2521.34,2550.4,2554.62,2518.45,227464.0,星期一,0.0085,0.0115
2011-11-11,2511.7,2500.19,2520.16,2491.63,174605.0,星期五,0.0016,-0.0046
2011-11-10,2530.14,2507.72,2537.64,2506.07,253484.0,星期四,-0.011,-0.0089
2011-11-09,2550.51,2558.28,2565.32,2525.21,226040.0,星期三,0.0043,0.003
2011-11-08,2552.6,2539.67,2564.04,2536.46,240736.0,星期二,0.0032,-0.0051
2011-11-07,2560.89,2544.42,2573.52,2541.5,219941.0,星期一,-0.0047,-0.0064
2011-11-04,2581.39,2572.88,2590.49,2561.16,306059.0,星期五,0.0098,-0.0033
2011-11-03,2567.35,2556.22,2587.68,2554.94,430204.0,星期四,0.0032,-0.0043
2011-11-02,2483.18,2559.27,2559.91,2480.12,347847.0,星期三,-0.0141,0.0306
2011-11-01,2496.08,2518.72,2547.37,2492.99,293975.0,星期二,-0.0083,0.0091
2011-10-31,2532.19,2516.95,2532.88,2505.15,266432.0,星期一,-0.0019,-0.006
2011-10-28,2526.88,2536.99,2561.55,2521.91,407394.0,星期五,0.0143,0.004
2011-10-27,2488.1,2491.32,2501.23,2480.72,269882.0,星期四,0.0026,0.0013
2011-10-26,2448.0,2481.54,2507.34,2445.84,401852.0,星期三,-0.0043,0.0137
2011-10-25,2418.63,2458.54,2467.65,2405.71,315872.0,星期二,-0.0015,0.0165
2011-10-24,2360.93,2422.16,2426.0,2351.99,283083.0,星期一,0.0042,0.0259
2011-10-21,2355.15,2350.95,2374.2,2347.13,171927.0,星期五,0.001,-0.0018
2011-10-20,2391.04,2352.88,2395.12,2334.92,221270.0,星期四,-0.006,-0.016
2011-10-19,2418.64,2405.5,2436.93,2403.24,172588.0,星期三,0.003,-0.0054
2011-10-18,2457.39,2411.41,2463.72,2407.63,223605.0,星期二,-0.0078,-0.0187
2011-10-17,2464.34,2476.71,2494.11,2460.2,202576.0,星期一,0.0015,0.005
2011-10-14,2458.23,2460.54,2468.16,2436.94,199705.0,星期五,-0.0028,0.0009
2011-10-13,2443.76,2465.13,2473.3,2436.53,318658.0,星期四,-0.0033,0.0087
2011-10-12,2351.26,2451.89,2454.4,2338.46,389469.0,星期三,-0.0053,0.0428
2011-10-11,2429.21,2363.78,2438.41,2340.43,272237.0,星期二,0.028,-0.0269
2011-10-10,2393.26,2362.96,2399.69,2358.81,169999.0,星期一,0.0022,-0.0127
2011-09-30,2399.4,2388.11,2411.03,2380.0,188217.0,星期五,0.0029,-0.0047
2011-09-29,2387.35,2392.36,2413.66,2377.94,197902.0,星期四,-0.0064,0.0021
2011-09-28,2440.3,2402.72,2444.23,2394.86,178901.0,星期三,0.0065,-0.0154
2011-09-27,2418.61,2424.54,2438.93,2401.54,190237.0,星期二,0.0097,0.0025
2011-09-26,2434.47,2395.47,2464.92,2388.49,218731.0,星期一,-0.0095,-0.016
2011-09-23,2436.63,2457.76,2467.63,2421.42,244704.0,星期五,-0.0145,0.0087
2011-09-22,2526.8,2472.5,2535.71,2471.73,257110.0,星期四,-0.0093,-0.0215
2011-09-21,2480.21,2550.64,2558.81,2467.65,316908.0,星期三,0.0007,0.0284
2011-09-20,2467.13,2478.48,2490.83,2455.66,134449.0,星期二,-0.0012,0.0046
2011-09-19,2501.48,2470.14,2501.48,2469.57,153669.0,星期一,-0.0066,-0.0125
2011-09-16,2525.39,2518.08,2535.64,2511.64,154868.0,星期五,0.0056,-0.0029
2011-09-15,2518.22,2511.24,2535.27,2511.17,177661.0,星期四,0.0003,-0.0028
2011-09-14,2518.86,2517.54,2525.65,2469.79,173729.0,星期三,0.0033,-0.0005
2011-09-13,2499.0,2510.55,2516.06,2490.16,152600.0,星期二,-0.014,0.0046
2011-09-09,2548.73,2534.6,2574.12,2522.78,153198.0,星期五,0.0052,-0.0055
2011-09-08,2564.41,2535.5,2564.73,2534.89,134383.0,星期四,0.0035,-0.0113
2011-09-07,2519.6,2555.5,2556.78,2511.28,185063.0,星期三,0.0052,0.0142
2011-09-06,2509.43,2506.68,2526.28,2495.18,172125.0,星期二,-0.0057,-0.0011
2011-09-05,2553.15,2523.84,2553.15,2521.37,180817.0,星期一,-0.0079,-0.0115
2011-09-02,2595.36,2573.61,2603.22,2561.27,162513.0,星期五,-0.0022,-0.0084
2011-09-01,2612.23,2601.11,2629.8,2592.47,169696.0,星期四,0.0022,-0.0043
2011-08-31,2598.85,2606.62,2614.45,2586.34,171062.0,星期三,0.0012,0.003
2011-08-30,2620.21,2595.81,2647.65,2591.48,234442.0,星期二,0.0076,-0.0093
2011-08-29,2626.47,2600.41,2626.47,2595.91,245717.0,星期一,-0.0098,-0.0099
2011-08-26,2641.43,2652.39,2656.77,2628.33,247403.0,星期五,-0.0056,0.0041
2011-08-25,2570.81,2656.34,2657.12,2567.9,443230.0,星期四,0.0034,0.0333
2011-08-24,2586.63,2561.98,2594.65,2556.59,181515.0,星期三,0.0043,-0.0095
2011-08-23,2545.11,2575.51,2575.51,2534.68,181040.0,星期二,0.0038,0.0119
2011-08-22,2564.36,2535.43,2581.01,2527.11,183082.0,星期一,0.0007,-0.0113
2011-08-19,2548.94,2562.48,2569.57,2542.57,240512.0,星期五,-0.0148,0.0053
2011-08-18,2637.69,2587.36,2640.29,2584.24,204268.0,星期四,0.0011,-0.0191
2011-08-17,2642.01,2634.76,2657.04,2630.66,193404.0,星期三,-0.0004,-0.0027
2011-08-16,2661.46,2643.11,2674.56,2634.89,261558.0,星期二,0.0011,-0.0069
2011-08-15,2623.01,2658.57,2658.74,2608.63,283998.0,星期一,0.0025,0.0136
2011-08-12,2625.56,2616.39,2631.94,2610.28,283081.0,星期五,0.0041,-0.0035
2011-08-11,2541.12,2614.92,2616.57,2540.13,320701.0,星期四,-0.0145,0.029
2011-08-10,2600.6,2578.59,2607.57,2574.14,317312.0,星期三,0.0168,-0.0085
2011-08-09,2490.82,2557.62,2569.92,2471.99,407246.0,星期二,-0.0237,0.0268
2011-08-08,2610.92,2551.31,2632.32,2513.61,406094.0,星期一,-0.0099,-0.0228
2011-08-05,2631.52,2636.9,2655.01,2619.97,271259.0,星期五,-0.0247,0.002
2011-08-04,2701.23,2698.15,2719.58,2691.19,157571.0,星期四,0.0028,-0.0011
2011-08-03,2673.75,2693.7,2705.77,2671.26,196927.0,星期三,-0.0081,0.0075
2011-08-02,2700.0,2695.72,2700.0,2665.55,197297.0,星期二,-0.0063,-0.0016
2011-08-01,2712.86,2717.1,2730.87,2702.61,186578.0,星期一,-0.0015,0.0016
2011-07-29,2715.71,2717.02,2740.15,2689.18,273277.0,星期五,0.0003,0.0005
2011-07-28,2712.96,2714.83,2720.27,2694.69,254581.0,星期四,-0.0084,0.0007
2011-07-27,2710.63,2736.01,2738.79,2702.96,258371.0,星期三,-0.0052,0.0094
2011-07-26,2715.25,2724.87,2728.94,2708.42,232631.0,星期二,-0.0005,0.0035
2011-07-25,2783.35,2716.63,2783.98,2708.34,377683.0,星期一,-0.0056,-0.024
2011-07-22,2798.55,2798.97,2812.79,2791.62,183473.0,星期五,0.0023,0.0002
2011-07-21,2822.07,2792.06,2828.34,2790.66,234046.0,星期四,0.0002,-0.0106
2011-07-20,2840.12,2821.57,2844.46,2805.9,223792.0,星期三,0.0058,-0.0065
2011-07-19,2836.97,2823.62,2837.99,2819.3,272509.0,星期二,-0.0044,-0.0047
2011-07-18,2859.74,2849.47,2861.81,2841.29,283409.0,星期一,0.0007,-0.0036
2011-07-15,2839.1,2857.74,2861.79,2831.0,310754.0,星期五,-0.0035,0.0066
2011-07-14,2849.63,2849.06,2859.81,2829.73,319633.0,星期四,0.0019,-0.0002
2011-07-13,2806.1,2844.36,2848.88,2806.1,287116.0,星期三,0.0019,0.0136
2011-07-12,2832.29,2800.66,2832.29,2798.25,284493.0,星期二,-0.0077,-0.0112
2011-07-11,2845.62,2854.35,2861.73,2832.19,240342.0,星期一,-0.0039,0.0031
2011-07-08,2851.72,2856.75,2872.23,2842.68,270694.0,星期五,0.0015,0.0018
2011-07-07,2874.3,2847.41,2888.28,2846.49,378479.0,星期四,0.0046,-0.0094
2011-07-06,2869.54,2861.06,2869.54,2834.87,315021.0,星期三,-0.002,-0.003
2011-07-05,2879.59,2875.2,2886.24,2860.42,342107.0,星期二,0.0003,-0.0015
2011-07-04,2829.86,2878.79,2883.28,2829.86,398626.0,星期一,0.0048,0.0173
2011-07-01,2823.88,2816.21,2837.24,2803.6,289460.0,星期五,0.0026,-0.0027
2011-06-30,2778.58,2816.54,2832.21,2778.58,334814.0,星期四,0.0012,0.0137
2011-06-29,2812.69,2775.31,2815.92,2774.24,289927.0,星期三,-0.0008,-0.0133
2011-06-28,2819.93,2814.96,2821.99,2788.31,263465.0,星期二,0.0013,-0.0018
2011-06-27,2815.23,2816.38,2835.49,2801.19,332177.0,星期一,0.0004,0.0004
2011-06-24,2741.09,2814.05,2833.22,2739.07,462284.0,星期五,-0.0044,0.0266
2011-06-23,2702.55,2753.07,2761.18,2694.09,248806.0,星期四,-0.0031,0.0187
2011-06-22,2712.94,2710.99,2722.92,2696.32,204495.0,星期三,0.0016,-0.0007
2011-06-21,2684.69,2708.65,2710.21,2682.94,229742.0,星期二,0.003,0.0089
2011-06-20,2688.4,2676.61,2693.05,2665.38,216080.0,星期一,-0.0004,-0.0044
2011-06-17,2700.26,2689.49,2719.49,2687.98,216834.0,星期五,0.0,-0.004
2011-06-16,2716.4,2700.23,2725.02,2698.47,203958.0,星期四,-0.0074,-0.006
2011-06-15,2755.6,2736.58,2767.63,2736.34,232955.0,星期三,-0.0031,-0.0069
2011-06-14,2721.44,2764.29,2771.35,2716.84,293467.0,星期二,-0.0009,0.0157
2011-06-13,2715.12,2723.77,2729.8,2698.26,185475.0,星期一,-0.0072,0.0032
2011-06-10,2722.85,2734.79,2737.15,2705.9,199102.0,星期五,-0.0011,0.0044
2011-06-09,2767.8,2725.94,2770.81,2725.7,216838.0,星期四,-0.0033,-0.0151
2011-06-08,2778.03,2776.87,2780.27,2739.64,221710.0,星期三,0.0002,-0.0004
2011-06-07,2757.38,2777.57,2779.34,2754.13,173022.0,星期二,-0.0027,0.0073
2011-06-03,2739.34,2764.9,2771.68,2738.63,191948.0,星期五,-0.0017,0.0093
2011-06-02,2768.7,2743.97,2781.5,2717.63,303105.0,星期四,-0.0102,-0.0089
2011-06-01,2796.66,2797.35,2800.44,2787.15,200418.0,星期三,-0.0018,0.0002
2011-05-31,2765.53,2801.82,2802.02,2756.03,206084.0,星期二,0.0013,0.0131
2011-05-30,2754.12,2762.02,2780.31,2744.17,185607.0,星期一,-0.0019,0.0029
2011-05-27,2762.98,2759.4,2786.64,2756.71,213470.0,星期五,0.0012,-0.0013
2011-05-26,2782.52,2759.58,2791.12,2757.94,174066.0,星期四,0.0067,-0.0082
2011-05-25,2793.41,2763.87,2801.39,2762.02,199420.0,星期三,-0.0016,-0.0106
2011-05-24,2791.68,2797.78,2802.67,2782.51,196568.0,星期二,-0.0022,0.0022
2011-05-23,2879.24,2797.73,2879.24,2795.76,284263.0,星期一,-0.0019,-0.0283
2011-05-20,2881.36,2884.62,2896.95,2876.27,173645.0,星期五,-0.0003,0.0011
2011-05-19,2905.08,2882.11,2913.87,2879.77,198365.0,星期四,0.0028,-0.0079
2011-05-18,2863.56,2896.87,2902.82,2860.95,204438.0,星期三,-0.0018,0.0116
2011-05-17,2845.53,2868.78,2888.13,2835.1,241170.0,星期二,-0.0008,0.0082
2011-05-16,2869.46,2847.7,2885.39,2846.16,215649.0,星期一,-0.0033,-0.0076
2011-05-13,2859.09,2878.97,2879.6,2835.98,259782.0,星期五,0.0015,0.007
2011-05-12,2872.58,2854.8,2889.14,2854.13,234249.0,星期四,-0.0066,-0.0062
2011-05-11,2902.7,2891.75,2911.3,2879.94,222794.0,星期三,0.0,-0.0038
2011-05-10,2885.19,2902.56,2902.9,2872.85,191840.0,星期二,0.0019,0.006
2011-05-09,2880.4,2879.64,2902.28,2869.29,242000.0,星期一,0.002,-0.0003
2011-05-06,2859.16,2874.59,2894.82,2851.31,289583.0,星期五,-0.0103,0.0054
2011-05-05,2882.73,2888.88,2899.15,2872.94,302242.0,星期四,-0.005,0.0021
2011-05-04,2960.71,2897.08,2960.71,2889.11,367499.0,星期三,-0.0058,-0.0215
2011-05-03,2966.69,2977.98,2980.52,2941.47,303896.0,星期二,-0.0002,0.0038
2011-04-29,2949.22,2967.38,2969.01,2925.84,336819.0,星期五,-0.0004,0.0062
2011-04-28,2989.77,2950.46,3013.42,2948.93,389113.0,星期四,0.0061,-0.0131
2011-04-27,2994.98,2971.78,3010.78,2954.49,352528.0,星期三,0.0041,-0.0077
2011-04-26,2991.03,2982.63,3005.02,2969.29,325848.0,星期二,-0.0019,-0.0028
2011-04-25,3029.57,2996.74,3029.57,2992.98,396238.0,星期一,-0.0019,-0.0108
2011-04-22,3050.17,3035.24,3060.88,3027.5,362521.0,星期五,0.0002,-0.0049
2011-04-21,3046.04,3049.65,3066.6,3036.71,380651.0,星期四,0.0053,0.0012
2011-04-20,3043.89,3029.96,3053.22,3018.06,371104.0,星期三,0.0013,-0.0046
2011-04-19,3079.05,3039.9,3079.05,3037.76,437650.0,星期二,-0.0068,-0.0127
2011-04-18,3085.26,3100.16,3115.34,3077.89,481152.0,星期一,-0.0039,0.0048
2011-04-15,3079.71,3097.32,3114.87,3063.03,458349.0,星期五,-0.0026,0.0057
2011-04-14,3109.54,3087.88,3116.88,3082.03,526368.0,星期四,0.0008,-0.007
2011-04-13,3045.68,3107.1,3107.1,3034.77,509035.0,星期三,-0.005,0.0202
2011-04-12,3056.37,3061.07,3081.52,3044.29,595087.0,星期二,-0.0026,0.0015
2011-04-11,3091.01,3064.39,3114.79,3063.11,618252.0,星期一,0.0027,-0.0086
2011-04-08,3062.63,3082.78,3085.09,3055.52,401784.0,星期五,-0.0013,0.0066
2011-04-07,3056.84,3066.62,3075.36,3048.84,521000.0,星期四,0.001,0.0032
2011-04-06,3007.94,3053.67,3059.89,3007.94,698563.0,星期三,0.0,0.0152
2011-04-01,2956.39,3007.85,3007.94,2954.89,351554.0,星期五,0.0004,0.0174
2011-03-31,2982.91,2955.12,2991.33,2943.22,317467.0,星期四,0.0005,-0.0093
2011-03-30,2982.33,2981.42,3003.0,2960.86,432809.0,星期三,-0.0,-0.0003
2011-03-29,3000.07,2982.41,3026.7,2981.22,564688.0,星期二,0.0002,-0.0059
2011-03-28,3011.97,2999.46,3035.4,2996.5,520417.0,星期一,0.0046,-0.0042
2011-03-25,2961.62,2998.2,3008.33,2959.53,470345.0,星期五,0.0016,0.0124
2011-03-24,2974.3,2956.84,2977.4,2955.52,290010.0,星期四,0.0014,-0.0059
2011-03-23,2936.47,2970.27,2973.64,2931.68,381461.0,星期三,-0.0004,0.0115
2011-03-22,2926.93,2937.75,2943.48,2892.04,314286.0,星期二,0.0038,0.0037
2011-03-21,2925.14,2915.9,2941.38,2904.75,298444.0,星期一,0.0023,-0.0032
2011-03-18,2931.1,2918.41,2939.59,2910.77,322330.0,星期五,0.0102,-0.0043
2011-03-17,2913.05,2901.52,2937.6,2891.63,424020.0,星期四,-0.0097,-0.004
2011-03-16,2903.06,2941.62,2944.94,2902.87,381377.0,星期三,0.0007,0.0133
2011-03-15,2942.44,2900.94,2942.44,2854.59,495450.0,星期二,-0.0039,-0.0141
2011-03-14,2938.17,2954.1,2957.67,2929.66,320774.0,星期一,-0.0024,0.0054
2011-03-11,2964.13,2945.27,2984.14,2938.09,345728.0,星期五,-0.0053,-0.0064
2011-03-10,3031.48,2979.86,3031.48,2978.93,438842.0,星期四,-0.0028,-0.017
2011-03-09,3045.02,3040.1,3058.53,3026.8,448542.0,星期三,0.0024,-0.0016
2011-03-08,3039.58,3037.59,3049.4,3015.2,461475.0,星期二,0.0005,-0.0007
2011-03-07,2993.67,3038.18,3042.57,2993.67,679797.0,星期一,0.0055,0.0149
2011-03-04,2934.57,2977.28,2980.94,2930.69,464696.0,星期五,0.0005,0.0146
2011-03-03,2942.36,2933.23,2978.23,2932.37,660147.0,星期四,0.002,-0.0031
2011-03-02,2922.65,2936.52,2948.84,2903.08,473894.0,星期三,-0.0056,0.0047
2011-03-01,2924.77,2939.08,2957.55,2920.8,476483.0,星期二,0.0004,0.0049
2011-02-28,2891.49,2923.64,2925.6,2872.48,397274.0,星期一,0.0009,0.0111
2011-02-25,2880.42,2888.77,2906.46,2856.58,328920.0,星期五,-0.0001,0.0029
2011-02-24,2864.48,2880.6,2885.66,2850.53,353121.0,星期四,-0.0014,0.0056
2011-02-23,2854.44,2868.47,2874.31,2845.72,397319.0,星期三,-0.0033,0.0049
2011-02-22,2956.85,2863.92,2958.85,2862.73,599401.0,星期二,0.0029,-0.0314
2011-02-21,2900.02,2948.19,2948.72,2897.51,434819.0,星期一,-0.0057,0.0166
2011-02-18,2940.9,2916.64,2944.79,2910.15,388864.0,星期五,-0.0015,-0.0082
2011-02-17,2957.27,2945.24,2968.4,2924.51,474428.0,星期四,0.0016,-0.0041
2011-02-16,2927.08,2952.63,2952.87,2909.34,510963.0,星期三,-0.0024,0.0087
2011-02-15,2946.15,2934.13,2974.53,2932.08,648620.0,星期二,0.0013,-0.0041
2011-02-14,2845.26,2942.19,2949.15,2845.26,746234.0,星期一,0.0003,0.0341
2011-02-11,2829.44,2844.27,2855.41,2823.04,412341.0,星期五,-0.0018,0.0052
2011-02-10,2778.24,2834.56,2836.15,2768.55,345655.0,星期四,-0.0022,0.0203
2011-02-09,2799.47,2784.41,2828.89,2778.48,319038.0,星期三,-0.0065,-0.0054
2011-02-01,2824.87,2817.68,2826.19,2803.95,267928.0,星期二,0.0026,-0.0025
2011-01-31,2784.88,2817.62,2818.17,2781.48,365999.0,星期一,-0.0004,0.0118
2011-01-28,2780.12,2785.89,2795.91,2765.23,351058.0,星期五,-0.0025,0.0021
2011-01-27,2723.33,2787.16,2795.76,2707.41,477263.0,星期四,-0.0088,0.0234
2011-01-26,2718.68,2747.49,2752.4,2718.18,242793.0,星期三,0.0006,0.0106
2011-01-25,2721.25,2716.99,2734.05,2699.9,287877.0,星期二,-0.0011,-0.0016
2011-01-24,2743.91,2724.34,2759.69,2713.34,372126.0,星期一,0.0007,-0.0071
2011-01-21,2694.57,2742.01,2789.03,2694.57,432142.0,星期五,-0.0026,0.0176
2011-01-20,2783.44,2701.46,2783.44,2701.29,355788.0,星期四,-0.0024,-0.0295
2011-01-19,2736.59,2790.02,2790.73,2726.32,324088.0,星期三,0.0004,0.0195
2011-01-18,2725.12,2735.55,2744.14,2711.14,251048.0,星期二,-0.0021,0.0038
2011-01-17,2809.53,2730.79,2821.22,2723.79,402301.0,星期一,-0.0081,-0.028
2011-01-14,2860.38,2832.49,2860.38,2824.29,311773.0,星期五,-0.0039,-0.0098
2011-01-13,2883.21,2871.58,2885.34,2858.56,320135.0,星期四,0.0036,-0.004
2011-01-12,2862.03,2872.91,2881.51,2833.27,361833.0,星期三,0.0033,0.0038
2011-01-11,2816.28,2852.53,2860.11,2813.96,349947.0,星期二,-0.0038,0.0129
2011-01-10,2867.11,2826.92,2890.68,2823.4,395240.0,星期一,-0.0022,-0.014
2011-01-07,2849.3,2873.52,2912.67,2831.52,548673.0,星期五,-0.0004,0.0085
2011-01-06,2871.66,2850.58,2888.89,2842.11,316368.0,星期四,0.0003,-0.0073
2011-01-05,2867.64,2870.77,2888.91,2858.6,468030.0,星期三,-0.0066,0.0011
2011-01-04,2856.02,2886.61,2891.17,2843.55,493847.0,星期二,0.0091,0.0107
2010-12-31,2784.31,2830.34,2831.96,2780.86,359694.0,星期五,0.0016,0.0165
2010-12-30,2783.42,2779.79,2795.49,2747.17,319965.0,星期四,0.0003,-0.0013
2010-12-29,2779.27,2782.66,2787.7,2754.97,264539.0,星期三,0.0015,0.0012
2010-12-28,2807.16,2775.0,2816.67,2773.63,314829.0,星期二,-0.0041,-0.0115
2010-12-27,2886.5,2818.73,2920.37,2812.41,401389.0,星期一,0.0056,-0.0235
2010-12-24,2867.08,2870.52,2888.41,2847.47,300518.0,星期五,-0.0059,0.0012
2010-12-23,2895.29,2884.16,2928.58,2877.06,346090.0,星期四,-0.0015,-0.0038
2010-12-22,2937.11,2899.6,2947.06,2886.87,368557.0,星期三,0.0011,-0.0128
2010-12-21,2868.63,2933.9,2936.59,2856.91,438863.0,星期二,0.0025,0.0228
2010-12-20,2918.38,2861.6,2927.71,2816.44,375803.0,星期一,0.0038,-0.0195
2010-12-17,2914.64,2907.26,2915.05,2896.12,236997.0,星期五,-0.0001,-0.0025
2010-12-16,2934.14,2914.88,2941.19,2909.49,313220.0,星期四,0.0002,-0.0066
2010-12-15,2954.05,2933.65,2965.63,2930.26,384091.0,星期三,0.0003,-0.0069
2010-12-14,2960.37,2953.07,2969.34,2943.94,463789.0,星期二,0.0023,-0.0025
2010-12-13,2877.71,2953.61,2953.75,2872.42,571808.0,星期一,0.0039,0.0264
2010-12-10,2820.72,2866.67,2875.69,2815.7,319184.0,星期五,-0.0043,0.0163
2010-12-09,2855.05,2832.95,2875.71,2831.14,368713.0,星期四,-0.0048,-0.0077
2010-12-08,2895.04,2868.96,2911.02,2864.87,336798.0,星期三,-0.0024,-0.009
2010-12-07,2862.49,2901.99,2915.7,2830.6,333735.0,星期二,-0.0045,0.0138
2010-12-06,2861.93,2875.33,2889.55,2850.21,336873.0,星期一,0.0037,0.0047
2010-12-03,2849.4,2851.32,2862.23,2833.09,255882.0,星期五,0.0025,0.0007
2010-12-02,2870.93,2842.2,2876.74,2841.43,320704.0,星期四,0.016,-0.01
2010-12-01,2813.98,2825.64,2836.35,2801.5,237620.0,星期三,-0.0027,0.0041
2010-11-30,2866.24,2821.46,2880.81,2763.23,427556.0,星期二,-0.0013,-0.0156
2010-11-29,2866.63,2870.0,2886.21,2846.89,294115.0,星期一,-0.0043,0.0012
2010-11-26,2898.29,2878.97,2908.23,2861.5,335124.0,星期五,-0.0028,-0.0067
2010-11-25,2882.3,2906.46,2908.84,2852.07,445055.0,星期四,0.0068,0.0084
2010-11-24,2797.04,2862.85,2872.36,2797.04,408371.0,星期三,-0.0051,0.0235
2010-11-23,2854.98,2811.36,2854.98,2775.82,403203.0,星期二,-0.0044,-0.0153
2010-11-22,2856.74,2867.68,2896.05,2846.4,401948.0,星期一,-0.0103,0.0038
2010-11-19,2887.81,2886.44,2890.23,2798.05,454171.0,星期五,0.0063,-0.0005
2010-11-18,2859.04,2869.75,2881.11,2830.17,367117.0,星期四,0.0093,0.0037
2010-11-17,2835.16,2832.7,2881.42,2818.43,471729.0,星期三,-0.014,-0.0009
2010-11-16,2999.28,2875.42,2999.28,2865.47,592179.0,星期二,-0.0018,-0.0413
2010-11-15,3008.62,3004.56,3023.9,2947.99,617596.0,星期一,0.0023,-0.0013
2010-11-12,3166.26,3001.68,3177.83,2995.26,926178.0,星期五,-0.0067,-0.052
2010-11-11,3156.73,3187.64,3225.67,3150.13,797027.0,星期四,-0.0006,0.0098
2010-11-10,3177.4,3158.49,3177.4,3138.2,636885.0,星期三,-0.0061,-0.006
2010-11-09,3237.52,3196.93,3237.52,3176.87,621336.0,星期二,-0.0002,-0.0125
2010-11-08,3231.85,3238.25,3240.59,3205.93,650047.0,星期一,0.0038,0.002
2010-11-05,3244.98,3219.76,3259.74,3199.61,743156.0,星期五,0.0173,-0.0078
2010-11-04,3152.63,3189.64,3190.84,3147.55,622466.0,星期四,0.0016,0.0117
2010-11-03,3166.21,3147.53,3191.8,3126.88,743070.0,星期三,-0.0001,-0.0059
2010-11-02,3190.28,3166.61,3216.71,3140.58,811917.0,星期二,0.0039,-0.0074
2010-11-01,3111.57,3177.82,3177.82,3111.57,657327.0,星期一,0.0029,0.0213
2010-10-29,3141.17,3102.58,3143.64,3085.67,532381.0,星期五,0.0006,-0.0123
2010-10-28,3132.6,3139.37,3160.28,3114.67,530031.0,星期四,-0.0037,0.0022
2010-10-27,3189.4,3144.33,3232.03,3140.31,636969.0,星期三,-0.0049,-0.0141
2010-10-26,3239.07,3205.16,3248.85,3180.05,782488.0,星期二,0.0033,-0.0105
2010-10-25,3139.4,3228.57,3229.19,3111.67,780857.0,星期一,0.0024,0.0284
2010-10-22,3129.01,3131.92,3164.99,3106.43,576462.0,星期五,-0.0035,0.0009
2010-10-21,3190.41,3139.98,3200.13,3114.52,707823.0,星期四,0.0017,-0.0158
2010-10-20,3105.46,3185.07,3229.17,3103.69,998310.0,星期三,-0.0197,0.0256
2010-10-19,3101.52,3167.81,3167.84,3077.53,762309.0,星期二,-0.0019,0.0214
2010-10-18,3143.94,3107.42,3201.02,3100.96,1364042.0,星期一,0.0068,-0.0116
2010-10-15,2986.36,3122.81,3122.81,2981.03,1290080.0,星期五,-0.0057,0.0457
2010-10-14,3005.85,3003.44,3060.22,2992.85,1165243.0,星期四,0.0112,-0.0008
2010-10-13,2924.2,2972.54,2974.08,2918.1,807408.0,星期三,0.0011,0.0165
2010-10-12,2877.58,2921.11,2922.59,2863.17,733126.0,星期二,-0.0035,0.0151
2010-10-11,2811.53,2887.75,2907.72,2811.53,933500.0,星期一,0.008,0.0271
2010-10-08,2710.74,2789.09,2798.63,2709.89,566587.0,星期五,0.0103,0.0289
2010-09-30,2611.73,2683.14,2684.08,2609.97,357150.0,星期四,-0.0055,0.0273
2010-09-29,2620.99,2626.22,2656.88,2620.17,317797.0,星期三,-0.0019,0.002
2010-09-28,2647.71,2625.85,2647.71,2621.08,319109.0,星期二,-0.0022,-0.0083
2010-09-27,2632.5,2653.46,2654.4,2625.5,256799.0,星期一,0.0034,0.008
2010-09-21,2624.8,2623.58,2634.01,2612.88,169269.0,星期二,0.0038,-0.0005
2010-09-20,2618.31,2614.81,2633.48,2593.49,235514.0,星期一,0.0013,-0.0013
2010-09-17,2621.92,2614.79,2629.78,2604.87,262477.0,星期五,0.0029,-0.0027
2010-09-16,2661.17,2614.29,2668.67,2593.87,382638.0,星期四,-0.0015,-0.0176
2010-09-15,2713.91,2665.14,2713.91,2658.78,330464.0,星期三,0.0003,-0.018
2010-09-14,2717.06,2713.2,2731.36,2704.29,334422.0,星期二,0.003,-0.0014
2010-09-13,2690.72,2709.01,2726.6,2680.87,329359.0,星期一,-0.0001,0.0068
2010-09-10,2694.34,2691.02,2703.51,2659.15,304709.0,星期五,0.0006,-0.0012
2010-09-09,2754.11,2692.79,2754.11,2688.24,401577.0,星期四,0.0015,-0.0223
2010-09-08,2751.94,2750.09,2751.94,2730.91,377030.0,星期三,-0.0046,-0.0007
2010-09-07,2769.72,2764.7,2778.73,2749.12,358348.0,星期二,0.0015,-0.0018
2010-09-06,2718.98,2765.63,2770.67,2718.7,517072.0,星期一,0.0054,0.0172
2010-09-03,2714.88,2704.31,2715.89,2680.27,359293.0,星期五,0.0014,-0.0039
2010-09-02,2718.6,2710.98,2724.13,2700.35,355090.0,星期四,0.0131,-0.0028
2010-09-01,2695.93,2683.49,2726.25,2662.09,413105.0,星期三,0.0017,-0.0046
2010-08-31,2700.83,2691.32,2703.18,2680.36,336530.0,星期二,-0.0035,-0.0035
2010-08-30,2679.81,2710.3,2718.45,2676.62,341424.0,星期一,0.0049,0.0114
2010-08-27,2659.44,2666.77,2668.69,2645.59,206821.0,星期五,-0.0008,0.0028
2010-08-26,2669.39,2661.52,2682.23,2650.58,223457.0,星期四,0.0039,-0.0029
2010-08-25,2705.67,2659.02,2715.57,2658.25,323457.0,星期三,-0.0059,-0.0172
2010-08-24,2710.14,2721.77,2744.68,2684.08,292081.0,星期二,-0.0015,0.0043
2010-08-23,2716.71,2714.33,2740.68,2707.24,239674.0,星期一,-0.0009,-0.0009
2010-08-20,2750.79,2719.06,2765.03,2714.01,376851.0,星期五,-0.004,-0.0115
2010-08-19,2744.87,2761.74,2778.57,2732.93,417335.0,星期四,0.0019,0.0061
2010-08-18,2748.68,2739.74,2768.2,2733.27,352391.0,星期三,0.0011,-0.0033
2010-08-17,2730.84,2745.7,2752.33,2722.13,395912.0,星期二,0.0018,0.0054
2010-08-16,2660.25,2726.06,2731.06,2652.2,416662.0,星期一,-0.0019,0.0247
2010-08-13,2635.38,2665.44,2666.35,2617.2,322845.0,星期五,0.0004,0.0114
2010-08-12,2644.14,2634.21,2675.77,2629.17,308590.0,星期四,-0.0088,-0.0038
2010-08-11,2648.51,2667.72,2682.58,2648.51,300138.0,星期三,-0.003,0.0073
2010-08-10,2734.29,2656.39,2737.73,2655.63,411012.0,星期二,0.0007,-0.0285
2010-08-09,2712.99,2732.36,2738.01,2707.15,367939.0,星期一,-0.0021,0.0071
2010-08-06,2678.66,2718.72,2720.52,2652.18,371004.0,星期五,-0.0006,0.015
2010-08-05,2713.25,2680.33,2713.25,2666.48,343044.0,星期四,-0.0005,-0.0121
2010-08-04,2701.79,2714.74,2717.6,2665.08,363969.0,星期三,-0.0024,0.0048
2010-08-03,2762.09,2708.23,2766.07,2708.03,414481.0,星期二,0.0022,-0.0195
2010-08-02,2710.72,2756.08,2761.61,2709.3,367246.0,星期一,-0.0007,0.0167
2010-07-30,2717.2,2712.59,2719.64,2692.05,318868.0,星期五,-0.0022,-0.0017
2010-07-29,2715.38,2723.28,2734.58,2701.59,538110.0,星期四,0.0008,0.0029
2010-07-28,2648.28,2713.22,2715.46,2637.11,420656.0,星期三,0.0007,0.0245
2010-07-27,2656.15,2646.36,2662.23,2638.38,236332.0,星期二,-0.0028,-0.0037
2010-07-26,2658.6,2663.73,2669.63,2633.41,257062.0,星期一,0.0015,0.0019
2010-07-23,2645.83,2654.51,2668.91,2634.49,352590.0,星期五,0.0022,0.0033
2010-07-22,2602.2,2640.02,2642.82,2598.14,304321.0,星期四,-0.0035,0.0145
2010-07-21,2607.81,2611.25,2628.45,2598.3,374038.0,星期三,0.0009,0.0013
2010-07-20,2559.34,2605.34,2611.94,2559.34,397141.0,星期二,0.0008,0.018
2010-07-19,2474.57,2557.23,2566.28,2468.58,298009.0,星期一,-0.0086,0.0334
2010-07-16,2481.09,2496.1,2502.13,2460.86,203926.0,星期五,-0.0043,0.006
2010-07-15,2527.88,2491.77,2557.71,2490.73,217833.0,星期四,-0.0012,-0.0143
2010-07-14,2519.78,2530.88,2559.91,2518.95,256351.0,星期三,0.0022,0.0044
2010-07-13,2525.94,2514.21,2527.73,2499.27,218332.0,星期二,-0.0104,-0.0046
2010-07-12,2524.35,2552.42,2564.11,2513.37,309699.0,星期一,-0.0004,0.0111
2010-07-09,2463.03,2525.39,2542.0,2442.89,308816.0,星期五,0.0012,0.0253
2010-07-08,2474.84,2460.0,2485.83,2451.65,168565.0,星期四,0.0042,-0.006
2010-07-07,2451.03,2464.37,2464.37,2437.7,179994.0,星期三,-0.0009,0.0054
2010-07-06,2405.7,2453.28,2454.69,2402.65,215789.0,星期二,-0.0028,0.0198
2010-07-05,2408.2,2412.37,2429.22,2379.99,185562.0,星期一,-0.0098,0.0017
2010-07-02,2413.72,2432.14,2438.54,2372.07,243339.0,星期五,-0.001,0.0076
2010-07-01,2439.49,2416.12,2455.21,2414.22,168345.0,星期四,-0.0022,-0.0096
2010-06-30,2449.56,2444.99,2457.94,2433.41,200785.0,星期三,-0.0066,-0.0019
2010-06-29,2577.83,2465.86,2583.29,2465.2,269028.0,星期二,0.0004,-0.0434
2010-06-28,2587.33,2576.91,2606.83,2571.86,162338.0,星期一,-0.0005,-0.004
2010-06-25,2585.47,2588.7,2606.83,2570.13,170048.0,星期五,-0.0047,0.0012
2010-06-24,2590.61,2597.69,2624.37,2579.38,152620.0,星期四,-0.0025,0.0027
2010-06-23,2608.4,2597.02,2624.6,2575.62,180018.0,星期三,-0.005,-0.0044
2010-06-22,2613.21,2621.46,2632.78,2606.91,200981.0,星期二,-0.0037,0.0032
2010-06-21,2545.13,2622.79,2628.96,2534.98,330959.0,星期一,0.0028,0.0305
2010-06-18,2560.58,2537.94,2583.33,2530.27,211429.0,星期五,-0.0002,-0.0088
2010-06-17,2582.84,2561.01,2588.37,2560.69,160825.0,星期四,0.0072,-0.0085
2010-06-11,2567.99,2564.28,2588.2,2561.01,204019.0,星期五,0.0057,-0.0014
2010-06-10,2564.19,2553.42,2578.28,2551.19,218175.0,星期四,-0.0114,-0.0042
2010-06-09,2521.42,2593.68,2601.15,2494.75,335369.0,星期三,0.0047,0.0287
2010-06-08,2515.31,2509.62,2533.92,2488.18,172139.0,星期二,-0.0002,-0.0023
2010-06-07,2525.51,2515.87,2540.64,2501.65,213908.0,星期一,-0.0173,-0.0038
2010-06-04,2554.47,2569.91,2573.45,2545.26,173606.0,星期五,-0.0047,0.006
2010-06-03,2595.42,2566.66,2611.68,2566.0,202995.0,星期四,0.0039,-0.0111
2010-06-02,2566.01,2585.32,2585.74,2538.39,209436.0,星期三,-0.0061,0.0075
2010-06-01,2591.91,2581.84,2619.67,2559.06,244009.0,星期二,-0.0055,-0.0039
2010-05-31,2660.22,2606.31,2678.8,2605.12,239007.0,星期一,-0.0058,-0.0203
2010-05-28,2712.02,2675.69,2718.34,2662.37,253556.0,星期五,0.0087,-0.0134
2010-05-27,2645.74,2688.67,2695.58,2610.29,271327.0,星期四,-0.0023,0.0162
2010-05-26,2655.56,2651.71,2674.91,2638.16,196850.0,星期三,0.0014,-0.0014
2010-05-25,2699.59,2651.87,2701.5,2640.98,286909.0,星期二,-0.0078,-0.0177
2010-05-24,2647.88,2720.86,2736.68,2647.88,409769.0,星期一,0.0063,0.0276
2010-05-21,2531.45,2631.33,2632.21,2524.12,298058.0,星期五,-0.0244,0.0395
2010-05-20,2607.15,2594.74,2656.77,2589.76,232272.0,星期四,-0.0084,-0.0048
2010-05-19,2621.31,2629.11,2668.03,2595.27,244365.0,星期三,-0.0076,0.003
2010-05-18,2583.13,2641.5,2651.46,2567.66,307098.0,星期二,0.0002,0.0226
2010-05-17,2681.61,2582.65,2681.61,2578.89,294752.0,星期一,-0.013,-0.0369
2010-05-14,2723.35,2717.01,2737.01,2705.38,220725.0,星期五,-0.0078,-0.0023
2010-05-13,2685.23,2744.71,2746.1,2683.37,328187.0,星期四,-0.0003,0.0222
2010-05-12,2633.96,2685.94,2688.02,2614.02,309268.0,星期三,-0.0063,0.0197
2010-05-11,2756.47,2650.55,2761.3,2639.8,328847.0,星期二,0.0203,-0.0384
2010-05-10,2672.3,2701.6,2714.06,2647.74,263833.0,星期一,0.0029,0.011
2010-05-07,2658.67,2664.69,2710.51,2640.17,342314.0,星期五,-0.0195,0.0023
2010-05-06,2828.2,2711.48,2828.2,2709.75,318299.0,星期四,-0.0087,-0.0413
2010-05-05,2811.14,2852.96,2853.59,2769.39,336898.0,星期三,-0.0129,0.0149
2010-05-04,2847.8,2847.9,2882.68,2836.57,232477.0,星期二,-0.0201,0.0
2010-04-30,2885.38,2906.3,2907.17,2860.93,303565.0,星期五,0.002,0.0073
2010-04-29,2907.57,2879.55,2924.38,2879.02,244976.0,星期四,0.0061,-0.0096
2010-04-28,2871.77,2889.84,2907.52,2854.3,239778.0,星期三,-0.0076,0.0063
2010-04-27,2944.56,2893.67,2944.56,2854.61,363902.0,星期二,-0.0023,-0.0173
2010-04-26,2979.2,2951.27,2988.86,2948.75,274766.0,星期一,0.0017,-0.0094
2010-04-23,2985.49,2974.23,3007.65,2955.06,326824.0,星期五,-0.001,-0.0038
2010-04-22,3020.53,2988.35,3020.53,2969.03,386216.0,星期四,-0.0051,-0.0107
2010-04-21,2991.03,3036.09,3036.75,2969.1,350322.0,星期三,0.0013,0.0151
2010-04-20,3008.98,2987.13,3025.7,2954.6,356711.0,星期二,0.0006,-0.0073
2010-04-19,3138.61,3007.11,3138.61,3005.2,529820.0,星期一,-0.0133,-0.0419
2010-04-16,3218.95,3180.94,3218.95,3179.59,250958.0,星期五,-0.0019,-0.0118
2010-04-15,3233.32,3224.94,3237.65,3195.87,320571.0,星期四,0.0014,-0.0026
2010-04-14,3228.79,3228.64,3233.6,3210.37,303651.0,星期三,0.0007,-0.0
2010-04-13,3174.29,3226.63,3234.8,3167.46,417843.0,星期二,-0.0004,0.0165
2010-04-12,3222.63,3175.46,3227.83,3156.3,383435.0,星期一,0.0022,-0.0146
2010-04-09,3191.48,3215.71,3216.12,3183.68,249456.0,星期五,0.0009,0.0076
2010-04-08,3233.01,3188.67,3233.01,3176.52,323369.0,星期四,-0.0017,-0.0137
2010-04-07,3257.82,3238.58,3258.15,3220.96,286434.0,星期三,-0.0008,-0.0059
2010-04-06,3278.0,3260.27,3291.88,3245.01,337305.0,星期二,0.0047,-0.0054
2010-04-02,3263.16,3262.55,3270.5,3250.58,358411.0,星期五,0.0024,-0.0002
2010-04-01,3220.65,3255.23,3258.45,3220.65,356967.0,星期四,0.0011,0.0107
2010-03-31,3243.26,3217.11,3244.65,3210.43,294682.0,星期三,0.001,-0.0081
2010-03-30,3237.18,3240.15,3245.77,3222.77,298563.0,星期二,0.0005,0.0009
2010-03-29,3165.78,3235.45,3241.8,3162.05,554711.0,星期一,0.0068,0.022
2010-03-26,3097.33,3144.34,3156.61,3090.8,272121.0,星期五,-0.0006,0.0152
2010-03-25,3138.11,3099.26,3138.11,3093.38,225471.0,星期四,-0.0022,-0.0124
2010-03-24,3152.52,3145.13,3171.65,3140.88,229062.0,星期三,0.0021,-0.0023
2010-03-23,3176.33,3145.85,3179.21,3144.07,238019.0,星期二,0.001,-0.0096
2010-03-22,3170.15,3173.29,3190.12,3163.23,263151.0,星期一,0.0012,0.001
2010-03-19,3146.16,3166.38,3169.05,3126.27,228246.0,星期五,0.001,0.0064
2010-03-18,3156.09,3143.01,3172.62,3133.86,226355.0,星期四,0.0008,-0.0041
2010-03-17,3098.38,3153.66,3153.76,3090.26,235679.0,星期三,0.0029,0.0178
2010-03-16,3066.2,3089.38,3089.66,3055.8,156651.0,星期二,0.0002,0.0076
2010-03-15,3116.45,3065.54,3118.76,3055.88,201630.0,星期一,-0.0003,-0.0163
2010-03-12,3158.06,3117.54,3165.02,3115.85,206680.0,星期五,0.0003,-0.0128
2010-03-11,3155.67,3157.26,3179.31,3133.66,250187.0,星期四,0.0017,0.0005
2010-03-10,3166.58,3150.38,3187.4,3141.69,228985.0,星期三,-0.0005,-0.0051
2010-03-09,3145.08,3168.14,3185.66,3119.16,281953.0,星期二,-0.0001,0.0073
2010-03-08,3129.62,3145.39,3153.64,3119.31,197793.0,星期一,0.0024,0.005
2010-03-05,3117.77,3122.21,3136.39,3107.81,209502.0,星期五,0.0009,0.0014
2010-03-04,3188.93,3114.95,3194.04,3110.85,306786.0,星期四,0.001,-0.0232
2010-03-03,3170.43,3185.79,3186.45,3149.25,256701.0,星期三,0.0005,0.0048
2010-03-02,3182.02,3168.94,3196.98,3158.3,251416.0,星期二,0.001,-0.0041
2010-03-01,3142.04,3178.92,3184.08,3141.17,285409.0,星期一,0.0028,0.0117
2010-02-26,3141.06,3133.17,3154.52,3128.6,235243.0,星期五,-0.0019,-0.0025
2010-02-25,3108.88,3147.02,3150.2,3105.6,351371.0,星期四,0.0021,0.0123
2010-02-24,3043.65,3102.24,3102.62,3033.58,239797.0,星期三,-0.0069,0.0192
2010-02-23,3105.53,3064.92,3105.53,3028.43,218310.0,星期二,-0.0027,-0.0131
2010-02-22,3132.84,3113.94,3145.21,3113.18,196866.0,星期一,-0.0013,-0.006
2010-02-12,3120.69,3136.9,3138.78,3116.76,188220.0,星期五,0.0047,0.0052
2010-02-11,3099.93,3105.98,3122.46,3091.41,200841.0,星期四,0.0005,0.002
2010-02-10,3080.55,3098.42,3098.68,3070.61,177954.0,星期三,0.0079,0.0058
2010-02-09,3035.75,3056.43,3064.81,3032.67,158990.0,星期二,-0.0004,0.0068
2010-02-08,3042.74,3037.05,3060.89,3022.53,179381.0,星期一,-0.0001,-0.0019
2010-02-05,3036.14,3043.19,3063.9,3021.99,271731.0,星期五,-0.0215,0.0023
2010-02-04,3097.96,3102.91,3124.6,3083.39,275707.0,星期四,-0.0083,0.0016
2010-02-03,3048.82,3123.84,3124.37,2997.94,360898.0,星期三,0.0054,0.0246
2010-02-02,3052.17,3032.47,3097.46,3028.96,273237.0,星期二,0.0059,-0.0065
2010-02-01,3076.73,3034.22,3077.06,2999.27,318633.0,星期一,-0.0019,-0.0138
2010-01-29,3076.13,3082.68,3129.29,3063.42,280525.0,星期五,-0.0052,0.0021
2010-01-28,3095.94,3092.1,3109.45,3061.17,282803.0,星期四,-0.0008,-0.0012
2010-01-27,3153.95,3098.51,3163.52,3087.86,325734.0,星期三,0.0006,-0.0176
2010-01-26,3214.95,3151.94,3227.2,3131.29,377680.0,星期二,0.0003,-0.0196
2010-01-25,3221.57,3213.84,3258.07,3212.12,340226.0,星期一,-0.0092,-0.0024
2010-01-22,3226.63,3251.4,3277.28,3174.68,560190.0,星期五,-0.0131,0.0077
2010-01-21,3252.55,3269.49,3285.22,3225.73,410078.0,星期四,0.0012,0.0052
2010-01-20,3358.56,3248.55,3362.32,3243.45,509648.0,星期三,0.0015,-0.0328
2010-01-19,3347.51,3353.37,3375.0,3341.63,412573.0,星期二,0.0016,0.0018
2010-01-18,3323.95,3342.28,3342.98,3307.88,450199.0,星期一,-0.0043,0.0055
2010-01-15,3332.4,3338.43,3359.61,3304.07,386538.0,星期五,0.0005,0.0018
2010-01-14,3306.54,3330.58,3335.1,3274.6,452864.0,星期四,0.0041,0.0073
2010-01-13,3340.99,3292.88,3364.45,3288.42,709425.0,星期三,-0.0252,-0.0144
2010-01-12,3374.5,3427.33,3429.44,3329.54,559039.0,星期二,-0.0028,0.0157
2010-01-11,3521.26,3383.81,3521.26,3368.07,566686.0,星期一,0.0395,-0.039
2010-01-08,3367.63,3387.39,3389.86,3337.81,336293.0,星期五,-0.0042,0.0059
2010-01-07,3451.73,3381.69,3466.2,3362.62,456494.0,星期四,0.0003,-0.0203
2010-01-06,3476.39,3450.72,3497.56,3450.07,439362.0,星期三,-0.0015,-0.0074
2010-01-05,3464.9,3481.76,3502.23,3410.65,502471.0,星期二,0.0033,0.0049
2010-01-04,3522.57,3453.61,3528.18,3453.58,390150.0,星期一,0.0047,-0.0196
2009-12-31,3494.95,3506.16,3514.1,3476.74,427914.0,星期四,0.0011,0.0032
2009-12-30,3416.18,3491.12,3495.11,3410.51,602672.0,星期三,0.0013,0.0219
2009-12-29,3387.46,3411.75,3412.52,3362.36,319650.0,星期二,0.001,0.0072
2009-12-28,3340.05,3384.18,3401.56,3340.05,312006.0,星期一,0.0022,0.0132
2009-12-25,3349.54,3332.71,3357.14,3324.66,248534.0,星期五,-0.0018,-0.005
2009-12-24,3272.79,3355.64,3362.51,3263.96,380115.0,星期四,0.0031,0.0253
2009-12-23,3239.95,3262.83,3273.06,3225.58,294822.0,星期三,-0.0003,0.0071
2009-12-22,3330.09,3240.87,3332.99,3231.97,331252.0,星期二,0.0016,-0.0268
2009-12-21,3322.15,3324.74,3339.07,3284.79,299868.0,星期一,-0.002,0.0008
2009-12-18,3370.9,3328.65,3380.24,3318.71,406187.0,星期五,-0.0081,-0.0125
2009-12-17,3476.79,3398.32,3488.82,3393.42,374004.0,星期四,0.003,-0.0226
2009-12-16,3472.1,3466.31,3519.05,3457.91,332256.0,星期三,-0.0051,-0.0017
2009-12-15,3502.41,3489.86,3527.62,3484.16,398971.0,星期二,-0.0059,-0.0036
2009-12-14,3467.42,3523.25,3539.29,3394.36,518141.0,星期一,-0.0014,0.0161
2009-12-11,3487.41,3472.37,3514.03,3468.0,291696.0,星期五,0.0031,-0.0043
2009-12-10,3481.31,3476.79,3502.01,3446.13,328599.0,星期四,0.0074,-0.0013
2009-12-09,3480.3,3455.69,3503.32,3445.93,389952.0,星期三,-0.0127,-0.0071
2009-12-08,3580.57,3525.04,3581.22,3495.34,476350.0,星期二,0.0006,-0.0155
2009-12-07,3563.39,3578.53,3587.57,3547.88,566796.0,星期一,0.001,0.0042
2009-12-04,3457.38,3559.96,3560.85,3437.4,855224.0,星期五,-0.0026,0.0297
2009-12-03,3479.99,3466.52,3481.51,3430.86,481512.0,星期四,-0.0002,-0.0039
2009-12-02,3470.1,3480.68,3495.29,3458.78,544289.0,星期三,0.0045,0.003
2009-12-01,3409.48,3454.68,3460.31,3378.98,574724.0,星期二,-0.0018,0.0133
2009-11-30,3327.13,3415.79,3415.99,3326.84,474890.0,星期一,0.0097,0.0266
2009-11-27,3351.6,3295.32,3384.75,3282.4,498127.0,星期五,-0.0117,-0.0168
2009-11-26,3541.94,3391.41,3551.3,3381.04,740549.0,星期四,0.0012,-0.0425
2009-11-25,3463.38,3537.86,3538.52,3425.71,682578.0,星期三,-0.0013,0.0215
2009-11-24,3582.21,3467.9,3601.21,3459.61,811175.0,星期二,0.0044,-0.0319
2009-11-23,3548.94,3566.69,3567.63,3531.99,472174.0,星期一,0.0016,0.005
2009-11-20,3548.42,3543.3,3570.5,3513.87,504254.0,星期五,-0.0035,-0.0014
2009-11-19,3564.89,3560.88,3584.15,3528.23,491488.0,星期四,0.0022,-0.0011
2009-11-18,3564.0,3557.09,3581.97,3542.45,463048.0,星期三,0.0017,-0.0019
2009-11-17,3573.46,3558.0,3583.39,3551.96,530158.0,星期二,0.005,-0.0043
2009-11-16,3472.41,3555.74,3556.1,3472.41,683582.0,星期一,0.0062,0.024
2009-11-13,3426.78,3450.97,3451.09,3382.45,505859.0,星期五,-0.0023,0.0071
2009-11-12,3441.95,3434.7,3465.08,3422.78,429995.0,星期四,0.0033,-0.0021
2009-11-11,3441.0,3430.59,3452.11,3407.61,389978.0,星期三,-0.0009,-0.003
2009-11-10,3460.58,3444.04,3475.45,3441.98,457255.0,星期二,0.0073,-0.0048
2009-11-09,3432.04,3435.56,3439.85,3392.28,409773.0,星期一,0.0012,0.001
2009-11-06,3441.52,3428.09,3454.44,3419.71,480102.0,星期五,0.0086,-0.0039
2009-11-05,3412.22,3412.23,3424.81,3384.9,404125.0,星期四,0.0011,0.0
2009-11-04,3398.4,3408.64,3432.46,3368.17,434486.0,星期三,0.0018,0.003
2009-11-03,3363.0,3392.13,3406.39,3355.77,402784.0,星期二,0.002,0.0087
2009-11-02,3167.54,3356.2,3360.26,3160.43,440670.0,星期一,-0.0228,0.0596
2009-10-30,3268.61,3241.51,3291.38,3238.68,307416.0,星期五,0.0183,-0.0083
2009-10-29,3227.1,3209.86,3251.73,3201.6,320187.0,星期四,-0.0193,-0.0053
2009-10-28,3276.82,3290.56,3306.14,3224.31,330061.0,星期三,-0.0032,0.0042
2009-10-27,3355.01,3287.2,3361.34,3286.73,401516.0,星期二,-0.0081,-0.0202
2009-10-26,3392.72,3382.54,3405.64,3357.92,345107.0,星期一,0.0028,-0.003
2009-10-23,3325.73,3383.16,3407.27,3325.73,457653.0,星期五,0.0023,0.0173
2009-10-22,3340.65,3317.96,3358.04,3314.13,322159.0,星期四,-0.0018,-0.0068
2009-10-21,3353.83,3346.63,3390.94,3337.39,462599.0,星期三,0.0,-0.0021
2009-10-20,3327.88,3353.81,3358.2,3320.67,499330.0,星期二,0.0083,0.0078
2009-10-19,3213.97,3300.54,3302.41,3206.34,419655.0,星期一,-0.0012,0.0269
2009-10-16,3228.79,3217.8,3248.27,3165.1,295476.0,星期五,0.0033,-0.0034
2009-10-15,3238.66,3218.21,3269.26,3208.46,326256.0,星期四,0.0108,-0.0063
2009-10-14,3188.19,3203.98,3253.97,3182.17,455126.0,星期三,0.0033,0.005
2009-10-13,3121.09,3177.74,3179.83,3117.77,279604.0,星期二,-0.0026,0.0182
2009-10-12,3164.23,3129.21,3177.05,3128.9,331806.0,星期一,0.0049,-0.0111
2009-10-09,3068.44,3148.65,3149.33,3060.71,335659.0,星期五,0.0238,0.0261
2009-09-30,2987.83,2997.23,3022.32,2978.04,258435.0,星期三,0.0064,0.0031
2009-09-29,2960.0,2968.89,2992.43,2924.57,272063.0,星期二,0.0012,0.003
2009-09-28,3045.65,2956.31,3065.16,2944.34,237383.0,星期一,0.0025,-0.0293
2009-09-25,3030.36,3038.04,3066.03,3002.15,270652.0,星期五,-0.0075,0.0025
2009-09-24,3003.91,3053.3,3091.38,2966.61,375552.0,星期四,-0.0053,0.0164
2009-09-23,3076.36,3019.94,3104.36,3002.79,359075.0,星期三,0.0006,-0.0183
2009-09-22,3133.93,3074.51,3177.69,3073.83,404239.0,星期二,-0.0045,-0.019
2009-09-21,3113.3,3147.95,3150.05,3039.71,388127.0,星期一,-0.0109,0.0111
2009-09-18,3271.47,3147.57,3276.54,3121.24,525902.0,星期五,0.0018,-0.0379
2009-09-17,3226.44,3265.7,3274.06,3226.44,464581.0,星期四,0.006,0.0122
2009-09-16,3249.54,3207.32,3258.07,3170.38,457301.0,星期三,-0.0046,-0.013
2009-09-15,3264.03,3264.46,3289.53,3230.04,441299.0,星期二,0.0016,0.0001
2009-09-14,3220.98,3258.77,3263.42,3210.19,440374.0,星期一,0.0025,0.0117
2009-09-11,3120.51,3213.07,3226.69,3120.51,460486.0,星期五,-0.0025,0.0297
2009-09-10,3143.79,3128.18,3166.77,3116.72,350954.0,星期四,-0.0044,-0.005
2009-09-09,3155.44,3157.68,3175.89,3108.73,506459.0,星期三,0.0053,0.0007
2009-09-08,3058.14,3138.78,3138.82,3021.92,462638.0,星期二,-0.006,0.0264
2009-09-07,3076.71,3076.5,3128.67,3054.25,448349.0,星期一,0.007,-0.0001
2009-09-04,3044.62,3055.37,3085.41,3028.02,483308.0,星期五,0.0006,0.0035
2009-09-03,2896.05,3042.74,3051.94,2887.35,568005.0,星期四,0.0022,0.0507
2009-09-02,2815.89,2889.77,2903.79,2805.08,382289.0,星期三,-0.0067,0.0262
2009-09-01,2778.69,2834.82,2886.66,2778.4,432223.0,星期二,-0.0069,0.0202
2009-08-31,2964.28,2798.09,2964.28,2793.71,510876.0,星期一,-0.0137,-0.0561
2009-08-28,3113.76,3005.48,3130.36,2987.75,512848.0,星期五,-0.0014,-0.0348
2009-08-27,3116.52,3118.12,3175.22,3081.5,448843.0,星期四,-0.0072,0.0005
2009-08-26,3058.81,3139.13,3172.44,3042.46,440798.0,星期三,-0.0086,0.0263
2009-08-25,3203.19,3085.29,3203.19,2995.95,540159.0,星期二,-0.0053,-0.0368
2009-08-24,3232.51,3220.25,3236.82,3182.39,437283.0,星期一,0.0062,-0.0038
2009-08-21,3149.86,3212.58,3240.99,3129.32,515140.0,星期五,-0.0028,0.0199
2009-08-20,3035.2,3158.69,3160.46,3035.2,477029.0,星期四,0.003,0.0407
2009-08-19,3183.6,3026.08,3190.15,2991.67,491022.0,星期三,0.0027,-0.0495
2009-08-18,3123.56,3175.02,3190.17,3089.54,470761.0,星期二,-0.0084,0.0165
2009-08-17,3281.84,3150.01,3323.67,3146.71,566354.0,星期一,-0.0179,-0.0402
2009-08-14,3428.91,3341.55,3444.27,3326.4,517861.0,星期五,-0.0017,-0.0255
2009-08-13,3390.14,3434.72,3443.54,3327.86,522620.0,星期四,-0.0003,0.0131
2009-08-12,3541.59,3391.21,3541.59,3384.42,544961.0,星期三,-0.0025,-0.0425
2009-08-11,3550.9,3550.42,3563.91,3504.64,371268.0,星期二,0.0044,-0.0001
2009-08-10,3589.09,3535.28,3610.93,3479.6,492369.0,星期一,0.0094,-0.015
2009-08-07,3650.02,3555.82,3682.22,3540.44,570692.0,星期五,-0.0015,-0.0258
2009-08-06,3704.81,3655.36,3732.33,3596.09,677127.0,星期四,-0.0087,-0.0133
2009-08-05,3785.99,3737.2,3792.0,3696.16,785560.0,星期三,-0.0017,-0.0129
2009-08-04,3825.17,3792.34,3825.17,3722.4,797887.0,星期二,0.0045,-0.0086
2009-08-03,3788.75,3808.09,3810.61,3744.14,776169.0,星期一,0.0057,0.0051
2009-07-31,3713.01,3767.31,3769.46,3672.83,786227.0,星期五,0.0097,0.0146
2009-07-30,3616.74,3677.18,3701.47,3556.37,861807.0,星期四,0.0095,0.0167
2009-07-29,3749.48,3582.69,3789.33,3470.07,1021299.0,星期三,-0.0038,-0.0445
2009-07-28,3759.43,3763.65,3765.66,3715.98,856715.0,星期二,0.0006,0.0011
2009-07-27,3695.56,3757.19,3757.39,3688.1,846005.0,星期一,0.0041,0.0167
2009-07-24,3677.49,3680.54,3698.31,3605.7,785712.0,星期五,0.006,0.0008
2009-07-23,3613.34,3655.72,3658.25,3590.08,685864.0,星期四,0.0016,0.0117
2009-07-22,3535.6,3607.58,3608.27,3535.26,665319.0,星期三,-0.0013,0.0204
2009-07-21,3598.69,3540.03,3613.84,3534.2,737715.0,星期二,0.0035,-0.0163
2009-07-20,3533.48,3586.21,3592.31,3509.72,780429.0,星期一,0.0033,0.0149
2009-07-17,3508.92,3521.77,3536.77,3486.46,591482.0,星期五,-0.0001,0.0037
2009-07-16,3516.7,3509.39,3549.42,3484.79,741948.0,星期四,0.0076,-0.0021
2009-07-15,3471.81,3490.12,3496.65,3465.75,753632.0,星期三,0.0036,0.0053
2009-07-14,3372.61,3459.41,3459.43,3372.61,626441.0,星期二,0.0053,0.0257
2009-07-13,3389.42,3354.89,3405.73,3353.62,553690.0,星期一,-0.0048,-0.0102
2009-07-10,3415.23,3405.9,3438.66,3385.15,561486.0,星期五,0.0007,-0.0027
2009-07-09,3366.66,3413.0,3413.32,3348.43,596388.0,星期四,-0.0022,0.0138
2009-07-08,3341.94,3374.04,3391.93,3279.78,695838.0,星期三,-0.0115,0.0096
2009-07-07,3417.66,3380.86,3439.1,3368.81,799695.0,星期二,-0.0016,-0.0108
2009-07-06,3371.14,3423.23,3425.53,3371.14,820886.0,星期一,0.0016,0.0155
2009-07-03,3293.66,3365.76,3366.28,3288.24,594723.0,星期五,-0.0086,0.0219
2009-07-02,3284.36,3322.18,3331.26,3284.15,675097.0,星期四,0.0027,0.0115
2009-07-01,3184.43,3275.36,3277.02,3181.44,574427.0,星期三,-0.0043,0.0286
2009-06-30,3225.78,3198.17,3231.14,3192.58,519399.0,星期二,0.0038,-0.0086
2009-06-29,3157.74,3213.65,3216.36,3146.98,487355.0,星期一,0.0013,0.0177
2009-06-26,3152.23,3153.68,3165.72,3133.16,407269.0,星期五,0.0025,0.0005
2009-06-25,3146.54,3144.27,3170.16,3129.4,472385.0,星期四,0.0009,-0.0007
2009-06-24,3113.63,3143.63,3144.44,3095.18,669313.0,星期三,-0.0022,0.0096
2009-06-23,3066.15,3120.42,3173.4,3057.95,728154.0,星期二,-0.0154,0.0177
2009-06-22,3133.02,3114.02,3152.59,3104.5,649101.0,星期一,0.0093,-0.0061
2009-06-19,3078.95,3104.0,3110.1,3067.1,642521.0,星期五,0.0017,0.0081
2009-06-18,3022.28,3073.66,3079.31,3021.37,599858.0,星期四,0.0011,0.017
2009-06-17,2967.82,3018.89,3026.07,2933.28,457836.0,星期三,-0.0016,0.0172
2009-06-16,2952.61,2972.63,2996.51,2945.89,437088.0,星期二,-0.0106,0.0068
2009-06-15,2920.09,2984.12,2985.6,2904.06,491444.0,星期一,0.004,0.0219
2009-06-12,2952.4,2908.45,2977.99,2884.85,460631.0,星期五,-0.0023,-0.0149
2009-06-11,2979.49,2959.16,2998.88,2949.62,488147.0,星期四,-0.0022,-0.0068
2009-06-10,2970.17,2986.13,2996.8,2964.67,612959.0,星期三,0.0032,0.0054
2009-06-09,2944.43,2960.55,2961.28,2894.38,583603.0,星期二,0.0008,0.0055
2009-06-08,2918.61,2942.09,2974.84,2894.59,604173.0,星期一,-0.0003,0.008
2009-06-05,2947.33,2919.35,2957.13,2917.99,626187.0,星期五,0.0038,-0.0095
2009-06-04,2899.19,2936.31,2947.06,2883.41,814758.0,星期四,-0.0052,0.0128
2009-06-03,2828.35,2914.41,2914.52,2827.9,711001.0,星期三,0.0004,0.0304
2009-06-02,2845.74,2827.31,2859.07,2819.07,665909.0,星期二,0.007,-0.0065
2009-06-01,2759.82,2825.92,2832.55,2759.82,724341.0,星期一,0.0148,0.024
2009-05-27,2682.98,2719.56,2729.39,2670.82,414185.0,星期三,0.0052,0.0136
2009-05-26,2710.19,2669.06,2712.81,2668.25,344976.0,星期二,0.0021,-0.0152
2009-05-25,2647.47,2704.38,2713.0,2638.81,388406.0,星期一,-0.0196,0.0215
2009-05-22,2691.03,2700.27,2719.6,2678.17,318976.0,星期五,-0.0065,0.0034
2009-05-21,2756.54,2708.53,2767.73,2695.49,495334.0,星期四,-0.0064,-0.0174
2009-05-20,2811.57,2774.26,2815.03,2773.9,479857.0,星期三,0.0013,-0.0133
2009-05-19,2811.94,2807.92,2822.14,2792.84,553032.0,星期二,0.0104,-0.0014
2009-05-18,2756.25,2782.91,2785.59,2718.0,448495.0,星期一,-0.0052,0.0097
2009-05-15,2775.49,2770.76,2792.14,2750.21,348577.0,星期五,0.0032,-0.0017
2009-05-14,2764.1,2766.69,2780.27,2735.52,488047.0,星期四,-0.0126,0.0009
2009-05-13,2780.2,2799.49,2806.83,2759.9,656634.0,星期三,0.0015,0.0069
2009-05-12,2697.35,2776.16,2776.32,2694.63,537716.0,星期二,-0.0078,0.0292
2009-05-11,2789.32,2718.47,2836.59,2718.13,786690.0,星期一,0.0075,-0.0254
2009-05-08,2718.08,2768.52,2777.96,2705.99,642069.0,星期五,-0.0056,0.0186
2009-05-07,2743.25,2733.26,2763.81,2702.91,709339.0,星期四,0.006,-0.0036
2009-05-06,2690.11,2726.91,2736.36,2682.19,606171.0,星期三,-0.0016,0.0137
2009-05-05,2705.3,2694.37,2727.9,2683.07,580271.0,星期二,0.0067,-0.004
2009-05-04,2608.47,2687.42,2688.31,2605.09,639104.0,星期一,0.0043,0.0303
2009-04-30,2598.78,2597.31,2616.24,2580.77,505027.0,星期四,0.0026,-0.0006
2009-04-29,2498.4,2591.99,2604.21,2494.01,513283.0,星期三,0.0002,0.0375
2009-04-28,2477.13,2497.95,2513.88,2468.42,361312.0,星期二,-0.009,0.0084
2009-04-27,2543.68,2499.54,2553.36,2484.69,415445.0,星期一,-0.002,-0.0174
2009-04-24,2577.4,2548.74,2581.06,2545.66,394864.0,星期五,0.005,-0.0111
2009-04-23,2534.2,2564.59,2573.27,2524.15,459340.0,星期四,-0.0078,0.012
2009-04-22,2653.43,2554.14,2683.7,2542.39,736836.0,星期三,0.0055,-0.0374
2009-04-21,2634.72,2638.88,2660.92,2602.25,605168.0,星期二,-0.0148,0.0016
2009-04-20,2610.44,2674.28,2675.46,2607.71,551097.0,星期一,-0.0021,0.0245
2009-04-17,2637.72,2615.85,2658.59,2597.87,556431.0,星期五,-0.0043,-0.0083
2009-04-16,2654.62,2649.19,2668.6,2605.09,677518.0,星期四,0.0012,-0.002
2009-04-15,2641.06,2651.5,2660.23,2598.08,662132.0,星期三,-0.0046,0.004
2009-04-14,2633.96,2653.39,2660.58,2620.46,604217.0,星期二,-0.0017,0.0074
2009-04-13,2602.36,2638.41,2651.77,2599.58,842993.0,星期一,0.0103,0.0139
2009-04-10,2530.2,2575.85,2576.04,2520.76,588017.0,星期五,0.0097,0.018
2009-04-09,2465.36,2506.0,2506.37,2448.04,433433.0,星期四,-0.0003,0.0165
2009-04-08,2551.58,2466.02,2562.52,2465.92,597163.0,星期三,-0.0054,-0.0335
2009-04-07,2563.26,2565.34,2591.63,2532.0,528116.0,星期二,0.0004,0.0008
2009-04-03,2578.97,2562.22,2598.96,2545.74,761462.0,星期五,0.0098,-0.0065
2009-04-02,2528.38,2553.93,2576.89,2527.88,808702.0,星期四,0.004,0.0101
2009-04-01,2492.51,2518.27,2537.03,2492.51,718400.0,星期三,0.0048,0.0103
2009-03-31,2417.84,2480.48,2486.61,2403.46,528496.0,星期二,-0.0185,0.0259
2009-03-30,2480.73,2463.31,2487.2,2450.06,543396.0,星期一,0.0013,-0.007
2009-03-27,2482.44,2477.51,2497.03,2459.92,830455.0,星期五,0.0086,-0.002
2009-03-26,2388.74,2461.16,2461.53,2366.67,712298.0,星期四,0.0038,0.0303
2009-03-25,2409.34,2379.8,2446.52,2379.27,549152.0,星期三,-0.0062,-0.0123
2009-03-24,2454.73,2424.45,2462.16,2413.33,648117.0,星期二,0.0183,-0.0123
2009-03-23,2357.51,2410.71,2419.03,2348.92,631530.0,星期一,0.0016,0.0226
2009-03-20,2367.39,2353.8,2375.79,2323.31,613578.0,星期五,0.0024,-0.0057
2009-03-19,2323.17,2361.61,2366.73,2314.0,534515.0,星期四,0.002,0.0165
2009-03-18,2329.08,2318.57,2353.02,2317.36,569902.0,星期三,0.0056,-0.0045
2009-03-17,2241.84,2316.15,2322.84,2237.88,547240.0,星期二,0.0003,0.0331
2009-03-16,2196.34,2241.16,2248.28,2176.62,291566.0,星期一,-0.0035,0.0204
2009-03-13,2224.65,2204.0,2246.69,2199.37,303009.0,星期五,0.0066,-0.0093
2009-03-12,2204.39,2210.1,2213.73,2156.83,313032.0,星期四,-0.0057,0.0026
2009-03-11,2286.96,2217.13,2290.68,2210.48,417527.0,星期三,0.0222,-0.0305
2009-03-10,2175.43,2237.25,2238.16,2166.63,331207.0,星期二,-0.0118,0.0284
2009-03-09,2293.63,2201.45,2329.38,2199.73,519541.0,星期一,0.0077,-0.0402
2009-03-06,2248.5,2276.06,2303.78,2244.45,496323.0,星期五,-0.0197,0.0123
2009-03-05,2296.58,2293.68,2328.14,2248.34,820827.0,星期四,0.0122,-0.0013
2009-03-04,2132.71,2268.91,2276.71,2132.71,672661.0,星期三,0.0034,0.0639
2009-03-03,2107.59,2125.48,2152.03,2098.43,350331.0,星期二,-0.0247,0.0085
2009-03-02,2137.68,2161.07,2176.37,2110.45,344325.0,星期一,-0.0055,0.0109
2009-02-27,2153.57,2149.56,2186.81,2128.81,490826.0,星期五,-0.009,-0.0019
2009-02-26,2252.71,2173.15,2296.87,2151.96,587092.0,星期四,-0.0055,-0.0353
2009-02-25,2277.63,2265.11,2290.6,2183.08,613681.0,星期三,0.01,-0.0055
2009-02-24,2336.37,2255.02,2366.41,2245.92,692127.0,星期二,-0.0151,-0.0348
2009-02-23,2300.27,2372.22,2382.22,2270.45,605817.0,星期一,-0.0063,0.0313
2009-02-20,2281.19,2314.83,2315.6,2253.72,463163.0,星期五,0.0001,0.0147
2009-02-19,2287.97,2280.9,2313.59,2246.13,512845.0,星期四,0.0079,-0.0031
2009-02-18,2333.96,2270.11,2364.31,2266.11,670748.0,星期三,-0.0228,-0.0274
2009-02-17,2461.69,2388.51,2477.45,2387.8,824297.0,星期二,-0.0006,-0.0297
2009-02-16,2411.0,2463.28,2463.47,2397.81,903020.0,星期一,0.009,0.0217
2009-02-13,2316.39,2389.51,2393.31,2300.28,809719.0,星期五,0.0014,0.0316
2009-02-12,2345.39,2313.11,2353.66,2253.89,668042.0,星期四,0.0011,-0.0138
2009-02-11,2293.85,2342.74,2390.2,2282.79,847863.0,星期三,-0.0172,0.0213
2009-02-10,2307.2,2333.95,2334.48,2277.51,644257.0,星期二,-0.0035,0.0116
2009-02-09,2300.48,2315.23,2330.62,2285.13,719323.0,星期一,0.0155,0.0064
2009-02-06,2188.47,2265.33,2268.24,2188.47,599479.0,星期五,0.003,0.0351
2009-02-05,2188.29,2181.91,2244.56,2166.41,672929.0,星期四,-0.0009,-0.0029
2009-02-04,2137.05,2190.21,2190.21,2135.46,573022.0,星期三,0.0049,0.0249
2009-02-03,2074.53,2126.65,2126.93,2068.1,481043.0,星期二,0.0001,0.0251
2009-02-02,2080.92,2074.38,2086.16,2052.22,252793.0,星期一,0.0096,-0.0031
2009-01-23,2068.3,2061.21,2082.76,2053.02,319732.0,星期五,-0.0031,-0.0034
2009-01-22,2069.6,2074.75,2084.03,2042.49,326493.0,星期四,0.0062,0.0025
2009-01-21,2029.78,2056.92,2086.14,2024.55,386450.0,星期三,-0.0166,0.0134
2009-01-20,2047.51,2063.97,2064.18,2025.46,310265.0,星期二,-0.0029,0.008
2009-01-19,2042.48,2053.51,2098.33,2036.52,522552.0,星期一,0.0114,0.0054
2009-01-16,1989.14,2019.45,2059.38,1989.14,583744.0,星期五,0.0055,0.0152
2009-01-15,1964.86,1978.32,1999.74,1955.65,435603.0,星期四,-0.011,0.0069
2009-01-14,1903.0,1986.75,1986.75,1903.0,337753.0,星期三,-0.001,0.044
2009-01-13,1916.99,1904.88,1933.99,1903.89,274806.0,星期二,-0.0156,-0.0063
2009-01-12,1945.59,1947.35,1974.03,1936.58,275264.0,星期一,-0.0038,0.0009
2009-01-09,1925.5,1952.96,1959.2,1925.5,252722.0,星期五,-0.0012,0.0143
2009-01-08,1937.69,1927.82,1942.36,1912.88,332262.0,星期四,-0.019,-0.0051
2009-01-07,1991.16,1975.27,2008.54,1974.97,336947.0,星期三,-0.0006,-0.008
2009-01-06,1933.9,1992.29,1999.55,1926.78,426603.0,星期二,-0.0006,0.0302
2009-01-05,1901.59,1934.97,1935.05,1889.41,304247.0,星期一,0.0169,0.0176
2008-12-31,1883.03,1870.04,1894.55,1866.24,213252.0,星期三,0.0011,-0.0069
2008-12-30,1902.57,1880.9,1915.31,1871.31,213178.0,星期二,-0.0006,-0.0114
2008-12-29,1902.87,1903.69,1910.98,1869.22,208518.0,星期一,-0.0065,0.0004
2008-12-26,1917.47,1915.31,1934.41,1903.24,206944.0,星期五,-0.0023,-0.0011
2008-12-25,1944.03,1921.93,1955.03,1900.85,206937.0,星期四,0.0018,-0.0114
2008-12-24,1947.85,1940.55,1968.76,1928.33,224206.0,星期三,-0.0127,-0.0037
2008-12-23,2069.7,1972.99,2069.7,1972.75,337623.0,星期二,0.0002,-0.0467
2008-12-22,2108.91,2069.31,2113.12,2048.42,283154.0,星期一,-0.0012,-0.0188
2008-12-19,2096.46,2111.41,2138.26,2090.15,348867.0,星期五,-0.0052,0.0071
2008-12-18,2055.12,2107.37,2108.6,2036.73,338324.0,星期四,-0.0009,0.0254
2008-12-17,2063.45,2056.91,2085.88,2051.34,318212.0,星期三,0.0035,-0.0032
2008-12-16,2021.26,2056.21,2056.8,1984.86,275586.0,星期二,-0.01,0.0173
2008-12-15,2062.91,2041.67,2077.29,2009.32,287518.0,星期一,0.0153,-0.0103
2008-12-12,2099.2,2031.88,2109.73,2008.98,390068.0,星期五,-0.0095,-0.0321
2008-12-11,2154.56,2119.33,2178.76,2114.85,405217.0,星期四,-0.0061,-0.0164
2008-12-10,2096.46,2167.71,2167.73,2081.05,495330.0,星期三,-0.0054,0.034
2008-12-09,2176.11,2107.75,2179.5,2106.7,511759.0,星期二,0.0045,-0.0314
2008-12-08,2111.65,2166.32,2167.1,2103.58,610617.0,星期一,0.0138,0.0259
2008-12-05,2042.75,2082.86,2084.24,2037.85,390969.0,星期五,-0.0068,0.0196
2008-12-04,2045.62,2056.79,2121.78,2045.62,671243.0,星期四,0.0142,0.0055
2008-12-03,1946.87,2016.88,2017.0,1946.38,460238.0,星期三,0.0092,0.036
2008-12-02,1891.43,1929.14,1954.76,1884.39,295666.0,星期二,-0.0229,0.0199
2008-12-01,1908.06,1935.7,1937.85,1881.5,257187.0,星期一,-0.0034,0.0145
2008-11-28,1941.98,1914.56,1956.93,1899.8,313403.0,星期五,-0.0101,-0.0141
2008-11-27,2054.3,1961.88,2064.13,1961.2,527837.0,星期四,0.0614,-0.045
2008-11-26,1923.66,1935.44,1957.18,1906.49,278927.0,星期三,-0.0003,0.0061
2008-11-25,1959.0,1924.23,1971.31,1893.88,234295.0,星期二,0.0181,-0.0177
2008-11-24,1999.68,1924.11,2008.65,1922.79,273514.0,星期一,-0.0051,-0.0378
2008-11-21,1955.38,2009.87,2059.55,1917.84,473631.0,星期五,-0.0317,0.0279
2008-11-20,2011.56,2019.47,2065.32,1992.95,435974.0,星期四,-0.0198,0.0039
2008-11-19,1931.89,2052.15,2059.01,1916.59,474034.0,星期三,-0.0033,0.0622
2008-11-18,2078.21,1938.21,2099.95,1929.64,555342.0,星期二,-0.0056,-0.0674
2008-11-17,2046.46,2089.9,2089.97,2030.44,479631.0,星期一,-0.0056,0.0212
2008-11-14,2014.48,2058.06,2060.0,1990.97,504249.0,星期五,0.0094,0.0216
2008-11-13,1895.27,1995.81,2015.65,1878.17,489207.0,星期四,-0.0148,0.053
2008-11-12,1881.98,1923.7,1935.08,1878.02,246003.0,星期三,-0.0131,0.0222
2008-11-11,1923.95,1906.99,1953.44,1904.84,378251.0,星期二,-0.0044,-0.0088
2008-11-10,1840.47,1932.45,1934.49,1840.47,395236.0,星期一,0.0234,0.05
2008-11-07,1730.55,1798.38,1813.94,1724.67,191155.0,星期五,-0.0196,0.0392
2008-11-06,1765.95,1765.12,1778.64,1753.92,181874.0,星期四,-0.0265,-0.0005
2008-11-05,1757.01,1813.96,1842.02,1757.01,279246.0,星期三,0.0087,0.0324
2008-11-04,1756.89,1741.87,1759.55,1718.14,155163.0,星期二,-0.0046,-0.0085
2008-11-03,1751.07,1764.97,1798.32,1745.68,158897.0,星期一,-0.0101,0.0079
2008-10-31,1792.15,1768.87,1800.71,1760.23,169156.0,星期五,-0.0064,-0.013
2008-10-30,1763.97,1803.64,1831.6,1738.64,268922.0,星期四,0.0072,0.0225
2008-10-29,1811.71,1751.42,1827.42,1750.9,246179.0,星期三,0.0092,-0.0333
2008-10-28,1694.19,1795.25,1808.61,1687.13,311190.0,星期二,-0.0243,0.0597
2008-10-27,1833.15,1736.31,1833.15,1734.33,220408.0,星期一,-0.0201,-0.0528
2008-10-24,1930.22,1870.82,1939.67,1859.35,213413.0,星期五,-0.0019,-0.0308
2008-10-23,1898.86,1933.97,1935.98,1878.5,230059.0,星期四,-0.0219,0.0185
2008-10-22,1965.63,1941.35,2001.44,1940.5,204884.0,星期三,-0.0148,-0.0124
2008-10-21,2018.13,1995.16,2044.87,1994.34,218200.0,星期二,0.0019,-0.0114
2008-10-20,1941.33,2014.24,2017.24,1912.43,195642.0,星期一,-0.0028,0.0376
2008-10-17,1954.03,1946.83,1967.89,1918.22,172397.0,星期五,0.0099,-0.0037
2008-10-16,1940.47,1934.84,1982.02,1931.7,247972.0,星期四,-0.0439,-0.0029
2008-10-15,2023.73,2029.64,2045.32,2004.9,197047.0,星期三,-0.0127,0.0029
2008-10-14,2181.35,2049.8,2187.6,2049.55,355357.0,星期二,0.0358,-0.0603
2008-10-13,1992.23,2105.97,2106.21,1945.71,294861.0,星期一,-0.0071,0.0571
2008-10-10,2002.6,2006.49,2042.41,1972.54,248933.0,星期五,-0.0425,0.0019
2008-10-09,2155.58,2091.55,2158.93,2083.11,210093.0,星期四,0.0173,-0.0297
2008-10-08,2147.1,2119.01,2179.49,2094.73,236158.0,星期三,-0.031,-0.0131
2008-10-07,2154.46,2215.83,2254.37,2134.31,271930.0,星期二,-0.0411,0.0285
2008-10-06,2339.84,2246.88,2339.84,2246.42,270094.0,星期一,-0.0151,-0.0397
2008-09-26,2370.42,2375.73,2389.69,2319.54,354179.0,星期五,0.0042,0.0022
2008-09-25,2268.47,2360.61,2400.2,2263.38,481551.0,星期四,0.0021,0.0406
2008-09-24,2195.01,2263.78,2264.24,2170.94,293152.0,星期三,-0.0249,0.0313
2008-09-23,2263.87,2251.03,2313.91,2244.56,555854.0,星期二,-0.0281,-0.0057
2008-09-22,2352.09,2329.22,2373.44,2252.73,624208.0,星期一,0.0804,-0.0097
2008-09-19,2172.77,2177.08,2177.08,2151.6,206562.0,星期五,0.0913,0.002
2008-09-18,1961.0,1990.97,2039.48,1896.29,315642.0,星期四,-0.0297,0.0153
2008-09-17,2084.11,2021.02,2109.44,2016.07,222976.0,星期三,-0.012,-0.0303
2008-09-16,2171.32,2109.52,2171.32,2097.2,215719.0,星期二,-0.0176,-0.0285
2008-09-12,2205.22,2210.3,2235.75,2196.1,106504.0,星期五,-0.0002,0.0023
2008-09-11,2283.07,2205.57,2287.37,2200.57,133506.0,星期四,-0.0038,-0.0339
2008-09-10,2274.12,2291.74,2332.34,2245.98,124496.0,星期三,-0.0063,0.0077
2008-09-09,2286.02,2288.47,2300.82,2260.3,98305.0,星期二,0.0042,0.0011
2008-09-08,2329.86,2276.44,2338.46,2268.64,117059.0,星期一,0.0039,-0.0229
2008-09-05,2324.25,2320.84,2355.43,2303.35,114910.0,星期五,-0.0252,-0.0015
2008-09-04,2374.49,2384.34,2402.28,2348.86,101183.0,星期四,-0.0037,0.0041
2008-09-03,2424.91,2383.19,2440.19,2358.47,131957.0,星期三,-0.0018,-0.0172
2008-09-02,2442.4,2429.22,2453.92,2415.42,104265.0,星期二,-0.0069,-0.0054
2008-09-01,2529.01,2459.42,2530.11,2446.94,118514.0,星期一,-0.0085,-0.0275
2008-08-29,2512.82,2550.81,2578.22,2499.34,169892.0,星期五,0.0054,0.0151
2008-08-28,2485.45,2499.29,2530.6,2478.61,125938.0,星期四,0.0007,0.0056
2008-08-27,2481.49,2483.62,2528.3,2453.05,135886.0,星期三,-0.0033,0.0009
2008-08-26,2510.75,2489.76,2542.09,2465.63,126055.0,星期二,-0.012,-0.0084
2008-08-25,2543.4,2541.27,2580.59,2510.01,100533.0,星期一,0.0021,-0.0008
2008-08-22,2551.41,2538.14,2570.23,2497.19,136521.0,星期五,-0.0099,-0.0052
2008-08-21,2629.37,2577.03,2670.1,2574.46,199710.0,星期四,-0.0155,-0.0199
2008-08-20,2461.47,2670.8,2671.15,2442.35,258975.0,星期三,-0.0069,0.085
2008-08-19,2414.93,2478.5,2488.19,2403.35,101681.0,星期二,-0.0103,0.0263
2008-08-18,2570.38,2439.97,2571.45,2439.37,131246.0,星期一,0.0012,-0.0507
2008-08-15,2555.06,2567.18,2597.7,2529.14,107173.0,星期五,-0.0001,0.0047
2008-08-14,2545.51,2555.22,2575.46,2521.44,104391.0,星期四,-0.0056,0.0038
2008-08-13,2551.43,2559.97,2582.72,2494.42,149052.0,星期三,-0.0066,0.0033
2008-08-12,2557.94,2568.34,2600.63,2540.76,132382.0,星期二,-0.0084,0.0041
2008-08-11,2686.31,2579.62,2701.83,2564.57,180408.0,星期一,-0.0039,-0.0397
2008-08-08,2809.2,2696.73,2810.48,2683.75,164324.0,星期五,-0.001,-0.04
2008-08-07,2810.92,2812.05,2843.2,2774.98,130244.0,星期四,-0.0019,0.0004
2008-08-06,2813.37,2816.15,2841.85,2773.43,158829.0,星期三,0.0084,0.001
2008-08-05,2859.74,2789.85,2870.0,2781.58,179796.0,星期二,0.0043,-0.0244
2008-08-04,2885.24,2847.52,2904.15,2841.13,124200.0,星期一,-0.0085,-0.0131
2008-08-01,2850.51,2910.11,2941.38,2814.05,187992.0,星期五,-0.0056,0.0209
2008-07-31,2951.88,2866.51,2956.11,2865.81,138314.0,星期四,0.0036,-0.0289
2008-07-30,2999.61,2941.38,3008.86,2924.69,148600.0,星期三,0.013,-0.0194
2008-07-29,2975.58,2961.06,2975.58,2935.69,175670.0,星期二,-0.0142,-0.0049
2008-07-28,3021.56,3018.41,3066.99,3005.69,208863.0,星期一,0.0067,-0.001
2008-07-25,3001.33,3001.46,3029.83,2977.16,203100.0,星期五,-0.0141,0.0
2008-07-24,2962.04,3044.2,3045.38,2961.44,274125.0,星期四,0.008,0.0277
2008-07-23,2974.34,2938.6,2994.65,2934.12,189407.0,星期三,0.0076,-0.012
2008-07-22,2956.79,2952.03,2975.34,2935.45,186751.0,星期二,-0.0024,-0.0016
2008-07-21,2846.42,2964.01,2966.7,2836.4,250680.0,星期一,-0.0096,0.0413
2008-07-18,2803.74,2874.03,2875.74,2753.28,238364.0,星期五,0.0116,0.0251
2008-07-17,2842.03,2771.67,2861.85,2759.11,162731.0,星期四,0.0173,-0.0248
2008-07-16,2851.37,2793.81,2857.93,2750.86,199086.0,星期三,-0.0114,-0.0202
2008-07-15,3029.01,2884.35,3038.85,2880.99,238304.0,星期二,0.003,-0.0478
2008-07-14,2973.94,3019.88,3047.5,2963.4,165247.0,星期一,-0.01,0.0154
2008-07-11,3017.83,3004.13,3039.01,2967.45,220315.0,星期五,-0.0036,-0.0045
2008-07-10,3017.54,3028.79,3107.14,2997.58,311863.0,星期四,-0.0159,0.0037
2008-07-09,2971.51,3066.2,3067.11,2971.51,388716.0,星期三,0.0101,0.0319
2008-07-08,2953.17,2941.93,2993.26,2886.75,284253.0,星期二,0.0062,-0.0038
2008-07-07,2792.07,2934.91,2944.43,2792.07,301031.0,星期一,0.0024,0.0512
2008-07-04,2797.91,2785.32,2828.54,2759.72,190409.0,星期五,-0.0021,-0.0045
2008-07-03,2713.94,2803.79,2856.45,2670.57,240751.0,星期四,-0.0174,0.0331
2008-07-02,2779.94,2762.05,2816.63,2735.29,156700.0,星期三,0.0009,-0.0064
2008-07-01,2895.13,2777.44,2903.97,2769.6,164865.0,星期二,0.003,-0.0407
2008-06-30,2882.04,2886.43,2934.54,2848.29,135524.0,星期一,-0.0129,0.0015
2008-06-27,2985.8,2919.78,2993.02,2892.03,213447.0,星期五,-0.0321,-0.0221
2008-06-26,3082.38,3084.84,3123.72,3029.89,221323.0,星期四,-0.0013,0.0008
2008-06-25,2963.34,3086.41,3092.39,2952.14,232384.0,星期三,-0.0029,0.0415
2008-06-24,2901.37,2971.91,2988.04,2892.13,183883.0,星期二,-0.005,0.0243
2008-06-23,2928.26,2915.93,2976.18,2896.54,145592.0,星期一,-0.0191,-0.0042
2008-06-20,2931.13,2985.34,3087.9,2828.41,316509.0,星期五,0.0103,0.0185
2008-06-19,3093.74,2901.21,3093.74,2894.56,200741.0,星期四,-0.0083,-0.0622
2008-06-18,2946.27,3119.68,3136.07,2889.56,244639.0,星期三,-0.0087,0.0589
2008-06-17,3063.13,2972.05,3091.15,2946.95,143479.0,星期二,-0.0013,-0.0297
2008-06-16,3082.9,3067.09,3124.54,3007.58,158868.0,星期一,0.0014,-0.0051
2008-06-13,3172.77,3078.5,3195.86,3074.63,139533.0,星期五,0.0002,-0.0297
2008-06-12,3223.05,3172.06,3245.42,3107.57,181713.0,星期四,-0.0052,-0.0158
2008-06-11,3256.01,3239.75,3284.11,3199.74,166655.0,星期三,-0.0135,-0.005
2008-06-10,3437.25,3300.46,3448.51,3279.48,208324.0,星期二,-0.043,-0.0398
2008-06-06,3624.98,3591.73,3636.79,3572.08,119911.0,星期五,0.0021,-0.0092
2008-06-05,3626.86,3617.52,3643.7,3587.16,130308.0,星期四,-0.0052,-0.0026
2008-06-04,3700.43,3645.86,3704.53,3610.11,172670.0,星期三,-0.0038,-0.0147
2008-06-03,3727.67,3714.62,3748.38,3685.66,223483.0,星期二,-0.0003,-0.0035
2008-06-02,3703.38,3728.7,3754.11,3679.59,159227.0,星期一,-0.0033,0.0068
2008-05-30,3684.15,3715.71,3725.54,3655.81,157160.0,星期五,0.0023,0.0086
2008-05-29,3760.67,3675.62,3770.91,3672.61,154289.0,星期四,-0.0033,-0.0226
2008-05-28,3677.63,3773.18,3797.94,3653.17,166465.0,星期三,0.0018,0.026
2008-05-27,3650.96,3670.84,3693.96,3632.13,131331.0,星期二,-0.0017,0.0054
2008-05-26,3741.67,3657.1,3741.67,3648.86,146747.0,星期一,-0.0085,-0.0226
2008-05-23,3787.5,3773.79,3836.19,3731.9,187533.0,星期五,-0.0027,-0.0036
2008-05-22,3818.77,3797.9,3868.38,3785.61,215945.0,星期四,-0.015,-0.0055
2008-05-21,3761.69,3876.94,3896.36,3687.1,232853.0,星期三,-0.01,0.0306
2008-05-20,3995.38,3799.59,4035.0,3789.37,211995.0,星期二,-0.0004,-0.049
2008-05-19,4020.97,3996.96,4024.99,3953.25,155036.0,星期一,-0.0028,-0.006
2008-05-16,4035.04,4032.09,4075.77,3983.0,199163.0,星期五,0.0002,-0.0007
2008-05-15,4092.31,4034.12,4124.67,4033.81,241668.0,星期四,0.0076,-0.0142
2008-05-14,3915.78,4061.47,4061.58,3915.78,255446.0,星期三,-0.0029,0.0372
2008-05-13,3869.99,3926.98,4007.39,3861.73,256502.0,星期二,-0.0313,0.0147
2008-05-12,3899.33,3995.04,4048.76,3855.55,237329.0,星期一,-0.02,0.0245
2008-05-09,4081.59,3978.75,4093.06,3910.79,310753.0,星期五,0.0088,-0.0252
2008-05-08,3899.83,4045.84,4047.03,3884.81,246211.0,星期四,-0.0126,0.0374
2008-05-07,4123.07,3949.65,4186.31,3949.47,303494.0,星期三,-0.0064,-0.0421
2008-05-06,4161.9,4149.61,4215.41,4096.58,319410.0,星期二,-0.0092,-0.003
2008-05-05,4178.5,4200.35,4204.46,4121.73,352509.0,星期一,0.0146,0.0052
2008-04-30,3935.82,4118.49,4131.32,3935.73,431830.0,星期三,0.0058,0.0464
2008-04-29,3838.17,3913.25,3939.63,3835.78,240468.0,星期二,-0.0065,0.0196
2008-04-28,3887.27,3863.26,3937.12,3848.33,277989.0,星期一,-0.0165,-0.0062
2008-04-25,3939.18,3952.31,4071.95,3895.56,516381.0,星期五,0.0008,0.0033
2008-04-24,3896.9,3936.02,3944.09,3810.38,616761.0,星期四,0.0845,0.01
2008-04-23,3396.03,3593.35,3608.27,3374.79,285318.0,星期三,-0.0097,0.0581
2008-04-22,3309.15,3429.27,3430.87,3242.5,193556.0,星期二,-0.0174,0.0363
2008-04-21,3606.19,3367.89,3606.19,3319.11,248939.0,星期一,0.0764,-0.0661
2008-04-18,3424.25,3350.37,3466.02,3312.79,170235.0,星期五,-0.0091,-0.0216
2008-04-17,3557.74,3455.58,3625.44,3408.3,179900.0,星期四,-0.0001,-0.0287
2008-04-16,3634.89,3558.03,3643.71,3545.25,160387.0,星期三,-0.0028,-0.0211
2008-04-15,3590.21,3645.09,3645.95,3478.09,182582.0,星期二,-0.0068,0.0153
2008-04-14,3787.08,3614.82,3800.52,3603.93,193625.0,星期一,-0.0218,-0.0455
2008-04-11,3893.21,3871.29,3922.45,3845.61,137888.0,星期五,0.0123,-0.0056
2008-04-10,3753.19,3845.83,3849.88,3711.8,149935.0,星期四,-0.0104,0.0247
2008-04-09,3965.97,3792.47,4014.29,3792.42,216241.0,星期三,-0.0092,-0.0437
2008-04-08,3977.02,4002.97,4050.1,3937.65,256559.0,星期二,0.0014,0.0065
2008-04-07,3751.98,3971.6,3983.41,3720.77,244893.0,星期一,-0.0099,0.0585
2008-04-03,3648.1,3789.38,3795.81,3589.57,200034.0,星期四,-0.008,0.0387
2008-04-02,3702.67,3677.56,3813.77,3604.04,282714.0,星期三,0.0131,-0.0068
2008-04-01,3810.61,3654.77,3852.18,3623.56,218654.0,星期二,-0.0036,-0.0409
2008-03-31,3816.87,3824.55,3914.68,3802.02,178347.0,星期一,-0.0308,0.002
2008-03-28,3715.0,3938.08,3948.97,3674.77,268853.0,星期五,-0.0086,0.06
2008-03-27,3831.28,3747.34,3866.45,3743.35,188133.0,星期四,-0.019,-0.0219
2008-03-26,3914.26,3905.29,3995.28,3880.47,165771.0,星期三,0.0055,-0.0023
2008-03-25,3770.22,3892.91,3929.55,3738.51,191509.0,星期二,-0.0192,0.0325
2008-03-24,4091.51,3843.9,4108.35,3843.72,193827.0,星期一,0.0118,-0.0605
2008-03-21,4014.02,4043.71,4095.0,3971.69,234379.0,星期五,-0.0003,0.0074
2008-03-20,3858.68,4015.14,4060.41,3669.11,261402.0,星期四,-0.0126,0.0405
2008-03-19,3865.94,3908.02,3969.96,3809.28,216898.0,星期三,0.0211,0.0109
2008-03-18,3922.71,3785.94,3999.14,3719.43,202898.0,星期二,-0.0082,-0.0349
2008-03-17,4079.93,3955.04,4080.88,3947.47,160555.0,星期一,-0.0048,-0.0306
2008-03-14,4121.49,4099.78,4150.03,4028.04,145843.0,星期五,-0.0049,-0.0053
2008-03-13,4187.63,4141.75,4221.13,4061.6,205869.0,星期四,-0.0097,-0.011
2008-03-12,4464.68,4228.68,4481.12,4225.38,148723.0,星期三,0.0232,-0.0529
2008-03-11,4322.87,4363.35,4363.35,4247.86,139832.0,星期二,-0.0081,0.0094
2008-03-10,4521.31,4358.25,4521.37,4334.17,182631.0,星期一,-0.0077,-0.0361
2008-03-07,4561.91,4556.17,4626.0,4523.46,133075.0,星期五,-0.0111,-0.0013
2008-03-06,4566.15,4613.13,4691.04,4495.54,202543.0,星期四,0.0035,0.0103
2008-03-05,4592.45,4550.43,4632.69,4447.93,196878.0,星期三,-0.004,-0.0091
2008-03-04,4778.01,4610.78,4793.92,4597.44,224871.0,星期二,0.0044,-0.035
2008-03-03,4624.15,4756.94,4774.46,4576.29,190247.0,星期一,-0.006,0.0287
2008-02-29,4592.35,4651.96,4668.93,4571.59,117075.0,星期五,-0.0014,0.013
2008-02-28,4635.65,4599.01,4649.6,4561.95,122861.0,星期四,0.0019,-0.0079
2008-02-27,4525.23,4626.98,4655.92,4478.23,171583.0,星期三,0.0058,0.0225
2008-02-26,4616.49,4499.0,4642.59,4377.14,206889.0,星期二,0.0284,-0.0255
2008-02-25,4669.7,4489.2,4687.73,4480.05,205600.0,星期一,-0.0004,-0.0387
2008-02-22,4848.53,4671.66,4848.53,4630.38,223691.0,星期五,-0.0056,-0.0365
2008-02-21,4907.56,4875.88,4928.23,4808.7,188387.0,星期四,-0.0062,-0.0065
2008-02-20,5083.93,4938.13,5112.71,4932.08,229603.0,星期三,0.0015,-0.0287
2008-02-19,4990.35,5076.28,5076.28,4944.49,196220.0,星期二,0.0033,0.0172
2008-02-18,4946.67,4973.86,5012.25,4907.55,171967.0,星期一,0.0133,0.0055
2008-02-15,4920.07,4881.75,4920.07,4810.23,147565.0,星期五,-0.0079,-0.0078
2008-02-14,4946.08,4959.01,5003.25,4930.36,114601.0,星期四,0.0095,0.0026
2008-02-13,4953.04,4899.63,4969.15,4877.54,131478.0,星期三,-0.0158,-0.0108
2008-02-05,5062.21,5032.8,5113.87,4992.17,205676.0,星期二,-0.0024,-0.0058
2008-02-04,4811.53,5074.42,5076.29,4811.53,268502.0,星期一,0.0278,0.0546
2008-02-01,4688.31,4681.33,4749.24,4510.12,205970.0,星期五,0.0009,-0.0015
2008-01-31,4733.38,4684.16,4785.38,4675.84,184539.0,星期四,-0.0034,-0.0104
2008-01-30,4875.32,4749.38,4914.36,4641.38,188203.0,星期三,0.0121,-0.0258
2008-01-29,4811.46,4816.82,4913.68,4743.86,151016.0,星期二,0.0025,0.0011
2008-01-28,5109.77,4799.57,5109.77,4782.77,221729.0,星期一,-0.0096,-0.0607
2008-01-25,5089.9,5159.26,5207.32,5009.56,248405.0,星期五,-0.0016,0.0136
2008-01-24,5139.23,5098.11,5153.46,4998.14,294369.0,星期四,0.0132,-0.008
2008-01-23,4904.93,5072.35,5074.58,4860.62,310701.0,星期三,0.0087,0.0341
2008-01-22,5120.69,4862.85,5142.5,4805.41,357225.0,星期二,-0.0246,-0.0504
2008-01-21,5548.03,5249.88,5559.31,5226.31,249816.0,星期一,0.0019,-0.0537
2008-01-18,5492.34,5537.51,5550.66,5438.56,226888.0,星期五,-0.002,0.0082
2008-01-17,5576.23,5503.61,5666.24,5367.69,341459.0,星期四,-0.012,-0.013
2008-01-16,5812.77,5643.75,5812.77,5637.83,309321.0,星期三,-0.0101,-0.0291
2008-01-15,5944.71,5872.37,5947.7,5833.91,287433.0,星期二,0.0017,-0.0122
2008-01-14,5938.62,5934.45,5965.73,5892.67,268994.0,星期一,0.0041,-0.0007
2008-01-11,5887.84,5914.4,5916.23,5838.28,336318.0,星期五,0.0035,0.0045
2008-01-10,5829.9,5867.32,5898.95,5789.67,382452.0,星期四,0.0031,0.0064
2008-01-09,5722.06,5812.11,5813.73,5698.11,259250.0,星期三,-0.0038,0.0157
2008-01-08,5756.77,5743.83,5844.15,5699.71,379232.0,星期二,0.0036,-0.0022
2008-01-07,5665.67,5736.06,5750.02,5639.42,306386.0,星期一,-0.0007,0.0124
2008-01-04,5609.69,5669.37,5686.57,5598.1,302932.0,星期五,0.0009,0.0106
2008-01-03,5584.12,5604.79,5605.95,5481.98,375929.0,星期四,-0.0014,0.0037
2008-01-02,5585.55,5591.81,5617.33,5505.5,250694.0,星期三,0.0013,0.0011
2007-12-28,5626.13,5578.45,5640.65,5564.28,275293.0,星期五,0.002,-0.0085
2007-12-27,5517.48,5614.89,5614.98,5482.45,322684.0,星期四,0.004,0.0177
2007-12-26,5472.87,5495.48,5519.09,5422.27,246450.0,星期三,0.0027,0.0041
2007-12-25,5467.45,5458.17,5494.85,5427.81,237614.0,星期二,0.0016,-0.0017
2007-12-24,5382.95,5458.83,5493.54,5364.56,303422.0,星期一,0.0075,0.0141
2007-12-21,5266.1,5342.95,5359.41,5263.51,208349.0,星期五,-0.0044,0.0146
2007-12-20,5212.06,5289.17,5302.4,5169.99,177683.0,星期四,0.0049,0.0148
2007-12-19,5111.3,5186.76,5203.36,5095.55,189151.0,星期三,0.0105,0.0148
2007-12-18,5055.19,5057.95,5116.48,5023.87,132827.0,星期二,-0.007,0.0005
2007-12-17,5240.96,5090.87,5241.33,5087.0,214732.0,星期一,-0.0011,-0.0286
2007-12-14,5089.08,5246.75,5248.77,5060.17,178820.0,星期五,-0.0121,0.031
2007-12-13,5315.58,5151.39,5334.85,5147.67,216142.0,星期四,-0.0059,-0.0309
2007-12-12,5398.76,5346.92,5407.04,5304.44,234653.0,星期三,-0.007,-0.0096
2007-12-11,5475.68,5436.85,5500.7,5357.19,231487.0,星期二,0.0064,-0.0071
2007-12-10,5272.99,5440.92,5450.1,5257.98,249545.0,星期一,-0.017,0.0318
2007-12-07,5305.12,5364.42,5371.78,5302.63,147948.0,星期五,0.0017,0.0112
2007-12-06,5315.11,5296.36,5329.25,5252.13,136564.0,星期四,0.0037,-0.0035
2007-12-05,5150.67,5295.36,5300.88,5136.28,199700.0,星期三,0.0004,0.0281
2007-12-04,5096.34,5148.8,5219.17,5096.34,148240.0,星期二,0.0032,0.0103
2007-12-03,5012.54,5080.19,5124.33,4983.09,142428.0,星期一,-0.0054,0.0135
2007-11-30,5149.49,5039.9,5149.49,5023.44,187464.0,星期五,-0.0007,-0.0213
2007-11-29,4992.81,5153.04,5156.35,4921.43,257130.0,星期四,0.0141,0.0321
2007-11-28,4999.32,4923.61,5040.02,4890.89,149122.0,星期三,0.0026,-0.0151
2007-11-27,5045.77,4986.29,5099.4,4983.89,129123.0,星期二,-0.0091,-0.0118
2007-11-26,5232.96,5091.91,5256.45,5086.06,144456.0,星期一,0.0154,-0.027
2007-11-23,5020.56,5153.61,5154.37,4999.97,128906.0,星期五,-0.0083,0.0265
2007-11-22,5185.15,5062.63,5249.59,5048.43,160692.0,星期四,-0.0198,-0.0236
2007-11-21,5389.58,5289.67,5444.34,5285.86,158113.0,星期三,0.0033,-0.0185
2007-11-20,5261.28,5372.04,5407.59,5202.29,202852.0,星期二,-0.0066,0.0211
2007-11-19,5348.48,5296.32,5366.54,5270.99,150982.0,星期一,0.0015,-0.0098
2007-11-16,5339.15,5340.22,5370.06,5249.85,130873.0,星期五,-0.0173,0.0002
2007-11-15,5474.13,5433.06,5520.44,5418.61,182352.0,星期四,-0.0046,-0.0075
2007-11-14,5365.42,5499.18,5500.5,5256.72,221987.0,星期三,0.017,0.0249
2007-11-13,5385.22,5275.49,5451.94,5197.67,242171.0,星期二,0.0098,-0.0204
2007-11-12,5234.6,5333.12,5375.07,5120.21,257040.0,星期一,-0.0257,0.0188
2007-11-09,5351.83,5372.65,5460.44,5278.9,229071.0,星期五,-0.0105,0.0039
2007-11-08,5657.46,5408.5,5657.46,5404.64,225763.0,星期四,-0.0057,-0.044
2007-11-07,5675.29,5689.63,5718.6,5559.52,202289.0,星期三,0.0056,0.0025
2007-11-06,5661.97,5643.95,5749.9,5618.02,176630.0,星期二,-0.0071,-0.0032
2007-11-05,5824.39,5702.6,5866.96,5674.01,226081.0,星期一,-0.006,-0.0209
2007-11-02,5879.24,5859.6,5947.74,5831.85,294403.0,星期五,-0.016,-0.0033
2007-11-01,6047.23,5974.87,6058.23,5974.2,319203.0,星期四,0.0032,-0.012
2007-10-31,6032.3,6027.77,6053.04,5928.58,321586.0,星期三,0.0127,-0.0008
2007-10-30,5891.96,5956.82,5958.18,5814.1,265268.0,星期二,0.0033,0.011
2007-10-29,5780.55,5872.38,5878.46,5780.55,228250.0,星期一,0.006,0.0159
2007-10-26,5610.02,5746.26,5784.85,5600.02,214393.0,星期五,-0.0094,0.0243
2007-10-25,5853.52,5663.29,5883.0,5639.29,304299.0,星期四,-0.0072,-0.0325
2007-10-24,5837.53,5896.14,5957.99,5824.98,296181.0,星期三,0.0045,0.01
2007-10-23,5706.85,5811.28,5813.99,5637.17,269172.0,星期二,-0.0006,0.0183
2007-10-22,5777.1,5710.22,5829.52,5695.64,209456.0,星期一,-0.013,-0.0116
2007-10-19,5896.65,5852.9,5961.98,5798.12,234498.0,星期五,0.007,-0.0074
2007-10-18,6069.58,5855.58,6070.2,5829.63,306550.0,星期四,-0.002,-0.0353
2007-10-17,6117.28,6081.49,6152.97,6047.1,301987.0,星期三,-0.0038,-0.0059
2007-10-16,6113.99,6140.73,6172.28,6090.48,448253.0,星期二,0.0057,0.0044
2007-10-15,5998.63,6079.41,6085.14,5936.39,460225.0,星期一,0.0033,0.0135
2007-10-12,6022.37,5979.13,6044.93,5726.06,491475.0,星期五,0.0044,-0.0072
2007-10-11,5876.98,5995.7,5997.22,5845.48,424819.0,星期四,0.0021,0.0202
2007-10-10,5861.13,5864.79,5963.56,5831.25,403043.0,星期三,0.0031,0.0006
2007-10-09,5809.96,5843.08,5857.15,5748.45,324550.0,星期二,-0.0017,0.0057
2007-10-08,5838.03,5819.98,5864.95,5753.46,444265.0,星期一,0.0225,-0.0031
2007-09-28,5596.75,5709.5,5720.81,5596.75,284143.0,星期五,0.0097,0.0201
2007-09-27,5474.98,5542.71,5544.3,5450.96,184514.0,星期四,-0.0001,0.0124
2007-09-26,5532.61,5475.35,5609.07,5457.28,216690.0,星期三,-0.0041,-0.0103
2007-09-25,5623.59,5555.54,5643.96,5523.12,238386.0,星期二,0.0027,-0.0121
2007-09-24,5576.18,5608.2,5633.55,5487.58,299359.0,星期一,0.0012,0.0057
2007-09-21,5614.81,5569.28,5624.17,5461.45,345590.0,星期五,0.0019,-0.0081
2007-09-20,5545.35,5603.99,5619.69,5543.17,299060.0,星期四,0.0027,0.0106
2007-09-19,5600.24,5530.24,5614.57,5487.37,297062.0,星期三,0.0021,-0.0125
2007-09-18,5670.0,5588.31,5677.88,5514.44,421092.0,星期二,0.0055,-0.0144
2007-09-17,5539.19,5638.81,5645.91,5537.08,397710.0,星期一,-0.0004,0.018
2007-09-14,5500.45,5541.23,5549.91,5414.46,341472.0,星期五,0.0025,0.0074
2007-09-13,5353.26,5486.59,5488.36,5334.7,340465.0,星期四,0.0049,0.0249
2007-09-12,5242.71,5327.39,5352.09,5196.8,339039.0,星期三,-0.004,0.0162
2007-09-11,5509.92,5263.71,5543.19,5236.97,378999.0,星期二,0.0019,-0.0447
2007-09-10,5344.68,5499.41,5509.15,5300.96,358421.0,星期一,-0.0136,0.029
2007-09-07,5516.58,5418.32,5536.08,5405.81,437934.0,星期五,-0.0046,-0.0178
2007-09-06,5509.56,5542.04,5585.99,5488.9,406442.0,星期四,0.0048,0.0059
2007-09-05,5500.62,5483.24,5527.33,5383.33,366974.0,星期三,-0.0007,-0.0032
2007-09-04,5570.15,5504.66,5588.94,5475.4,470562.0,星期二,-0.0009,-0.0118
2007-09-03,5491.35,5575.0,5589.21,5491.35,435167.0,星期一,0.0064,0.0152
2007-08-31,5404.85,5456.4,5467.21,5356.37,344126.0,星期五,0.0019,0.0095
2007-08-30,5368.72,5394.34,5426.37,5341.75,321704.0,星期四,0.0048,0.0048
2007-08-29,5382.77,5343.15,5463.03,5313.18,392346.0,星期三,-0.0077,-0.0074
2007-08-28,5391.96,5424.58,5446.54,5306.58,418728.0,星期二,-0.0035,0.006
2007-08-27,5411.73,5410.96,5479.62,5363.0,453730.0,星期一,0.005,-0.0001
2007-08-24,5308.1,5384.59,5402.14,5303.07,393962.0,星期五,0.005,0.0144
2007-08-23,5216.6,5281.46,5305.45,5166.46,368882.0,星期四,0.0041,0.0124
2007-08-22,5036.69,5195.19,5221.28,5024.12,400179.0,星期三,-0.0144,0.0315
2007-08-21,5057.55,5110.53,5133.27,5048.99,436216.0,星期二,0.0063,0.0105
2007-08-20,4878.49,5025.71,5026.12,4874.03,408364.0,星期一,0.0292,0.0302
2007-08-17,4828.86,4740.29,4927.28,4728.55,393772.0,星期五,-0.0069,-0.0183
2007-08-16,4956.65,4862.48,4961.39,4813.72,392363.0,星期四,-0.0064,-0.019
2007-08-15,4977.65,4988.37,5027.18,4882.21,380781.0,星期三,0.0004,0.0022
2007-08-14,4922.12,4975.44,4985.36,4883.26,367542.0,星期二,-0.0003,0.0108
2007-08-13,4908.66,4923.38,4981.57,4857.01,597964.0,星期一,0.0002,0.003
2007-08-10,4924.59,4907.89,4951.46,4812.0,480997.0,星期五,-0.0022,-0.0034
2007-08-09,4790.48,4935.62,4935.62,4789.23,482332.0,星期四,0.0002,0.0303
2007-08-08,4785.96,4789.36,4864.3,4701.08,607675.0,星期三,-0.0101,0.0007
2007-08-07,4827.03,4834.89,4876.43,4751.04,474026.0,星期二,0.0026,0.0016
2007-08-06,4750.89,4814.56,4819.95,4732.44,438658.0,星期一,0.0093,0.0134
2007-08-03,4545.7,4707.16,4708.63,4545.7,477382.0,星期五,0.0083,0.0355
2007-08-02,4386.09,4508.18,4520.02,4379.13,351439.0,星期四,0.0058,0.0278
2007-08-01,4520.16,4360.86,4549.09,4335.34,439610.0,星期三,0.0042,-0.0352
2007-07-31,4447.6,4501.44,4510.93,4406.93,386412.0,星期二,-0.0022,0.0121
2007-07-30,4347.28,4457.57,4472.02,4346.36,436110.0,星期一,-0.001,0.0254
2007-07-27,4332.08,4351.62,4363.76,4285.98,358638.0,星期五,-0.0088,0.0045
2007-07-26,4376.66,4370.47,4397.42,4324.25,358594.0,星期四,0.0055,-0.0014
2007-07-25,4261.77,4352.55,4353.63,4260.55,381558.0,星期三,0.0013,0.0213
2007-07-24,4278.37,4256.04,4328.96,4234.05,438276.0,星期二,0.0063,-0.0052
2007-07-23,4116.53,4251.57,4254.45,4116.53,538558.0,星期一,0.0108,0.0328
2007-07-20,3895.92,4072.61,4072.76,3895.92,333456.0,星期五,-0.0,0.0454
2007-07-19,3895.6,3896.11,3931.94,3872.67,182209.0,星期四,-0.0038,0.0001
2007-07-18,3865.76,3910.55,3966.57,3847.75,306122.0,星期三,-0.0028,0.0116
2007-07-17,3757.5,3876.65,3893.33,3725.47,193395.0,星期二,-0.0024,0.0317
2007-07-16,3891.24,3766.46,3896.64,3765.58,158254.0,星期一,0.0011,-0.0321
2007-07-13,3895.27,3887.14,3898.88,3846.26,151575.0,星期五,0.0022,-0.0021
2007-07-12,3860.26,3886.81,3909.03,3846.24,181803.0,星期四,0.0026,0.0069
2007-07-11,3821.79,3850.28,3860.02,3797.54,183284.0,星期三,-0.0048,0.0075
2007-07-10,3879.92,3840.29,3917.34,3831.95,299011.0,星期二,0.0048,-0.0102
2007-07-09,3784.29,3861.27,3880.44,3759.85,293080.0,星期一,0.0081,0.0203
2007-07-06,3577.04,3753.7,3754.22,3535.36,265930.0,星期五,-0.0043,0.0494
2007-07-05,3735.58,3592.41,3759.12,3590.66,239053.0,星期四,-0.0133,-0.0383
2007-07-04,3884.64,3785.83,3891.7,3770.07,209107.0,星期三,0.0026,-0.0254
2007-07-03,3832.5,3874.55,3880.33,3803.24,260087.0,星期二,0.0049,0.011
2007-07-02,3806.53,3813.95,3857.46,3709.84,280856.0,星期一,-0.004,0.0019
2007-06-29,3814.09,3821.63,3914.4,3781.83,305330.0,星期五,-0.0176,0.002
2007-06-28,4025.23,3882.57,4062.51,3881.06,371136.0,星期四,0.0003,-0.0354
2007-06-27,3928.87,4024.04,4037.84,3904.48,335567.0,星期三,0.0045,0.0242
2007-06-26,3813.94,3911.31,3912.69,3768.54,275784.0,星期二,-0.016,0.0255
2007-06-25,4029.32,3876.15,4066.59,3853.32,372503.0,星期一,0.0043,-0.038
2007-06-22,4124.75,4011.94,4159.72,3932.15,412931.0,星期五,0.0019,-0.0273
2007-06-21,4034.97,4116.86,4126.36,4028.13,374187.0,星期四,-0.0045,0.0203
2007-06-20,4159.77,4053.24,4180.28,4034.4,436734.0,星期三,0.0056,-0.0256
2007-06-19,4111.99,4136.58,4147.31,4080.42,391176.0,星期二,-0.0017,0.006
2007-06-18,4068.61,4118.8,4136.43,4068.61,479158.0,星期一,0.0185,0.0123
2007-06-15,3944.53,3994.61,4008.8,3930.86,337133.0,星期五,-0.008,0.0127
2007-06-14,4011.53,3976.44,4032.73,3938.84,428252.0,星期四,-0.0037,-0.0087
2007-06-13,3980.63,4026.33,4050.27,3977.88,575273.0,星期三,0.0076,0.0115
2007-06-12,3877.22,3950.68,3951.84,3776.73,496716.0,星期二,0.0046,0.0189
2007-06-11,3794.04,3859.33,3865.17,3784.24,466903.0,星期一,0.0074,0.0172
2007-06-08,3766.25,3766.32,3788.65,3710.56,431606.0,星期五,0.002,0.0
2007-06-07,3681.68,3758.79,3759.11,3670.62,472164.0,星期四,0.0055,0.0209
2007-06-06,3654.4,3661.71,3693.45,3558.67,461886.0,星期三,0.0051,0.002
2007-06-05,3430.25,3635.87,3637.55,3253.73,612700.0,星期二,-0.0236,0.0599
2007-06-04,3801.66,3513.28,3816.49,3504.0,537095.0,星期一,0.0031,-0.0759
2007-06-01,3900.83,3789.95,3994.91,3762.3,702008.0,星期五,0.0067,-0.0284
2007-05-31,3733.87,3874.77,3930.67,3606.97,755950.0,星期四,-0.0081,0.0377
2007-05-30,3786.56,3764.52,3964.46,3721.64,773402.0,星期三,-0.0583,-0.0058
2007-05-29,3953.2,4020.98,4021.29,3947.98,622666.0,星期二,0.0046,0.0171
2007-05-28,3894.28,3935.12,3956.63,3889.39,629977.0,星期一,0.0109,0.0105
2007-05-25,3790.98,3852.2,3868.3,3773.52,473919.0,星期五,-0.0038,0.0161
2007-05-24,3841.73,3805.43,3862.21,3750.74,587325.0,星期四,0.003,-0.0094
2007-05-23,3780.66,3830.26,3830.99,3750.49,512123.0,星期三,0.0021,0.0131
2007-05-22,3750.75,3772.7,3790.16,3750.75,563832.0,星期二,0.0029,0.0059
2007-05-21,3592.69,3739.8,3758.93,3584.14,561867.0,星期一,-0.0323,0.0409
2007-05-18,3712.82,3712.72,3742.03,3687.85,427788.0,星期五,-0.0022,-0.0
2007-05-17,3668.87,3720.82,3734.31,3654.5,463312.0,星期四,0.0044,0.0142
2007-05-16,3564.62,3652.66,3653.52,3525.42,435263.0,星期三,-0.0026,0.0247
2007-05-15,3716.54,3573.79,3726.62,3570.94,528076.0,星期二,0.0013,-0.0384
2007-05-14,3620.95,3711.72,3750.62,3594.47,528926.0,星期一,-0.0144,0.0251
2007-05-11,3669.27,3673.89,3687.45,3599.96,492880.0,星期五,-0.0073,0.0013
2007-05-10,3675.59,3696.23,3715.82,3644.72,693561.0,星期四,0.0017,0.0056
2007-05-09,3641.23,3669.34,3675.05,3533.51,852498.0,星期三,0.0034,0.0077
2007-05-08,3597.26,3628.88,3643.05,3566.89,579109.0,星期二,0.0232,0.0088
2007-04-30,3458.98,3515.81,3527.05,3437.58,483834.0,星期一,0.0096,0.0164
2007-04-27,3466.72,3425.93,3468.82,3399.19,411653.0,星期五,0.0013,-0.0118
2007-04-26,3447.33,3462.18,3464.88,3416.22,417758.0,星期四,0.0062,0.0043
2007-04-25,3396.32,3425.93,3447.92,3342.93,581110.0,星期三,-0.0026,0.0087
2007-04-24,3422.74,3405.05,3449.68,3378.06,599498.0,星期二,0.0079,-0.0052
2007-04-23,3294.73,3395.79,3398.02,3294.11,628314.0,星期一,0.0105,0.0307
2007-04-20,3151.82,3260.53,3269.63,3151.82,496325.0,星期五,0.0041,0.0345
2007-04-19,3276.21,3138.9,3276.97,3050.21,624571.0,星期四,-0.0019,-0.0419
2007-04-18,3294.9,3282.58,3295.04,3237.19,533268.0,星期三,0.001,-0.0037
2007-04-17,3314.29,3291.49,3326.69,3200.63,523992.0,星期二,0.0044,-0.0069
2007-04-16,3221.95,3299.66,3300.35,3221.71,462388.0,星期一,0.0017,0.0241
2007-04-13,3226.48,3216.42,3255.87,3204.19,532551.0,星期五,0.002,-0.0031
2007-04-12,3183.81,3219.9,3222.96,3166.23,481979.0,星期四,0.002,0.0113
2007-04-11,3151.43,3177.61,3178.91,3115.49,571076.0,星期三,0.0045,0.0083
2007-04-10,3113.49,3137.41,3139.83,3061.11,558309.0,星期二,0.0426,0.0077
2007-04-03,2963.96,2986.33,2986.77,2954.07,443720.0,星期二,0.0043,0.0075
2007-04-02,2891.39,2951.32,2951.7,2891.39,412068.0,星期一,0.0047,0.0207
2007-03-30,2876.94,2877.97,2904.5,2859.18,365163.0,星期五,-0.0055,0.0004
2007-03-29,2882.46,2892.83,2946.34,2875.38,708602.0,星期四,0.0028,0.0036
2007-03-28,2845.2,2874.46,2878.04,2762.7,657294.0,星期三,0.0011,0.0103
2007-03-27,2838.8,2842.03,2849.79,2816.98,434831.0,星期二,0.0022,0.0011
2007-03-26,2794.67,2832.49,2833.09,2780.48,401576.0,星期一,0.002,0.0135
2007-03-23,2790.48,2789.01,2808.67,2729.08,390334.0,星期五,-0.001,-0.0005
2007-03-22,2798.61,2793.29,2820.4,2783.15,434584.0,星期四,0.0078,-0.0019
2007-03-21,2764.75,2777.08,2788.45,2749.41,310000.0,星期三,0.0048,0.0045
2007-03-20,2762.27,2751.61,2765.38,2724.11,319003.0,星期二,0.0039,-0.0039
2007-03-19,2615.92,2751.46,2768.63,2606.97,427672.0,星期一,-0.0242,0.0518
2007-03-16,2731.84,2680.79,2741.61,2654.03,374748.0,星期五,0.0038,-0.0187
2007-03-15,2666.5,2721.54,2722.06,2666.5,306183.0,星期四,-0.0005,0.0206
2007-03-14,2692.4,2667.78,2694.42,2629.47,320445.0,星期三,-0.0128,-0.0091
2007-03-13,2715.6,2727.36,2728.44,2695.01,317272.0,星期二,0.0018,0.0043
2007-03-12,2718.61,2710.82,2721.23,2664.09,314340.0,星期一,0.0007,-0.0029
2007-03-09,2736.36,2716.81,2751.72,2695.01,379388.0,星期五,0.0017,-0.0071
2007-03-08,2707.96,2731.62,2732.25,2671.82,275038.0,星期四,0.0025,0.0087
2007-03-07,2645.63,2701.28,2715.01,2643.63,323262.0,星期三,0.0047,0.021
2007-03-06,2564.85,2633.19,2658.84,2549.42,286517.0,星期二,-0.0027,0.0266
2007-03-05,2612.61,2571.88,2649.13,2512.35,367419.0,星期一,-0.0032,-0.0156
2007-03-02,2576.94,2621.11,2635.55,2562.75,309326.0,星期五,-0.0024,0.0171
2007-03-01,2660.95,2583.15,2660.99,2550.14,397069.0,星期四,0.0008,-0.0292
2007-02-28,2530.39,2658.83,2671.62,2530.39,432607.0,星期三,-0.0192,0.0508
2007-02-27,2856.84,2579.89,2858.8,2577.55,558747.0,星期二,0.0029,-0.0969
2007-02-26,2832.22,2848.46,2853.76,2789.09,421386.0,星期一,-0.0023,0.0057
2007-02-16,2864.66,2838.72,2881.49,2820.28,403811.0,星期五,0.0087,-0.0091
2007-02-15,2782.21,2840.05,2841.19,2782.21,374221.0,星期四,0.008,0.0208
2007-02-14,2692.09,2760.04,2766.45,2683.84,329593.0,星期三,0.0019,0.0252
2007-02-13,2662.11,2687.08,2691.64,2650.98,274442.0,星期二,0.0055,0.0094
2007-02-12,2545.37,2647.67,2648.03,2542.6,304155.0,星期一,0.0,0.0402
2007-02-09,2572.51,2545.34,2574.97,2522.77,301872.0,星期五,0.0011,-0.0106
2007-02-08,2542.84,2569.78,2576.16,2512.36,324853.0,星期四,0.0028,0.0106
2007-02-07,2492.05,2535.67,2568.9,2492.05,418600.0,星期三,0.0064,0.0175
2007-02-06,2422.86,2476.32,2477.92,2325.43,432570.0,星期二,-0.0019,0.0221
2007-02-05,2462.93,2427.58,2481.18,2409.8,268723.0,星期一,-0.0072,-0.0144
2007-02-02,2600.02,2480.8,2606.26,2472.43,333432.0,星期五,-0.0005,-0.0459
2007-02-01,2557.37,2601.34,2617.9,2510.15,355202.0,星期四,-0.016,0.0172
2007-01-31,2779.2,2598.93,2781.7,2577.57,475802.0,星期三,-0.0028,-0.0649
2007-01-30,2826.92,2787.02,2846.07,2765.46,449134.0,星期二,0.0042,-0.0141
2007-01-29,2771.99,2815.16,2836.8,2763.34,476784.0,星期一,0.0065,0.0156
2007-01-26,2641.04,2753.97,2768.46,2585.04,427023.0,星期五,-0.0146,0.0428
2007-01-25,2724.47,2680.21,2760.44,2674.47,438091.0,星期四,-0.0099,-0.0162
2007-01-24,2712.19,2751.58,2782.28,2697.28,471462.0,星期三,0.0005,0.0145
2007-01-23,2709.97,2710.85,2720.71,2612.19,548092.0,星期二,0.0067,0.0003
2007-01-22,2621.22,2691.85,2692.51,2621.22,498845.0,星期一,0.0108,0.0269
2007-01-19,2517.13,2593.31,2594.07,2517.13,418893.0,星期五,-0.0003,0.0303
2007-01-18,2508.39,2517.87,2535.01,2440.65,432032.0,星期四,-0.0087,0.0038
2007-01-17,2588.63,2530.5,2626.78,2487.36,476082.0,星期三,0.0022,-0.0225
2007-01-16,2547.35,2583.0,2583.84,2524.6,433780.0,星期二,0.0114,0.014
2007-01-15,2391.39,2518.63,2519.49,2391.39,388765.0,星期一,-0.0014,0.0532
2007-01-12,2431.89,2394.84,2469.97,2375.12,423341.0,星期五,-0.007,-0.0152
2007-01-11,2482.54,2449.0,2512.06,2442.64,453598.0,星期四,-0.0001,-0.0135
2007-01-10,2443.99,2482.9,2482.92,2417.84,482497.0,星期三,0.0063,0.0159
2007-01-09,2344.58,2428.57,2429.5,2335.66,481847.0,星期二,0.0014,0.0358
2007-01-08,2286.23,2341.2,2343.54,2281.86,503169.0,星期一,-0.0007,0.024
2007-01-05,2281.69,2287.86,2319.52,2255.1,616365.0,星期五,-0.0098,0.0027
2007-01-04,2313.01,2304.24,2406.14,2288.2,724745.0,星期四,0.0187,-0.0038
2006-12-29,2203.94,2270.52,2285.8,2203.94,508738.0,星期五,0.008,0.0302
2006-12-28,2188.87,2186.54,2228.27,2171.21,422428.0,星期四,0.0029,-0.0011
2006-12-27,2129.33,2182.57,2183.12,2128.97,382814.0,星期三,0.0015,0.025
2006-12-26,2123.02,2126.11,2153.28,2098.66,378503.0,星期二,0.0013,0.0015
2006-12-25,2067.25,2120.31,2144.87,2067.25,366967.0,星期一,0.0023,0.0257
2006-12-22,2064.07,2062.44,2089.04,2047.46,260389.0,星期五,-0.0058,-0.0008
2006-12-21,2107.08,2076.02,2117.71,2073.94,329760.0,星期四,-0.0003,-0.0147
2006-12-20,2086.58,2107.78,2108.36,2063.37,295339.0,星期三,-0.0052,0.0102
2006-12-19,2105.85,2097.58,2123.65,2060.59,403633.0,星期二,0.005,-0.0039
2006-12-18,2044.41,2095.28,2096.55,2044.41,373211.0,星期一,0.0032,0.0249
2006-12-15,2014.62,2037.88,2038.2,1998.66,278109.0,星期五,0.0037,0.0115
2006-12-14,1978.71,2007.17,2007.31,1973.55,279940.0,星期四,0.0022,0.0144
2006-12-13,1979.83,1974.46,1990.69,1948.89,316165.0,星期三,0.0019,-0.0027
2006-12-12,1965.18,1976.02,1994.49,1939.4,390581.0,星期二,0.0053,0.0055
2006-12-11,1854.88,1954.88,1955.26,1854.88,321848.0,星期一,-0.0041,0.0539
2006-12-08,1903.95,1862.52,1933.27,1860.43,419227.0,星期五,-0.0138,-0.0218
2006-12-07,1919.01,1930.66,1984.54,1916.29,522010.0,星期四,-0.0021,0.0061
2006-12-06,1933.67,1923.08,1953.74,1857.27,477290.0,星期三,0.0006,-0.0055
2006-12-05,1920.75,1932.42,1955.37,1916.57,384251.0,星期二,0.0027,0.0061
2006-12-04,1853.94,1915.5,1915.69,1853.42,423045.0,星期一,0.0004,0.0332
2006-12-01,1847.12,1853.14,1869.35,1842.15,310824.0,星期五,0.0026,0.0033
2006-11-30,1788.81,1842.42,1842.72,1788.81,340206.0,星期四,0.0028,0.03
2006-11-29,1730.3,1783.85,1792.8,1718.39,261061.0,星期三,-0.0182,0.0309
2006-11-28,1773.35,1762.31,1780.56,1746.7,273361.0,星期二,-0.0015,-0.0062
2006-11-27,1761.6,1776.02,1776.02,1753.12,291837.0,星期一,-0.0041,0.0082
2006-11-24,1769.65,1768.85,1773.71,1747.55,314195.0,星期五,-0.0044,-0.0005
2006-11-23,1763.85,1777.4,1789.21,1758.58,351085.0,星期四,0.0001,0.0077
2006-11-22,1749.14,1763.68,1784.12,1735.71,381462.0,星期三,-0.0024,0.0083
2006-11-21,1732.45,1753.39,1753.41,1703.63,324624.0,星期二,-0.0014,0.0121
2006-11-20,1693.68,1734.94,1735.04,1693.68,370137.0,星期一,0.0045,0.0244
2006-11-17,1646.39,1686.13,1686.64,1638.37,306615.0,星期五,-0.0045,0.0241
2006-11-16,1656.07,1653.85,1686.09,1651.38,428761.0,星期四,0.0036,-0.0013
2006-11-15,1601.4,1650.17,1650.45,1598.2,279612.0,星期三,0.0006,0.0305
2006-11-14,1581.4,1600.43,1600.68,1556.47,248437.0,星期二,0.0001,0.012
2006-11-13,1598.92,1581.19,1618.55,1570.46,274479.0,星期一,-0.0034,-0.0111
2006-11-10,1618.24,1604.33,1640.97,1591.27,384364.0,星期五,0.0007,-0.0086
2006-11-09,1574.88,1617.15,1621.45,1572.0,227182.0,星期四,-0.0036,0.0268
2006-11-08,1596.63,1580.51,1598.0,1578.85,179925.0,星期三,-0.0031,-0.0101
2006-11-07,1592.76,1601.59,1601.9,1574.4,264069.0,星期二,0.0045,0.0055
2006-11-06,1540.8,1585.63,1585.86,1535.3,263762.0,星期一,-0.0074,0.0291
2006-11-03,1544.73,1552.36,1564.04,1543.53,250378.0,星期五,0.0018,0.0049
2006-11-02,1545.25,1541.88,1547.16,1526.7,266117.0,星期四,0.0015,-0.0022
2006-11-01,1528.6,1543.01,1543.14,1525.61,241384.0,星期三,0.0009,0.0094
2006-10-31,1506.65,1527.19,1527.57,1506.65,230523.0,星期二,0.0011,0.0136
2006-10-30,1492.55,1505.06,1505.13,1487.77,214126.0,星期一,-0.0016,0.0084
2006-10-27,1508.17,1494.94,1515.05,1488.87,238502.0,星期五,0.0,-0.0088
2006-10-26,1490.86,1508.1,1508.7,1479.81,260721.0,星期四,0.0003,0.0116
2006-10-25,1481.9,1490.39,1506.08,1479.32,185019.0,星期三,0.0022,0.0057
2006-10-24,1444.51,1478.58,1478.78,1444.51,139792.0,星期二,-0.0001,0.0236
2006-10-23,1469.26,1444.71,1476.98,1439.83,149023.0,星期一,-0.0007,-0.0167
2006-10-20,1467.6,1470.24,1478.65,1465.21,127709.0,星期五,0.0011,0.0018
2006-10-19,1466.01,1465.97,1473.89,1461.31,116136.0,星期四,0.001,-0.0
2006-10-18,1437.69,1464.49,1464.49,1437.14,121648.0,星期三,-0.0002,0.0186
2006-10-17,1443.02,1437.94,1451.43,1434.05,116346.0,星期二,-0.0021,-0.0035
2006-10-16,1462.95,1446.05,1465.2,1442.73,139713.0,星期一,0.0009,-0.0116
2006-10-13,1454.78,1461.68,1468.14,1451.2,154983.0,星期五,-0.0012,0.0047
2006-10-12,1462.87,1456.51,1467.62,1452.14,206857.0,星期四,0.0005,-0.0043
2006-10-11,1462.57,1462.12,1466.23,1448.8,166801.0,星期三,-0.0002,-0.0003
2006-10-10,1467.41,1462.92,1474.78,1455.73,204458.0,星期二,0.001,-0.0031
2006-10-09,1447.99,1465.97,1466.48,1445.31,231549.0,星期一,0.014,0.0124
2006-09-29,1412.76,1427.97,1429.7,1412.67,140290.0,星期五,0.0014,0.0108
2006-09-28,1395.83,1410.75,1412.44,1391.73,104840.0,星期四,0.0006,0.0107
2006-09-27,1381.16,1394.97,1395.16,1377.47,80687.0,星期三,-0.0008,0.01
2006-09-26,1397.98,1382.32,1399.38,1376.61,101016.0,星期二,-0.001,-0.0112
2006-09-25,1400.2,1399.31,1411.15,1389.56,120395.0,星期一,-0.0015,-0.0006
2006-09-22,1420.19,1402.34,1425.55,1401.07,148763.0,星期五,0.0025,-0.0126
2006-09-21,1406.28,1416.58,1422.8,1406.28,138013.0,星期四,-0.0005,0.0073
2006-09-20,1405.88,1407.0,1411.04,1394.57,120031.0,星期三,-0.0016,0.0008
2006-09-19,1407.75,1408.08,1417.45,1401.88,130222.0,星期二,0.0017,0.0002
2006-09-18,1403.78,1405.34,1408.84,1396.33,179769.0,星期一,0.0047,0.0011
2006-09-15,1367.48,1397.23,1397.59,1367.46,241425.0,星期五,0.0003,0.0218
2006-09-14,1368.24,1367.11,1376.45,1354.77,122970.0,星期四,0.0009,-0.0008
2006-09-13,1370.79,1367.07,1386.4,1366.33,208992.0,星期三,0.0009,-0.0027
2006-09-12,1358.92,1369.6,1373.09,1357.63,162348.0,星期二,0.0002,0.0079
2006-09-11,1348.98,1358.71,1358.74,1339.37,104503.0,星期一,0.0004,0.0072
2006-09-08,1343.62,1348.49,1350.16,1341.01,79734.0,星期五,-0.0001,0.0036
2006-09-07,1362.18,1343.76,1362.18,1339.87,110832.0,星期四,0.0014,-0.0135
2006-09-06,1356.5,1360.26,1360.35,1347.15,101184.0,星期三,0.0003,0.0028
2006-09-05,1355.85,1356.04,1363.16,1350.96,127202.0,星期二,0.0021,0.0001
2006-09-04,1332.4,1352.95,1352.95,1332.32,91660.0,星期一,-0.0015,0.0154
2006-09-01,1354.1,1334.35,1355.47,1331.6,111932.0,星期五,-0.0,-0.0146
2006-08-31,1353.24,1354.13,1359.75,1348.35,100977.0,星期四,0.0007,0.0007
2006-08-30,1346.86,1352.33,1354.4,1340.12,82239.0,星期三,-0.0019,0.0041
2006-08-29,1347.55,1349.46,1366.53,1345.16,144602.0,星期二,0.0014,0.0014
2006-08-28,1318.47,1345.68,1345.68,1318.47,124516.0,星期一,0.0024,0.0206
2006-08-25,1314.82,1315.34,1321.24,1312.36,83408.0,星期五,0.001,0.0004
2006-08-24,1306.53,1313.45,1313.45,1297.01,69926.0,星期四,-0.0004,0.0053
2006-08-23,1302.91,1307.06,1315.07,1302.91,92253.0,星期三,-0.0004,0.0032
2006-08-22,1287.81,1303.41,1307.16,1287.47,76022.0,星期二,-0.0005,0.0121
2006-08-21,1259.62,1288.4,1288.61,1254.07,65567.0,星期一,-0.0222,0.0228
2006-08-18,1290.16,1288.21,1300.91,1285.82,66843.0,星期五,-0.0012,-0.0015
2006-08-17,1300.71,1291.69,1300.71,1284.76,67735.0,星期四,-0.0025,-0.0069
2006-08-16,1289.78,1304.03,1304.05,1284.85,105179.0,星期三,0.001,0.011
2006-08-15,1266.61,1288.43,1288.45,1264.57,70645.0,星期二,-0.0022,0.0172
2006-08-14,1291.32,1269.42,1297.74,1265.18,77691.0,星期一,-0.0001,-0.017
2006-08-11,1291.76,1291.45,1294.31,1283.21,72637.0,星期五,0.0007,-0.0002
2006-08-10,1269.42,1290.82,1290.91,1269.26,96824.0,星期四,-0.0001,0.0169
2006-08-09,1273.96,1269.55,1276.54,1265.44,59311.0,星期三,0.0014,-0.0035
2006-08-08,1248.41,1272.22,1272.22,1248.41,72727.0,星期二,0.0003,0.0191
2006-08-07,1256.75,1248.02,1264.67,1245.42,75417.0,星期一,-0.0064,-0.0069
2006-08-04,1287.61,1264.86,1294.11,1262.24,76156.0,星期五,0.0006,-0.0177
2006-08-03,1289.03,1286.83,1292.77,1275.87,63745.0,星期四,0.0014,-0.0017
2006-08-02,1292.45,1287.19,1299.0,1272.36,86689.0,星期三,0.0001,-0.0041
2006-08-01,1300.77,1292.38,1310.26,1289.14,81160.0,星期二,-0.0015,-0.0065
2006-07-31,1341.24,1302.74,1342.39,1301.37,105710.0,星期一,-0.0017,-0.0287
2006-07-28,1358.31,1343.46,1361.66,1332.73,95622.0,星期五,-0.0002,-0.0109
2006-07-27,1372.84,1358.63,1380.48,1351.84,106040.0,星期四,-0.0003,-0.0104
2006-07-26,1377.07,1373.32,1380.4,1368.84,84781.0,星期三,0.002,-0.0027
2006-07-25,1362.73,1374.29,1378.83,1362.73,97631.0,星期二,0.001,0.0085
2006-07-24,1345.06,1361.39,1362.96,1334.64,93369.0,星期一,-0.0116,0.0121
2006-07-21,1348.13,1360.78,1362.08,1347.64,90495.0,星期五,-0.0001,0.0094
2006-07-20,1338.66,1348.22,1349.87,1333.04,81044.0,星期四,-0.0011,0.0071
2006-07-19,1371.49,1340.13,1371.69,1334.46,111397.0,星期三,-0.0024,-0.0229
2006-07-18,1375.83,1374.76,1375.83,1363.56,97419.0,星期二,-0.0003,-0.0008
2006-07-17,1362.09,1376.18,1377.38,1355.35,102596.0,星期一,-0.0024,0.0103
2006-07-14,1344.16,1365.41,1374.96,1337.12,148685.0,星期五,-0.0081,0.0158
2006-07-13,1417.24,1355.14,1418.69,1352.05,224017.0,星期四,-0.0018,-0.0438
2006-07-12,1419.94,1419.83,1429.4,1416.44,151561.0,星期三,-0.0,-0.0001
2006-07-11,1421.1,1419.96,1422.53,1410.85,121873.0,星期二,0.0011,-0.0008
2006-07-10,1418.28,1419.6,1421.4,1405.9,122163.0,星期一,-0.0,0.0009
2006-07-07,1432.75,1418.3,1435.98,1413.87,144215.0,星期五,0.0019,-0.0101
2006-07-06,1407.01,1430.04,1430.21,1405.58,141628.0,星期四,-0.0015,0.0164
2006-07-05,1429.77,1409.15,1429.77,1395.6,160005.0,星期三,-0.0008,-0.0144
2006-07-04,1449.98,1430.95,1451.3,1421.64,200393.0,星期二,0.0018,-0.0131
2006-07-03,1423.63,1447.39,1447.39,1420.23,200048.0,星期一,0.0037,0.0167
2006-06-30,1428.19,1418.34,1435.12,1409.2,188850.0,星期五,0.005,-0.0069
2006-06-29,1389.51,1421.07,1422.42,1389.51,220468.0,星期四,0.0013,0.0227
2006-06-28,1385.08,1387.64,1391.44,1377.35,133090.0,星期三,-0.0019,0.0018
2006-06-27,1389.38,1387.68,1394.26,1378.96,129992.0,星期二,0.0013,-0.0012
2006-06-26,1361.7,1387.55,1387.74,1361.7,154783.0,星期一,0.0017,0.019
2006-06-23,1350.57,1359.36,1361.18,1341.54,117829.0,星期五,-0.0022,0.0065
2006-06-22,1353.47,1353.51,1364.85,1349.19,125589.0,星期四,-0.0007,0.0
2006-06-21,1358.9,1354.4,1366.62,1338.77,152188.0,星期三,-0.0008,-0.0033
2006-06-20,1355.93,1359.94,1364.71,1347.53,128085.0,星期二,-0.0011,0.003
2006-06-19,1331.03,1357.38,1364.89,1319.29,140867.0,星期一,-0.0089,0.0198
2006-06-16,1316.4,1342.94,1342.95,1316.4,132059.0,星期五,0.0036,0.0202
2006-06-15,1309.73,1311.62,1325.35,1306.57,99979.0,星期四,-0.0002,0.0014
2006-06-14,1319.61,1309.95,1319.61,1297.42,129999.0,星期三,-0.0049,-0.0073
2006-06-13,1328.45,1326.06,1341.46,1315.01,137035.0,星期二,-0.0016,-0.0018
2006-06-12,1314.61,1330.54,1341.81,1307.1,132977.0,星期一,-0.0083,0.0121
2006-06-09,1350.56,1325.58,1358.18,1324.19,184975.0,星期五,-0.0027,-0.0185
2006-06-08,1337.94,1354.23,1359.89,1317.88,233839.0,星期四,-0.0065,0.0122
2006-06-07,1419.4,1346.63,1419.4,1346.09,276477.0,星期三,0.0001,-0.0513
2006-06-06,1416.03,1419.21,1434.27,1407.17,247661.0,星期二,-0.0018,0.0022
2006-06-05,1406.83,1418.53,1418.69,1378.41,277685.0,星期一,-0.0007,0.0083
2006-06-02,1427.2,1407.81,1429.62,1399.59,298521.0,星期五,0.0009,-0.0136
2006-06-01,1393.58,1425.94,1426.23,1390.02,259758.0,星期四,-0.0014,0.0232
2006-05-31,1410.37,1395.47,1415.19,1385.59,225875.0,星期三,-0.0008,-0.0106
2006-05-30,1417.14,1411.5,1419.28,1398.97,214233.0,星期二,0.0069,-0.004
2006-05-29,1378.48,1407.43,1408.0,1370.64,240747.0,星期一,,0.021
