time,open,close,high,low,vol,day,open-percent,close-percent
2026-06-26,1877.74,1843.32,1902.78,1842.79,70260.0,星期五,0.0007,-0.0183
2026-06-25,1875.23,1876.41,1908.7,1852.37,63421.0,星期四,-0.0067,0.0006
2026-06-24,1940.27,1887.96,1941.16,1872.06,70726.0,星期三,0.0001,-0.027
2026-06-23,1973.27,1940.03,2008.95,1931.87,68425.0,星期二,-0.0042,-0.0168
2026-06-22,1952.08,1981.59,1983.44,1926.5,70931.0,星期一,-0.0051,0.0151
2026-06-18,1995.56,1962.12,1997.5,1950.91,63034.0,星期四,-0.0017,-0.0168
2026-06-17,2001.39,1998.88,2016.96,1980.51,65542.0,星期三,-0.002,-0.0013
2026-06-16,2052.92,2005.36,2052.92,1999.21,74538.0,星期二,-0.0032,-0.0232
2026-06-15,2071.14,2059.47,2102.09,2042.36,67116.0,星期一,0.0032,-0.0056
2026-06-12,2047.22,2064.46,2091.02,2027.51,97843.0,星期五,0.0036,0.0084
2026-06-11,2040.29,2039.88,2055.71,2026.03,58644.0,星期四,-0.0061,-0.0002
2026-06-10,2033.37,2052.75,2054.67,2029.64,57807.0,星期三,-0.0077,0.0095
2026-06-09,2069.45,2049.09,2071.32,2015.13,78280.0,星期二,0.0026,-0.0098
2026-06-08,2088.48,2064.04,2116.46,2046.29,77871.0,星期一,-0.013,-0.0117
2026-06-05,2130.81,2115.96,2175.24,2109.58,80429.0,星期五,0.0029,-0.007
2026-06-04,2161.5,2124.57,2182.21,2110.87,87964.0,星期四,-0.0055,-0.0171
2026-06-03,2212.33,2173.39,2213.44,2151.72,90437.0,星期三,-0.0046,-0.0176
2026-06-02,2264.13,2222.47,2274.48,2206.83,94494.0,星期二,-0.0006,-0.0184
2026-06-01,2221.68,2265.56,2278.66,2206.77,117132.0,星期一,-0.0106,0.0198
2026-05-29,2186.46,2245.5,2296.91,2186.46,163120.0,星期五,0.0071,0.027
2026-05-28,2171.03,2171.12,2206.49,2153.77,65944.0,星期四,-0.003,0.0
2026-05-27,2224.23,2177.65,2227.69,2152.66,80551.0,星期三,-0.0033,-0.0209
2026-05-26,2236.71,2231.63,2248.34,2209.27,74900.0,星期二,-0.0057,-0.0023
2026-05-25,2214.75,2249.53,2262.71,2214.75,78030.0,星期一,-0.0027,0.0157
2026-05-22,2242.74,2220.74,2255.3,2215.39,84103.0,星期五,0.0004,-0.0098
2026-05-21,2318.82,2241.8,2342.37,2237.68,116103.0,星期四,-0.0066,-0.0332
2026-05-20,2352.21,2334.23,2355.4,2304.72,83686.0,星期三,-0.0123,-0.0076
2026-05-19,2343.4,2381.39,2384.66,2343.4,57649.0,星期二,-0.0118,0.0162
2026-05-18,2426.63,2371.3,2429.46,2356.75,69075.0,星期一,-0.0158,-0.0228
2026-05-15,2536.05,2465.51,2538.2,2452.96,98565.0,星期五,0.0,-0.0278
2026-05-14,2619.43,2536.04,2635.59,2535.57,98721.0,星期四,0.0041,-0.0318
2026-05-13,2626.78,2608.7,2643.51,2589.87,104029.0,星期三,-0.0051,-0.0069
2026-05-12,2627.74,2640.35,2692.78,2604.55,128767.0,星期二,-0.0021,0.0048
2026-05-11,2584.97,2633.21,2665.3,2566.63,145275.0,星期一,0.0017,0.0187
2026-05-08,2525.45,2580.69,2597.86,2522.99,132723.0,星期五,-0.0046,0.0219
2026-05-07,2510.65,2537.17,2549.12,2507.84,127276.0,星期四,-0.0013,0.0106
2026-05-06,2466.51,2513.95,2523.57,2462.66,143503.0,星期三,0.006,0.0192
2026-04-30,2418.24,2451.91,2474.25,2402.87,116584.0,星期四,0.0023,0.0139
2026-04-29,2361.52,2412.6,2426.46,2361.52,84440.0,星期三,-0.0006,0.0216
2026-04-28,2339.16,2362.98,2382.23,2339.16,96912.0,星期二,0.0007,0.0102
2026-04-27,2366.16,2337.5,2366.84,2319.11,93794.0,星期一,0.0024,-0.0121
2026-04-24,2365.66,2360.41,2372.64,2346.34,84817.0,星期五,-0.0053,-0.0022
2026-04-23,2386.02,2378.3,2401.6,2369.95,80788.0,星期四,-0.0034,-0.0032
2026-04-22,2390.71,2394.07,2411.84,2382.2,91654.0,星期三,-0.004,0.0014
2026-04-21,2391.38,2400.21,2417.17,2383.49,65821.0,星期二,-0.0016,0.0037
2026-04-20,2408.04,2395.16,2408.53,2374.52,75148.0,星期一,-0.0033,-0.0053
2026-04-17,2359.96,2415.98,2440.53,2356.64,72773.0,星期五,0.0004,0.0237
2026-04-16,2354.6,2359.02,2380.5,2347.64,41876.0,星期四,-0.0012,0.0019
2026-04-15,2371.42,2357.32,2402.21,2349.41,65837.0,星期三,-0.0012,-0.0059
2026-04-14,2330.91,2374.29,2375.88,2312.34,87679.0,星期二,0.006,0.0186
2026-04-13,2287.76,2316.98,2323.84,2283.9,49430.0,星期一,-0.0063,0.0128
2026-04-10,2294.68,2302.19,2324.71,2294.68,44186.0,星期五,0.0036,0.0033
2026-04-09,2315.2,2286.44,2319.73,2278.98,50661.0,星期四,-0.0086,-0.0124
2026-04-08,2282.34,2335.36,2335.36,2282.34,64550.0,星期三,0.0144,0.0232
2026-04-07,2251.51,2249.99,2266.86,2239.23,37351.0,星期二,-0.0033,-0.0007
2026-04-03,2311.31,2259.0,2315.54,2252.64,48920.0,星期五,-0.0004,-0.0226
2026-04-02,2348.84,2312.19,2348.84,2302.21,59845.0,星期四,-0.004,-0.0156
2026-04-01,2363.42,2358.29,2368.13,2339.75,47568.0,星期三,0.0116,-0.0022
2026-03-31,2363.06,2336.28,2394.94,2332.55,52566.0,星期二,0.0017,-0.0113
2026-03-30,2340.51,2358.95,2373.78,2319.32,52273.0,星期一,-0.0092,0.0079
2026-03-27,2338.11,2362.28,2373.73,2333.08,41495.0,星期五,-0.0067,0.0103
2026-03-26,2393.63,2353.96,2414.62,2351.26,48985.0,星期四,-0.0025,-0.0166
2026-03-25,2378.66,2399.74,2408.97,2373.93,44861.0,星期三,0.0001,0.0089
2026-03-24,2366.01,2378.47,2381.76,2334.69,52831.0,星期二,0.012,0.0053
2026-03-23,2420.21,2337.93,2420.33,2324.77,85521.0,星期一,-0.0131,-0.034
2026-03-20,2490.54,2452.35,2504.17,2452.35,61478.0,星期五,0.0021,-0.0153
2026-03-19,2533.98,2485.27,2543.2,2477.6,58215.0,星期四,-0.0073,-0.0192
2026-03-18,2599.23,2552.71,2600.67,2537.37,62292.0,星期三,-0.0005,-0.0179
2026-03-17,2604.61,2600.42,2653.97,2597.64,78081.0,星期二,0.0045,-0.0016
2026-03-16,2585.17,2592.99,2630.66,2585.17,59735.0,星期一,0.003,0.003
2026-03-13,2580.08,2577.49,2635.78,2573.53,74077.0,星期五,0.0006,-0.001
2026-03-12,2585.82,2578.44,2601.03,2565.65,50568.0,星期四,-0.0022,-0.0029
2026-03-11,2571.37,2591.62,2602.8,2568.44,54288.0,星期三,-0.0008,0.0079
2026-03-10,2575.97,2573.38,2587.83,2559.63,50085.0,星期二,0.0053,-0.001
2026-03-09,2581.06,2562.49,2581.71,2534.83,68523.0,星期一,-0.0114,-0.0072
2026-03-06,2592.52,2610.7,2614.86,2583.66,57779.0,星期五,-0.0027,0.007
2026-03-05,2633.67,2599.53,2637.94,2586.62,51884.0,星期四,0.009,-0.013
2026-03-04,2624.8,2610.27,2651.52,2585.56,66730.0,星期三,-0.0071,-0.0055
2026-03-03,2686.56,2643.46,2706.5,2639.66,80033.0,星期二,-0.0006,-0.016
2026-03-02,2680.59,2688.07,2719.96,2667.53,78442.0,星期一,-0.0152,0.0028
2026-02-27,2723.65,2722.01,2732.99,2707.69,54131.0,星期五,-0.0006,-0.0006
2026-02-26,2816.76,2725.34,2816.76,2717.64,101608.0,星期四,0.0004,-0.0325
2026-02-25,2759.25,2815.55,2850.02,2759.25,112434.0,星期三,0.0033,0.0204
2026-02-24,2770.47,2750.06,2777.65,2744.17,75170.0,星期二,0.0018,-0.0074
2026-02-13,2788.43,2765.63,2802.62,2758.36,76093.0,星期五,0.0045,-0.0082
2026-02-12,2795.46,2775.97,2826.23,2774.67,76712.0,星期四,0.0005,-0.007
2026-02-11,2787.6,2794.13,2811.24,2773.11,55149.0,星期三,-0.0024,0.0023
2026-02-10,2845.65,2794.4,2847.94,2788.0,70775.0,星期二,-0.0006,-0.018
2026-02-09,2808.29,2847.34,2900.46,2808.29,105534.0,星期一,0.0049,0.0139
2026-02-06,2829.68,2794.73,2837.56,2792.35,78321.0,星期五,-0.0078,-0.0124
2026-02-05,2838.24,2851.91,2873.92,2828.28,92536.0,星期四,-0.0066,0.0048
2026-02-04,2725.03,2857.04,2862.1,2717.41,143030.0,星期三,-0.0022,0.0484
2026-02-03,2714.09,2731.12,2760.45,2694.24,79129.0,星期二,0.0106,0.0063
2026-02-02,2744.18,2685.63,2782.51,2680.28,114136.0,星期一,-0.0169,-0.0213
2026-01-30,2866.26,2791.41,2877.67,2778.58,137813.0,星期五,-0.0059,-0.0261
2026-01-29,2742.77,2883.15,2901.05,2735.81,188495.0,星期四,-0.0043,0.0512
2026-01-28,2723.64,2754.55,2774.15,2708.76,113723.0,星期三,0.0065,0.0113
2026-01-27,2724.48,2706.06,2728.78,2675.91,83443.0,星期二,-0.0005,-0.0068
2026-01-26,2769.98,2725.71,2774.97,2724.04,112493.0,星期一,-0.0032,-0.016
2026-01-23,2759.27,2779.01,2789.67,2744.46,113367.0,星期五,0.0002,0.0072
2026-01-22,2745.99,2758.82,2787.24,2730.44,125439.0,星期四,0.0017,0.0047
2026-01-21,2731.84,2741.43,2761.71,2720.61,118747.0,星期三,-0.0025,0.0035
2026-01-20,2665.52,2738.56,2758.07,2665.0,131086.0,星期二,-0.0001,0.0274
2026-01-19,2620.71,2665.79,2679.0,2613.37,79204.0,星期一,-0.0029,0.0172
2026-01-16,2690.79,2628.24,2692.83,2622.41,89284.0,星期五,0.0048,-0.0232
2026-01-15,2643.84,2677.9,2704.13,2643.84,111152.0,星期四,0.0012,0.0129
2026-01-14,2686.22,2640.69,2710.93,2637.59,127243.0,星期三,-0.0013,-0.0169
2026-01-13,2717.13,2689.84,2730.59,2685.8,92887.0,星期二,-0.0006,-0.01
2026-01-12,2720.11,2718.79,2737.21,2703.82,89982.0,星期一,-0.0056,-0.0005
2026-01-09,2711.85,2735.45,2741.68,2705.07,93962.0,星期五,-0.002,0.0087
2026-01-08,2662.6,2717.33,2737.1,2648.83,113899.0,星期四,-0.0023,0.0206
2026-01-07,2700.21,2668.67,2715.11,2664.89,80243.0,星期三,-0.0013,-0.0117
2026-01-06,2668.26,2703.84,2723.37,2667.14,102354.0,星期二,-0.002,0.0133
2026-01-05,2635.49,2673.71,2685.0,2628.43,113138.0,星期一,-0.0016,0.0145
2025-12-31,2618.26,2639.75,2654.0,2596.3,81256.0,星期三,0.0051,0.0082
2025-12-30,2638.36,2604.86,2643.51,2604.86,74794.0,星期二,-0.0055,-0.0127
2025-12-29,2689.47,2652.93,2700.91,2649.04,88193.0,星期一,0.0012,-0.0136
2025-12-26,2658.96,2686.27,2710.4,2657.59,96335.0,星期五,-0.0038,0.0103
2025-12-25,2692.42,2669.02,2692.55,2661.07,78601.0,星期四,0.0081,-0.0087
2025-12-24,2654.62,2670.78,2683.1,2646.19,87893.0,星期三,-0.0048,0.0061
2025-12-23,2694.18,2667.45,2706.72,2659.85,120030.0,星期二,0.0079,-0.0099
2025-12-22,2642.84,2673.13,2681.85,2634.08,81916.0,星期一,0.0041,0.0115
2025-12-19,2581.54,2632.03,2642.77,2581.54,83515.0,星期五,-0.0002,0.0196
2025-12-18,2613.01,2582.18,2615.89,2581.74,62520.0,星期四,-0.0043,-0.0118
2025-12-17,2606.72,2624.17,2624.17,2567.91,70100.0,星期三,-0.0043,0.0067
2025-12-16,2640.94,2618.0,2660.98,2599.56,84283.0,星期二,0.0011,-0.0087
2025-12-15,2647.87,2637.98,2667.01,2633.99,73532.0,星期一,-0.009,-0.0037
2025-12-12,2674.04,2671.91,2699.09,2660.02,102091.0,星期五,0.0036,-0.0008
2025-12-11,2719.45,2664.42,2719.45,2663.13,138716.0,星期四,-0.0049,-0.0202
2025-12-10,2638.37,2732.85,2751.25,2623.93,181971.0,星期三,-0.0037,0.0358
2025-12-09,2701.47,2648.04,2702.61,2644.77,90585.0,星期二,-0.0044,-0.0198
2025-12-08,2699.03,2713.37,2722.81,2698.86,76423.0,星期一,-0.0018,0.0053
2025-12-05,2700.6,2704.0,2708.14,2659.82,99328.0,星期五,-0.0031,0.0013
2025-12-04,2712.59,2709.05,2734.15,2688.56,76050.0,星期四,-0.0023,-0.0013
2025-12-03,2753.96,2718.84,2762.49,2716.4,88248.0,星期三,-0.0008,-0.0128
2025-12-02,2762.36,2756.09,2765.29,2728.37,71261.0,星期二,-0.0008,-0.0023
2025-12-01,2768.76,2764.59,2780.65,2752.15,96450.0,星期一,0.0008,-0.0015
2025-11-28,2758.63,2766.44,2769.07,2723.47,94650.0,星期五,-0.0043,0.0028
2025-11-27,2776.75,2770.42,2800.25,2724.49,108344.0,星期四,-0.0108,-0.0023
2025-11-26,2816.46,2807.18,2844.13,2795.72,91012.0,星期三,-0.002,-0.0033
2025-11-25,2804.83,2822.24,2846.44,2790.6,68413.0,星期二,-0.0019,0.0062
2025-11-24,2809.35,2810.19,2858.9,2806.75,85222.0,星期一,0.0032,0.0003
2025-11-21,2830.26,2800.28,2871.94,2800.28,91856.0,星期五,-0.0113,-0.0106
2025-11-20,2827.35,2862.65,2889.97,2805.49,119244.0,星期四,-0.0001,0.0125
2025-11-19,2867.04,2827.75,2873.11,2811.36,93041.0,星期三,-0.0028,-0.0137
2025-11-18,2919.07,2875.17,2919.72,2861.11,98818.0,星期二,-0.0021,-0.015
2025-11-17,2913.62,2925.14,2933.81,2903.37,73255.0,星期一,-0.0035,0.004
2025-11-14,2913.77,2923.72,2965.45,2912.83,94228.0,星期五,-0.0038,0.0034
2025-11-13,2898.44,2924.76,2931.06,2880.45,75321.0,星期四,-0.0022,0.0091
2025-11-12,2929.2,2904.94,2931.37,2898.44,75341.0,星期三,-0.0006,-0.0083
2025-11-11,2905.48,2931.07,2942.71,2903.68,89486.0,星期二,-0.0007,0.0088
2025-11-10,2870.98,2907.57,2915.36,2865.54,95003.0,星期一,-0.0034,0.0127
2025-11-07,2889.84,2880.77,2898.53,2865.04,74328.0,星期五,0.0035,-0.0031
2025-11-06,2887.07,2879.76,2895.59,2871.62,80728.0,星期四,-0.001,-0.0025
2025-11-05,2857.07,2889.83,2912.22,2855.14,90388.0,星期三,-0.0101,0.0115
2025-11-04,2898.26,2886.19,2919.5,2872.78,96895.0,星期二,-0.0003,-0.0042
2025-11-03,2899.54,2899.19,2903.79,2864.37,96149.0,星期一,-0.0001,-0.0001
2025-10-31,2893.51,2899.69,2921.01,2891.93,85775.0,星期五,0.0025,0.0021
2025-10-30,2909.36,2886.34,2915.21,2885.36,83520.0,星期四,-0.0034,-0.0079
2025-10-29,2876.72,2919.25,2930.19,2876.35,98349.0,星期三,0.0002,0.0148
2025-10-28,2899.13,2876.26,2905.88,2872.69,76675.0,星期二,-0.0016,-0.0079
2025-10-27,2937.05,2903.86,2941.07,2899.81,76077.0,星期一,0.006,-0.0113
2025-10-24,2934.56,2919.53,2952.3,2912.79,71917.0,星期五,0.0004,-0.0051
2025-10-23,2973.68,2933.46,2978.82,2905.29,90263.0,星期四,-0.0002,-0.0135
2025-10-22,2979.18,2974.15,3014.98,2970.66,110207.0,星期三,-0.0058,-0.0017
2025-10-21,2955.25,2996.59,3001.81,2936.16,103540.0,星期二,-0.001,0.014
2025-10-20,2968.89,2958.33,2990.17,2945.14,101069.0,星期一,0.0077,-0.0036
2025-10-17,2984.88,2946.17,3008.07,2940.52,120087.0,星期五,-0.0018,-0.013
2025-10-16,3014.07,2990.3,3014.07,2977.35,96006.0,星期四,-0.001,-0.0079
2025-10-15,3014.08,3017.22,3034.14,2976.17,102231.0,星期三,0.0015,0.001
2025-10-14,3015.11,3009.67,3089.57,3001.19,140727.0,星期二,0.001,-0.0018
2025-10-13,2961.07,3012.21,3027.32,2956.64,109632.0,星期一,-0.0275,0.0173
2025-10-10,2997.04,3044.79,3065.7,2997.04,113052.0,星期五,-0.0132,0.0159
2025-10-09,3088.82,3037.18,3088.82,2989.66,145424.0,星期四,-0.0109,-0.0167
2025-09-30,3053.75,3122.85,3126.55,3042.36,120275.0,星期二,0.002,0.0226
2025-09-29,3022.8,3047.74,3068.69,3004.9,102577.0,星期一,-0.0038,0.0083
2025-09-26,2986.81,3034.4,3090.13,2985.97,111544.0,星期五,-0.0066,0.0159
2025-09-25,3026.61,3006.73,3047.26,2984.41,99687.0,星期四,0.0038,-0.0066
2025-09-24,2919.11,3015.12,3027.55,2916.15,103634.0,星期三,-0.0013,0.0329
2025-09-23,2922.02,2922.96,2927.44,2854.29,125724.0,星期二,-0.0081,0.0003
2025-09-22,2898.76,2945.9,2956.4,2869.8,112925.0,星期一,-0.0051,0.0163
2025-09-19,2856.7,2913.73,2917.92,2834.34,140250.0,星期五,0.0002,0.02
2025-09-18,2920.62,2856.12,2935.11,2832.27,152286.0,星期四,-0.0037,-0.0221
2025-09-17,2901.92,2931.4,2938.58,2884.12,108216.0,星期三,-0.0009,0.0102
2025-09-16,2878.41,2904.41,2906.21,2862.41,116095.0,星期二,-0.003,0.009
2025-09-15,2867.76,2886.93,2889.75,2828.47,127160.0,星期一,-0.0025,0.0067
2025-09-12,2834.89,2874.84,2901.03,2834.68,152694.0,星期五,-0.0001,0.0141
2025-09-11,2796.24,2835.04,2836.23,2779.2,98593.0,星期四,-0.0032,0.0139
2025-09-10,2799.49,2805.27,2818.34,2783.88,83251.0,星期三,-0.0034,0.0021
2025-09-09,2774.7,2809.0,2814.43,2760.79,125918.0,星期二,-0.0007,0.0124
2025-09-08,2778.79,2776.54,2797.97,2766.32,120158.0,星期一,0.0061,-0.0008
2025-09-05,2738.41,2761.97,2763.33,2725.41,92215.0,星期五,0.0021,0.0086
2025-09-04,2782.09,2732.75,2782.09,2709.87,100653.0,星期四,0.0,-0.0177
2025-09-03,2835.83,2781.99,2838.61,2772.48,96992.0,星期三,0.0029,-0.019
2025-09-02,2855.79,2827.54,2869.88,2819.13,114334.0,星期二,-0.0022,-0.0099
2025-09-01,2850.6,2862.1,2883.06,2824.62,126774.0,星期一,0.0025,0.004
2025-08-29,2883.5,2843.39,2900.83,2840.82,133243.0,星期五,0.0143,-0.0139
2025-08-28,2798.32,2842.73,2844.61,2794.74,111264.0,星期四,0.0013,0.0159
2025-08-27,2877.41,2794.66,2891.23,2794.66,148514.0,星期三,-0.0032,-0.0288
2025-08-26,2895.58,2886.61,2904.8,2866.48,149246.0,星期二,-0.0086,-0.0031
2025-08-25,2824.48,2920.81,2945.57,2824.48,294709.0,星期一,0.0067,0.0341
2025-08-22,2784.78,2805.61,2806.07,2775.11,95602.0,星期五,-0.0011,0.0075
2025-08-21,2801.73,2787.79,2812.34,2780.64,113662.0,星期四,-0.0028,-0.005
2025-08-20,2825.09,2809.63,2825.53,2777.75,126410.0,星期三,-0.0044,-0.0055
2025-08-19,2820.76,2837.59,2868.54,2820.76,165332.0,星期二,0.0005,0.006
2025-08-18,2871.35,2819.47,2876.51,2805.79,184634.0,星期一,0.0107,-0.0181
2025-08-15,2780.29,2840.85,2844.35,2780.29,108503.0,星期五,0.0084,0.0218
2025-08-14,2781.69,2757.06,2816.38,2755.93,91346.0,星期四,0.0082,-0.0089
2025-08-13,2770.98,2759.04,2776.27,2751.73,65085.0,星期三,0.0091,-0.0043
2025-08-12,2737.68,2746.01,2762.34,2734.54,57278.0,星期二,-0.002,0.003
2025-08-11,2736.65,2743.28,2754.75,2733.57,59833.0,星期一,0.0024,0.0024
2025-08-08,2744.08,2730.12,2763.28,2727.59,51843.0,星期五,-0.0024,-0.0051
2025-08-07,2709.62,2750.8,2756.34,2701.28,70749.0,星期四,-0.0028,0.0152
2025-08-06,2708.15,2717.22,2727.71,2696.75,60767.0,星期三,-0.0028,0.0033
2025-08-05,2682.78,2715.72,2728.68,2681.57,65963.0,星期二,-0.0004,0.0123
2025-08-04,2676.08,2683.81,2684.35,2666.3,52670.0,星期一,-0.0025,0.0029
2025-08-01,2690.51,2682.79,2703.31,2670.7,69296.0,星期五,-0.0015,-0.0029
2025-07-31,2781.06,2694.62,2784.62,2685.59,141499.0,星期四,-0.0077,-0.0311
2025-07-30,2808.88,2802.55,2839.74,2799.67,128738.0,星期三,-0.0034,-0.0023
2025-07-29,2800.83,2818.34,2837.04,2793.32,111463.0,星期二,-0.0047,0.0063
2025-07-28,2785.04,2813.99,2823.52,2753.27,130179.0,星期一,-0.0036,0.0104
2025-07-25,2757.99,2795.23,2815.17,2735.62,156131.0,星期五,0.0063,0.0135
2025-07-24,2668.7,2740.83,2752.27,2666.45,142888.0,星期四,-0.0014,0.027
2025-07-23,2681.12,2672.45,2720.22,2664.86,132368.0,星期三,0.0011,-0.0032
2025-07-22,2652.8,2678.06,2679.46,2624.66,117145.0,星期二,0.0025,0.0095
2025-07-21,2625.72,2646.24,2655.25,2624.56,94417.0,星期一,-0.0035,0.0078
2025-07-18,2610.21,2634.98,2636.64,2599.96,85552.0,星期五,0.0021,0.0095
2025-07-17,2587.61,2604.82,2608.35,2586.08,99899.0,星期四,-0.0039,0.0067
2025-07-16,2604.03,2597.86,2623.42,2587.12,107756.0,星期三,-0.0036,-0.0024
2025-07-15,2630.12,2613.47,2635.08,2582.6,174798.0,星期二,-0.005,-0.0063
2025-07-14,2674.68,2643.39,2679.96,2636.01,165801.0,星期一,0.0024,-0.0117
2025-07-11,2662.35,2668.35,2683.95,2646.63,122248.0,星期五,0.0031,0.0023
2025-07-10,2566.09,2654.17,2674.44,2565.22,156123.0,星期四,-0.0013,0.0343
2025-07-09,2573.19,2569.48,2582.91,2562.98,70519.0,星期三,-0.0009,-0.0014
2025-07-08,2547.29,2575.44,2576.64,2545.56,68926.0,星期二,-0.002,0.0111
2025-07-07,2508.37,2552.34,2557.45,2506.88,80415.0,星期一,-0.0014,0.0175
2025-07-04,2518.65,2511.86,2527.63,2504.6,53495.0,星期五,0.0017,-0.0027
2025-07-03,2519.94,2514.33,2537.43,2512.31,49409.0,星期四,-0.0011,-0.0022
2025-07-02,2513.11,2522.81,2524.22,2499.48,65463.0,星期三,0.0,0.0039
2025-07-01,2533.37,2513.0,2533.37,2505.74,57440.0,星期二,0.0017,-0.008
2025-06-30,2516.57,2529.17,2538.01,2516.57,54308.0,星期一,0.0023,0.005
2025-06-27,2508.24,2510.76,2550.61,2508.24,83392.0,星期五,0.0001,0.001
2025-06-26,2509.3,2507.98,2517.67,2496.98,52950.0,星期四,-0.0017,-0.0005
2025-06-25,2476.66,2513.59,2514.86,2471.38,59254.0,星期三,-0.0,0.0149
2025-06-24,2454.4,2476.78,2478.3,2450.14,51572.0,星期二,0.0014,0.0091
2025-06-23,2428.74,2450.95,2455.53,2417.87,44756.0,星期一,-0.0053,0.0091
2025-06-20,2441.06,2441.77,2454.98,2434.82,35072.0,星期五,0.0001,0.0003
2025-06-19,2474.83,2440.71,2478.96,2435.21,45913.0,星期四,-0.0023,-0.0138
2025-06-18,2506.7,2480.45,2508.11,2471.61,42613.0,星期三,-0.0006,-0.0105
2025-06-17,2523.93,2508.15,2525.25,2501.14,39796.0,星期二,-0.0015,-0.0063
2025-06-16,2475.9,2527.84,2537.65,2475.9,79368.0,星期一,0.0012,0.021
2025-06-13,2497.09,2472.89,2497.09,2466.84,65227.0,星期五,-0.0019,-0.0097
2025-06-12,2508.36,2501.85,2509.16,2494.55,47117.0,星期四,-0.0015,-0.0026
2025-06-11,2499.91,2512.05,2524.7,2498.56,46367.0,星期三,-0.0004,0.0049
2025-06-10,2511.98,2501.01,2533.63,2487.8,51533.0,星期二,0.0014,-0.0044
2025-06-09,2510.87,2508.35,2518.77,2503.3,40719.0,星期一,0.0004,-0.001
2025-06-06,2511.46,2509.79,2520.83,2503.41,38590.0,星期五,0.001,-0.0007
2025-06-05,2503.01,2509.02,2518.11,2496.22,45032.0,星期四,0.0003,0.0024
2025-06-04,2492.44,2502.17,2508.98,2486.43,43429.0,星期三,0.0005,0.0039
2025-06-03,2488.24,2491.2,2506.78,2483.66,54561.0,星期二,-0.0051,0.0012
2025-05-30,2503.35,2501.0,2511.04,2494.98,36036.0,星期五,-0.0016,-0.0009
2025-05-29,2484.68,2507.46,2513.05,2480.97,38394.0,星期四,-0.0005,0.0092
2025-05-28,2500.4,2485.96,2503.31,2484.06,26899.0,星期三,0.0012,-0.0058
2025-05-27,2493.3,2497.43,2503.94,2487.56,32373.0,星期二,0.0,0.0017
2025-05-26,2492.74,2493.19,2508.07,2484.6,35982.0,星期一,-0.0012,0.0002
2025-05-23,2513.95,2495.8,2524.78,2495.8,39061.0,星期五,-0.0009,-0.0072
2025-05-22,2540.97,2516.18,2540.97,2513.14,40801.0,星期四,-0.0016,-0.0098
2025-05-21,2553.8,2545.06,2554.31,2539.61,35342.0,星期三,-0.0005,-0.0034
2025-05-20,2560.72,2555.13,2561.43,2543.88,36431.0,星期二,-0.0002,-0.0022
2025-05-19,2540.0,2561.26,2570.94,2536.97,46498.0,星期一,-0.0004,0.0084
2025-05-16,2546.85,2541.03,2550.54,2527.08,39462.0,星期五,0.0007,-0.0023
2025-05-15,2575.91,2545.06,2583.44,2544.2,42770.0,星期四,-0.0011,-0.012
2025-05-14,2567.27,2578.72,2593.84,2550.8,52693.0,星期三,-0.0,0.0045
2025-05-13,2585.11,2567.38,2586.47,2562.74,39172.0,星期二,0.0044,-0.0069
2025-05-12,2566.44,2573.9,2574.82,2559.9,45852.0,星期一,0.0037,0.0029
2025-05-09,2607.89,2557.04,2607.89,2554.86,63127.0,星期五,0.0003,-0.0195
2025-05-08,2613.03,2607.03,2622.73,2604.87,56770.0,星期四,-0.0037,-0.0023
2025-05-07,2660.02,2622.75,2672.66,2614.69,79769.0,星期三,0.0214,-0.014
2025-05-06,2607.48,2604.27,2612.41,2593.64,61740.0,星期二,0.0051,-0.0012
2025-04-30,2588.64,2594.13,2614.66,2587.55,54559.0,星期三,0.0002,0.0021
2025-04-29,2583.09,2588.07,2595.73,2576.08,39328.0,星期二,-0.0021,0.0019
2025-04-28,2645.54,2588.64,2651.23,2578.9,86368.0,星期一,-0.0052,-0.0215
2025-04-25,2687.12,2659.35,2750.4,2654.98,104213.0,星期五,0.0003,-0.0103
2025-04-24,2679.09,2686.41,2712.92,2659.36,48780.0,星期四,-0.0008,0.0027
2025-04-23,2716.4,2681.29,2723.91,2677.41,56247.0,星期三,-0.0018,-0.0129
2025-04-22,2702.26,2721.28,2736.45,2694.27,55332.0,星期二,-0.0015,0.007
2025-04-21,2709.79,2706.29,2724.32,2689.96,54860.0,星期一,-0.0071,-0.0013
2025-04-18,2697.17,2729.24,2737.82,2684.38,69152.0,星期五,-0.0027,0.0119
2025-04-17,2635.39,2704.55,2747.39,2633.54,105943.0,星期四,-0.0046,0.0262
2025-04-16,2630.64,2647.57,2661.61,2613.3,54592.0,星期三,-0.0005,0.0064
2025-04-15,2657.03,2632.0,2657.09,2615.67,45814.0,星期二,-0.0006,-0.0094
2025-04-14,2658.59,2658.69,2680.67,2648.54,65596.0,星期一,-0.0032,0.0
2025-04-11,2676.46,2667.11,2677.85,2640.28,73730.0,星期五,-0.0084,-0.0035
2025-04-10,2645.58,2699.19,2716.09,2619.27,112381.0,星期四,-0.0064,0.0203
2025-04-09,2507.39,2662.68,2665.66,2487.66,122175.0,星期三,-0.0092,0.0619
2025-04-08,2441.76,2530.55,2531.49,2441.76,97370.0,星期二,0.0027,0.0364
2025-04-07,2555.58,2435.08,2561.53,2407.04,109405.0,星期一,-0.0365,-0.0472
2025-04-03,2606.22,2652.49,2678.73,2604.38,63852.0,星期四,-0.0069,0.0178
2025-04-02,2623.54,2624.4,2633.17,2615.63,43717.0,星期三,-0.0021,0.0003
2025-04-01,2625.04,2629.1,2640.96,2616.17,62990.0,星期二,-0.0008,0.0015
2025-03-31,2676.04,2627.12,2676.77,2613.65,75915.0,星期一,-0.0043,-0.0183
2025-03-28,2697.77,2687.58,2702.68,2676.42,59620.0,星期五,0.0003,-0.0038
2025-03-27,2692.2,2696.9,2710.87,2662.76,54275.0,星期四,-0.0008,0.0017
2025-03-26,2685.23,2694.33,2713.61,2683.15,57107.0,星期三,-0.0007,0.0034
2025-03-25,2675.93,2687.05,2695.5,2663.2,43162.0,星期二,0.0002,0.0042
2025-03-24,2699.55,2675.41,2701.21,2656.57,58372.0,星期一,-0.0006,-0.0089
2025-03-21,2723.1,2701.26,2731.33,2688.98,76731.0,星期五,-0.0027,-0.008
2025-03-20,2739.01,2730.35,2748.1,2724.89,45673.0,星期四,-0.0015,-0.0032
2025-03-19,2759.55,2743.07,2759.55,2734.05,55654.0,星期三,-0.0003,-0.006
2025-03-18,2775.81,2760.42,2786.46,2754.47,78231.0,星期二,0.0014,-0.0055
2025-03-17,2768.87,2772.0,2798.33,2766.68,101302.0,星期一,0.0072,0.0011
2025-03-14,2704.44,2749.1,2749.14,2693.98,82347.0,星期五,0.0016,0.0165
2025-03-13,2718.02,2699.99,2726.13,2682.1,49773.0,星期四,-0.0023,-0.0066
2025-03-12,2739.77,2724.17,2741.94,2718.61,55265.0,星期三,-0.0011,-0.0057
2025-03-11,2722.79,2742.67,2742.67,2706.42,65939.0,星期二,-0.0097,0.0073
2025-03-10,2772.87,2749.47,2774.39,2736.6,62787.0,星期一,0.0044,-0.0084
2025-03-07,2792.84,2760.6,2792.84,2756.08,70757.0,星期五,-0.0071,-0.0115
2025-03-06,2758.06,2812.87,2815.16,2751.0,95601.0,星期四,0.0048,0.0199
2025-03-05,2779.29,2744.88,2789.49,2720.28,73021.0,星期三,-0.0024,-0.0124
2025-03-04,2771.11,2785.91,2788.55,2744.33,66142.0,星期二,-0.0067,0.0053
2025-03-03,2775.65,2789.89,2831.19,2775.65,90940.0,星期一,0.005,0.0051
2025-02-28,2793.56,2761.97,2819.09,2756.9,105986.0,星期五,-0.0031,-0.0113
2025-02-27,2779.34,2802.12,2823.64,2777.63,97126.0,星期四,-0.0017,0.0082
2025-02-26,2746.65,2784.0,2784.36,2746.65,93786.0,星期三,0.0059,0.0136
2025-02-25,2721.55,2730.61,2752.38,2710.58,82032.0,星期二,-0.0085,0.0033
2025-02-24,2690.54,2744.99,2758.26,2689.92,120115.0,星期一,0.0019,0.0202
2025-02-21,2674.09,2685.34,2704.14,2654.2,86499.0,星期五,0.0012,0.0042
2025-02-20,2682.23,2670.78,2683.47,2657.32,73007.0,星期四,-0.0036,-0.0043
2025-02-19,2660.37,2692.05,2699.25,2660.37,65281.0,星期三,-0.002,0.0119
2025-02-18,2720.59,2665.65,2723.11,2656.85,76501.0,星期二,-0.0015,-0.0202
2025-02-17,2722.18,2724.67,2749.4,2702.35,89582.0,星期一,-0.0002,0.0009
2025-02-14,2743.73,2722.67,2759.8,2703.55,80012.0,星期五,-0.0037,-0.0077
2025-02-13,2724.19,2753.95,2793.38,2716.8,151937.0,星期四,-0.0085,0.0109
2025-02-12,2655.47,2747.61,2748.12,2632.75,109069.0,星期三,0.0001,0.0347
2025-02-11,2711.56,2655.08,2715.76,2650.81,68098.0,星期二,0.003,-0.0208
2025-02-10,2679.34,2703.43,2710.77,2674.62,77592.0,星期一,-0.0014,0.009
2025-02-07,2621.33,2683.01,2720.89,2611.2,101980.0,星期五,0.0006,0.0235
2025-02-06,2589.2,2619.63,2635.46,2580.79,67085.0,星期四,-0.0002,0.0118
2025-02-05,2622.72,2589.83,2627.9,2574.44,73651.0,星期三,0.0006,-0.0125
2025-01-27,2658.5,2621.24,2689.2,2621.24,66436.0,星期一,0.0016,-0.014
2025-01-24,2642.3,2654.36,2671.95,2627.24,67125.0,星期五,-0.0011,0.0046
2025-01-23,2636.44,2645.13,2706.95,2635.45,105661.0,星期四,0.0105,0.0033
2025-01-22,2671.54,2608.99,2671.54,2601.51,91258.0,星期三,-0.0095,-0.0234
2025-01-21,2672.97,2697.17,2760.01,2660.59,136004.0,星期二,0.0035,0.0091
2025-01-20,2658.85,2663.52,2694.99,2620.97,78659.0,星期一,0.0001,0.0018
2025-01-17,2619.49,2658.62,2682.96,2607.89,91397.0,星期五,-0.0144,0.0149
2025-01-16,2663.57,2657.82,2704.17,2636.64,61270.0,星期四,0.0027,-0.0022
2025-01-15,2664.8,2656.29,2683.64,2630.25,51601.0,星期三,-0.0022,-0.0032
2025-01-14,2610.74,2670.67,2673.95,2609.4,64796.0,星期二,0.0012,0.023
2025-01-13,2545.05,2607.63,2613.27,2535.79,54531.0,星期一,-0.0083,0.0246
2025-01-10,2617.55,2566.32,2635.97,2566.32,53732.0,星期五,0.0002,-0.0196
2025-01-09,2604.44,2617.08,2635.14,2600.53,46823.0,星期四,-0.0035,0.0049
2025-01-08,2625.25,2613.46,2630.94,2564.22,57905.0,星期三,-0.004,-0.0045
2025-01-07,2620.22,2635.83,2638.51,2594.96,49854.0,星期二,-0.0012,0.006
2025-01-06,2620.43,2623.33,2624.92,2591.8,58573.0,星期一,-0.0012,0.0011
2025-01-03,2686.96,2623.55,2698.72,2616.69,69798.0,星期五,0.0011,-0.0236
2025-01-02,2752.33,2683.91,2784.35,2663.71,80290.0,星期四,0.0011,-0.0249
2024-12-31,2793.39,2749.36,2813.4,2749.34,66443.0,星期二,0.0007,-0.0158
2024-12-30,2811.3,2791.34,2813.11,2778.3,63004.0,星期一,-0.005,-0.0071
2024-12-27,2795.96,2825.42,2842.6,2792.82,63488.0,星期五,0.0003,0.0105
2024-12-26,2792.41,2795.07,2810.99,2785.96,47904.0,星期四,-0.0027,0.001
2024-12-25,2834.93,2800.0,2837.47,2774.83,62044.0,星期三,-0.0019,-0.0123
2024-12-24,2806.51,2840.19,2840.39,2806.22,60218.0,星期二,-0.001,0.012
2024-12-23,2863.69,2809.27,2869.12,2806.58,69601.0,星期一,-0.002,-0.019
2024-12-20,2855.71,2869.35,2878.14,2838.82,68809.0,星期五,-0.0016,0.0048
2024-12-19,2848.55,2860.26,2862.69,2830.07,69061.0,星期四,-0.013,0.0041
2024-12-18,2899.35,2885.95,2907.57,2881.68,58274.0,星期三,0.0054,-0.0046
2024-12-17,2926.14,2883.64,2927.79,2880.18,70966.0,星期二,-0.0008,-0.0145
2024-12-16,2985.92,2928.36,2991.64,2917.44,86183.0,星期一,0.0012,-0.0193
2024-12-13,3055.65,2982.22,3055.93,2980.2,116863.0,星期五,-0.0072,-0.024
2024-12-12,3051.85,3077.86,3081.99,3019.14,79791.0,星期四,-0.0019,0.0085
2024-12-11,3015.85,3057.76,3085.43,3010.82,86465.0,星期三,-0.0009,0.0139
2024-12-10,3140.13,3018.56,3140.13,3014.14,129454.0,星期二,0.0515,-0.0387
2024-12-09,3061.55,2986.24,3070.84,2971.0,97541.0,星期一,-0.0022,-0.0246
2024-12-06,3038.83,3068.31,3091.17,3018.15,83160.0,星期五,-0.0021,0.0097
2024-12-05,3039.67,3045.27,3050.03,3018.09,73820.0,星期四,-0.0047,0.0018
2024-12-04,3129.13,3053.97,3140.59,3043.51,119379.0,星期三,-0.002,-0.024
2024-12-03,3135.22,3135.53,3161.86,3097.38,130654.0,星期二,0.0024,0.0001
2024-12-02,3041.84,3127.7,3141.07,3041.53,124707.0,星期一,0.001,0.0282
2024-11-29,3004.14,3038.77,3078.0,3002.75,94538.0,星期五,-0.005,0.0115
2024-11-28,2986.92,3019.26,3049.17,2984.92,82709.0,星期四,-0.0016,0.0108
2024-11-27,2932.08,2991.62,2991.87,2903.05,66089.0,星期三,-0.0043,0.0203
2024-11-26,2914.34,2944.76,2980.21,2910.16,61188.0,星期二,-0.0029,0.0104
2024-11-25,2922.63,2922.88,2932.68,2879.31,61787.0,星期一,0.0013,0.0001
2024-11-22,3006.01,2918.72,3027.65,2917.18,71695.0,星期五,-0.0034,-0.029
2024-11-21,3025.75,3016.38,3042.56,2995.21,55740.0,星期四,-0.005,-0.0031
2024-11-20,3010.39,3040.84,3046.35,2992.55,59316.0,星期三,-0.006,0.0101
2024-11-19,3021.13,3028.51,3028.51,2959.46,80415.0,星期二,0.0008,0.0024
2024-11-18,3047.6,3018.66,3101.3,3003.97,100607.0,星期一,0.0072,-0.0095
2024-11-15,3098.47,3025.85,3124.13,3024.66,89261.0,星期五,-0.0054,-0.0234
2024-11-14,3268.37,3115.28,3270.46,3115.28,106045.0,星期四,0.016,-0.0468
2024-11-13,3212.71,3216.94,3254.3,3189.95,93070.0,星期三,-0.0042,0.0013
2024-11-12,3244.56,3226.16,3310.3,3197.63,108933.0,星期二,-0.0038,-0.0057
2024-11-11,3265.35,3256.81,3282.41,3218.19,133143.0,星期一,-0.0082,-0.0026
2024-11-08,3455.9,3292.38,3458.82,3280.37,188213.0,星期五,0.0129,-0.0473
2024-11-07,3268.91,3411.85,3423.19,3267.24,211689.0,星期四,-0.0183,0.0437
2024-11-06,3287.05,3329.8,3403.58,3185.63,217561.0,星期三,0.005,0.013
2024-11-05,3108.66,3270.6,3270.6,3106.38,157601.0,星期二,-0.0044,0.0521
2024-11-04,3139.12,3122.37,3139.12,3044.29,112808.0,星期一,0.0026,-0.0053
2024-11-01,3126.62,3131.12,3182.99,3091.8,162718.0,星期五,0.0134,0.0014
2024-10-31,2977.79,3085.38,3151.89,2949.84,141745.0,星期四,-0.0043,0.0361
2024-10-30,2964.66,2990.63,3035.5,2959.94,95245.0,星期三,-0.0008,0.0088
2024-10-29,3024.45,2966.92,3080.87,2965.19,95588.0,星期二,-0.0039,-0.019
2024-10-28,2966.45,3036.33,3036.53,2962.96,98131.0,星期一,-0.0003,0.0236
2024-10-25,2948.21,2967.23,3005.3,2948.21,77578.0,星期五,0.0004,0.0065
2024-10-24,2966.39,2946.9,2989.07,2933.79,67931.0,星期四,-0.0073,-0.0066
2024-10-23,2984.25,2988.23,3031.01,2970.88,95497.0,星期三,-0.0024,0.0013
2024-10-22,2965.97,2991.35,3017.31,2956.74,90621.0,星期二,-0.0074,0.0086
2024-10-21,2992.42,2988.09,3023.2,2941.25,125180.0,星期一,0.0093,-0.0014
2024-10-18,2871.13,2964.9,3011.12,2804.6,148496.0,星期五,-0.0099,0.0327
2024-10-17,3100.15,2899.78,3100.15,2897.89,167530.0,星期四,-0.0005,-0.0646
2024-10-16,2989.85,3101.78,3111.66,2984.7,185843.0,星期三,0.0116,0.0374
2024-10-15,2954.08,2955.53,3041.61,2931.92,127969.0,星期二,-0.0164,0.0005
2024-10-14,2968.7,3003.4,3030.28,2926.36,161052.0,星期一,0.0255,0.0117
2024-10-11,2879.63,2894.82,2955.54,2854.88,128841.0,星期五,-0.0117,0.0053
2024-10-10,2923.49,2913.81,3014.75,2832.05,183660.0,星期四,-0.0145,-0.0033
2024-10-09,3115.82,2966.43,3115.82,2963.24,227358.0,星期三,-0.0332,-0.0479
2024-10-08,3461.06,3222.88,3461.06,3066.12,369983.0,星期二,0.0987,-0.0688
2024-09-30,3104.51,3150.13,3153.2,2987.86,250774.0,星期一,0.0801,0.0147
2024-09-27,2786.82,2874.31,2876.86,2774.35,212154.0,星期五,0.0396,0.0314
2024-09-26,2458.18,2680.67,2681.87,2458.18,183198.0,星期四,-0.0072,0.0905
2024-09-25,2450.5,2475.9,2578.43,2450.5,139043.0,星期三,0.0008,0.0104
2024-09-24,2438.4,2448.66,2456.69,2372.51,121979.0,星期二,0.0183,0.0042
2024-09-23,2369.96,2394.6,2410.91,2359.66,63769.0,星期一,-0.0114,0.0104
2024-09-20,2316.67,2397.37,2409.21,2314.81,88116.0,星期五,-0.0202,0.0348
2024-09-19,2315.64,2364.5,2406.01,2315.64,100432.0,星期四,0.0089,0.0211
2024-09-18,2259.61,2295.27,2320.9,2236.79,58712.0,星期三,0.0115,0.0158
2024-09-13,2233.73,2233.81,2257.85,2227.46,35268.0,星期五,0.0024,0.0
2024-09-12,2224.18,2228.33,2260.28,2224.18,33031.0,星期四,-0.0015,0.0019
2024-09-11,2197.33,2227.49,2238.73,2186.3,34320.0,星期三,-0.0059,0.0137
2024-09-10,2237.46,2210.38,2249.92,2183.43,44909.0,星期二,-0.0004,-0.0121
2024-09-09,2244.66,2238.37,2260.28,2220.44,35145.0,星期一,-0.0056,-0.0028
2024-09-06,2285.78,2257.33,2300.57,2253.28,41404.0,星期五,-0.0043,-0.0124
2024-09-05,2278.35,2295.73,2311.47,2262.2,53589.0,星期四,0.0109,0.0076
2024-09-04,2265.47,2253.85,2316.68,2250.71,67309.0,星期三,-0.0069,-0.0051
2024-09-03,2251.19,2281.24,2302.84,2234.8,64209.0,星期二,-0.0021,0.0133
2024-09-02,2297.97,2256.03,2308.47,2253.36,87542.0,星期一,-0.0122,-0.0183
2024-08-30,2218.19,2326.32,2385.04,2217.26,112827.0,星期五,0.0018,0.0487
2024-08-29,2203.46,2214.12,2229.36,2195.7,28025.0,星期四,-0.0023,0.0048
2024-08-28,2226.18,2208.44,2242.45,2203.41,28606.0,星期三,-0.0008,-0.008
2024-08-27,2306.06,2227.98,2306.06,2221.8,41255.0,星期二,-0.0014,-0.0339
2024-08-26,2279.32,2309.33,2329.22,2263.65,38585.0,星期一,-0.0013,0.0132
2024-08-23,2283.08,2282.28,2300.82,2271.93,35205.0,星期五,-0.0025,-0.0004
2024-08-22,2305.92,2288.84,2329.04,2286.48,41890.0,星期四,0.0024,-0.0074
2024-08-21,2304.27,2300.35,2317.28,2281.32,37900.0,星期三,-0.0025,-0.0017
2024-08-20,2348.27,2309.93,2355.63,2300.99,36173.0,星期二,0.0028,-0.0163
2024-08-19,2332.12,2341.64,2368.59,2318.72,35655.0,星期一,-0.0044,0.0041
2024-08-16,2358.6,2342.35,2370.24,2336.3,36255.0,星期五,-0.0036,-0.0069
2024-08-15,2326.6,2367.18,2382.69,2315.03,47659.0,星期四,-0.0022,0.0174
2024-08-14,2354.5,2331.76,2362.48,2331.51,26638.0,星期三,-0.0001,-0.0097
2024-08-13,2357.78,2354.84,2362.33,2329.34,35664.0,星期二,-0.0021,-0.0012
2024-08-12,2432.06,2362.83,2435.82,2355.02,60492.0,星期一,-0.0002,-0.0285
2024-08-09,2390.51,2432.48,2488.63,2390.18,94826.0,星期五,-0.0034,0.0176
2024-08-08,2380.89,2398.68,2452.16,2354.13,69425.0,星期四,0.0031,0.0075
2024-08-07,2377.95,2373.48,2393.28,2345.2,43540.0,星期三,-0.0049,-0.0019
2024-08-06,2352.12,2389.54,2391.61,2339.44,58327.0,星期二,0.0083,0.0159
2024-08-05,2329.35,2332.77,2411.82,2329.35,67264.0,星期一,-0.0069,0.0015
2024-08-02,2344.59,2345.5,2381.15,2341.6,56605.0,星期五,-0.0081,0.0004
2024-08-01,2424.68,2363.8,2437.22,2361.59,59202.0,星期四,-0.0005,-0.0251
2024-07-31,2331.89,2425.97,2429.92,2307.0,75888.0,星期三,-0.0002,0.0403
2024-07-30,2284.15,2332.29,2337.96,2284.15,49981.0,星期二,-0.0106,0.0211
2024-07-29,2353.63,2308.54,2353.75,2301.05,47460.0,星期一,-0.0012,-0.0192
2024-07-26,2331.67,2356.42,2390.72,2331.67,39697.0,星期五,0.0002,0.0106
2024-07-25,2307.51,2331.24,2361.82,2306.94,39215.0,星期四,-0.002,0.0103
2024-07-24,2375.29,2312.23,2394.32,2304.93,49887.0,星期三,-0.0009,-0.0265
2024-07-23,2426.29,2377.53,2438.59,2377.15,44073.0,星期二,-0.005,-0.0201
2024-07-22,2461.21,2438.59,2470.25,2420.83,49013.0,星期一,0.0008,-0.0092
2024-07-19,2484.45,2459.3,2484.45,2439.34,65142.0,星期五,-0.0083,-0.0101
2024-07-18,2473.69,2505.3,2509.29,2453.86,59899.0,星期四,0.0013,0.0128
2024-07-17,2417.41,2470.4,2494.27,2417.41,72979.0,星期三,-0.0014,0.0219
2024-07-16,2396.69,2420.69,2442.81,2378.7,51419.0,星期二,-0.0019,0.01
2024-07-15,2411.57,2401.27,2427.99,2384.19,49581.0,星期一,-0.0048,-0.0043
2024-07-12,2362.47,2423.12,2464.17,2362.47,93051.0,星期五,0.0075,0.0257
2024-07-11,2323.29,2344.95,2353.5,2299.11,55478.0,星期四,0.0126,0.0093
2024-07-10,2278.79,2294.39,2318.62,2251.36,54047.0,星期三,-0.0161,0.0068
2024-07-09,2294.2,2316.05,2329.17,2265.04,56216.0,星期二,0.0002,0.0095
2024-07-08,2341.94,2293.81,2352.6,2284.43,55836.0,星期一,-0.0058,-0.0206
2024-07-05,2372.96,2355.56,2386.6,2334.43,50208.0,星期五,-0.0046,-0.0073
2024-07-04,2457.08,2383.83,2461.18,2383.83,57668.0,星期四,-0.0032,-0.0298
2024-07-03,2433.91,2465.07,2499.92,2404.53,74863.0,星期三,-0.0003,0.0128
2024-07-02,2459.58,2434.7,2503.96,2428.12,83357.0,星期二,-0.0027,-0.0101
2024-07-01,2343.38,2466.29,2478.35,2343.38,98677.0,星期一,0.0005,0.0524
2024-06-28,2370.11,2342.29,2399.76,2334.04,81723.0,星期五,-0.0033,-0.0117
2024-06-27,2434.27,2378.07,2447.98,2378.07,55267.0,星期四,-0.0005,-0.0231
2024-06-26,2425.89,2435.48,2441.82,2397.34,47157.0,星期三,-0.0058,0.004
2024-06-25,2420.51,2439.95,2477.83,2397.73,64725.0,星期二,0.0016,0.008
2024-06-24,2464.39,2416.55,2464.39,2413.42,54753.0,星期一,-0.0075,-0.0194
2024-06-21,2486.96,2483.0,2507.36,2471.52,45549.0,星期五,0.0024,-0.0016
2024-06-20,2550.27,2480.99,2550.27,2478.65,61142.0,星期四,-0.0029,-0.0272
2024-06-19,2576.17,2557.75,2585.38,2547.54,50300.0,星期三,0.0003,-0.0072
2024-06-18,2593.42,2575.52,2614.92,2568.17,50021.0,星期二,-0.0021,-0.0069
2024-06-17,2623.49,2598.95,2633.62,2585.21,65000.0,星期一,-0.0099,-0.0094
2024-06-14,2595.7,2649.66,2677.65,2584.87,130433.0,星期五,-0.0049,0.0208
2024-06-13,2671.89,2608.39,2677.5,2597.08,106798.0,星期四,0.0057,-0.0238
2024-06-12,2678.94,2656.79,2693.58,2653.47,76099.0,星期三,-0.0035,-0.0083
2024-06-11,2700.32,2688.22,2739.09,2664.77,90475.0,星期二,-0.0056,-0.0045
2024-06-07,2673.81,2715.58,2742.92,2673.81,95963.0,星期五,0.0003,0.0156
2024-06-06,2689.72,2673.02,2711.94,2652.43,83570.0,星期四,0.0019,-0.0062
2024-06-05,2741.05,2684.6,2741.05,2683.48,77128.0,星期三,-0.004,-0.0206
2024-06-04,2701.06,2751.94,2775.29,2671.39,119949.0,星期二,-0.001,0.0188
2024-06-03,2698.54,2703.69,2721.62,2676.63,102644.0,星期一,-0.0065,0.0019
2024-05-31,2721.4,2716.24,2754.71,2707.63,100950.0,星期五,0.0015,-0.0019
2024-05-30,2759.88,2717.33,2767.21,2708.49,105759.0,星期四,-0.0082,-0.0154
2024-05-29,2774.14,2782.83,2824.15,2768.3,97907.0,星期三,0.0021,0.0031
2024-05-28,2864.01,2768.25,2875.1,2761.07,131495.0,星期二,0.0145,-0.0334
2024-05-27,2804.06,2823.09,2828.69,2740.18,120255.0,星期一,-0.0021,0.0068
2024-05-24,2874.01,2810.04,2874.01,2805.09,137615.0,星期五,-0.0121,-0.0223
2024-05-23,2916.41,2909.29,2933.16,2864.4,195519.0,星期四,-0.016,-0.0024
2024-05-22,2940.14,2963.69,3084.2,2926.98,254258.0,星期三,-0.0012,0.008
2024-05-21,2928.96,2943.77,2988.34,2919.8,159811.0,星期二,-0.0104,0.0051
2024-05-20,2984.43,2959.81,3057.35,2926.38,300192.0,星期一,-0.0106,-0.0082
2024-05-17,2824.79,3016.42,3018.37,2765.07,338533.0,星期五,0.0126,0.0678
2024-05-16,2702.99,2789.71,2831.78,2699.61,209784.0,星期四,0.0002,0.0321
2024-05-15,2646.86,2702.58,2787.59,2645.87,168351.0,星期三,-0.0036,0.0211
2024-05-14,2629.94,2656.44,2683.87,2619.64,98015.0,星期二,-0.0017,0.0101
2024-05-13,2628.52,2634.5,2668.45,2605.68,116347.0,星期一,-0.0125,0.0023
2024-05-10,2565.98,2661.8,2674.22,2550.5,176943.0,星期五,0.0061,0.0373
2024-05-09,2516.07,2550.33,2587.09,2515.41,114167.0,星期四,0.0075,0.0136
2024-05-08,2557.25,2497.46,2557.25,2495.15,92612.0,星期三,-0.0072,-0.0234
2024-05-07,2508.29,2575.74,2595.74,2503.36,140963.0,星期二,-0.0045,0.0269
2024-05-06,2564.23,2519.66,2602.05,2518.46,158430.0,星期一,0.0233,-0.0174
2024-04-30,2569.29,2505.9,2569.29,2487.04,164170.0,星期二,-0.0034,-0.0247
2024-04-29,2409.2,2578.18,2585.96,2406.68,192350.0,星期一,-0.0063,0.0701
2024-04-26,2302.72,2424.47,2428.99,2291.51,137760.0,星期五,-0.002,0.0529
2024-04-25,2278.5,2307.44,2328.54,2271.15,63971.0,星期四,-0.0034,0.0127
2024-04-24,2287.03,2286.23,2290.28,2258.58,57533.0,星期三,0.0004,-0.0003
2024-04-23,2310.93,2286.03,2319.22,2279.51,57507.0,星期二,0.0013,-0.0108
2024-04-22,2324.93,2308.02,2353.81,2293.04,73161.0,星期一,-0.0024,-0.0073
2024-04-19,2347.65,2330.49,2368.48,2326.9,61990.0,星期五,-0.0067,-0.0073
2024-04-18,2366.25,2363.58,2392.66,2337.23,79956.0,星期四,-0.005,-0.0011
2024-04-17,2332.82,2378.23,2387.05,2332.82,80060.0,星期三,-0.0039,0.0195
2024-04-16,2349.3,2342.03,2380.74,2309.6,81045.0,星期二,-0.0075,-0.0031
2024-04-15,2346.83,2366.95,2400.19,2326.28,71693.0,星期一,-0.0031,0.0086
2024-04-12,2406.57,2354.2,2425.16,2351.47,71531.0,星期五,-0.0046,-0.0218
2024-04-11,2401.69,2417.74,2438.21,2385.07,62686.0,星期四,-0.0107,0.0067
2024-04-10,2510.28,2427.58,2510.28,2409.1,79779.0,星期三,-0.0009,-0.0329
2024-04-09,2520.87,2512.56,2531.42,2497.85,51275.0,星期二,0.0013,-0.0033
2024-04-08,2550.43,2517.57,2571.46,2516.64,66953.0,星期一,-0.0046,-0.0129
2024-04-03,2577.27,2562.16,2599.01,2560.06,61047.0,星期三,-0.0054,-0.0059
2024-04-02,2649.3,2591.31,2649.3,2581.86,92139.0,星期二,-0.0023,-0.0219
2024-04-01,2630.44,2655.49,2683.27,2629.47,69006.0,星期一,-0.001,0.0095
2024-03-29,2645.9,2633.11,2660.69,2614.38,61803.0,星期五,-0.0098,-0.0048
2024-03-28,2658.35,2672.12,2700.61,2656.98,53204.0,星期四,-0.0035,0.0052
2024-03-27,2740.64,2667.71,2740.64,2667.71,61596.0,星期三,-0.0024,-0.0266
2024-03-26,2721.4,2747.34,2757.09,2706.2,74243.0,星期二,-0.0036,0.0095
2024-03-25,2679.87,2731.25,2778.69,2665.8,88136.0,星期一,-0.0009,0.0192
2024-03-22,2719.96,2682.41,2722.69,2666.22,61241.0,星期五,-0.004,-0.0138
2024-03-21,2716.42,2730.82,2756.94,2716.42,60913.0,星期四,-0.0018,0.0053
2024-03-20,2717.7,2721.23,2739.08,2705.41,53746.0,星期三,-0.0027,0.0013
2024-03-19,2748.73,2725.18,2755.28,2723.7,59203.0,星期二,-0.001,-0.0086
2024-03-18,2756.59,2751.52,2758.8,2721.32,65962.0,星期一,-0.0002,-0.0018
2024-03-15,2759.84,2757.01,2791.99,2732.67,61414.0,星期五,-0.004,-0.001
2024-03-14,2749.79,2770.92,2804.12,2746.44,69647.0,星期四,-0.0019,0.0077
2024-03-13,2798.3,2755.04,2798.3,2744.67,78428.0,星期三,-0.007,-0.0155
2024-03-12,2703.41,2817.96,2845.06,2693.92,129182.0,星期二,-0.0008,0.0424
2024-03-11,2634.01,2705.64,2705.64,2634.01,78539.0,星期一,0.0019,0.0272
2024-03-08,2643.96,2629.14,2653.39,2609.03,56436.0,星期五,-0.0012,-0.0056
2024-03-07,2681.8,2647.14,2698.75,2647.14,62196.0,星期四,0.0007,-0.0129
2024-03-06,2700.73,2679.86,2717.09,2666.0,61699.0,星期三,-0.0065,-0.0077
2024-03-05,2695.61,2718.42,2735.44,2664.85,88513.0,星期二,-0.0086,0.0085
2024-03-04,2785.29,2718.88,2785.57,2699.61,97624.0,星期一,-0.0065,-0.0238
2024-03-01,2834.04,2803.39,2841.21,2782.99,66009.0,星期五,0.0042,-0.0108
2024-02-29,2753.48,2822.06,2822.06,2753.48,65335.0,星期四,-0.0062,0.0249
2024-02-28,2819.15,2770.73,2848.39,2770.73,82644.0,星期三,-0.0006,-0.0172
2024-02-27,2766.47,2820.98,2820.98,2761.44,57286.0,星期二,-0.0055,0.0197
2024-02-26,2816.67,2781.69,2824.33,2767.91,61301.0,星期一,-0.0038,-0.0124
2024-02-23,2815.2,2827.41,2835.23,2801.45,57828.0,星期五,-0.0004,0.0043
2024-02-22,2803.35,2816.42,2830.68,2785.75,59595.0,星期四,-0.0087,0.0047
2024-02-21,2740.26,2828.06,2887.33,2718.98,98340.0,星期三,-0.0105,0.032
2024-02-20,2759.8,2769.38,2791.61,2733.91,67819.0,星期二,0.002,0.0035
2024-02-19,2821.05,2754.22,2821.05,2701.82,96482.0,星期一,0.0087,-0.0237
2024-02-08,2708.68,2796.6,2805.94,2708.68,99484.0,星期四,0.0087,0.0325
2024-02-07,2626.43,2685.38,2689.0,2604.98,99219.0,星期三,-0.0007,0.0224
2024-02-06,2488.24,2628.34,2650.25,2458.83,84680.0,星期二,-0.0107,0.0563
2024-02-05,2591.9,2515.21,2591.9,2459.78,87671.0,星期一,-0.0068,-0.0296
2024-02-02,2604.27,2609.56,2697.18,2522.23,78099.0,星期五,0.0018,0.002
2024-02-01,2624.95,2599.7,2661.84,2589.19,63402.0,星期四,-0.008,-0.0096
2024-01-31,2708.73,2646.05,2731.1,2639.24,76374.0,星期三,-0.0056,-0.0231
2024-01-30,2794.09,2723.96,2815.52,2720.52,73292.0,星期二,-0.0049,-0.0251
2024-01-29,2884.74,2807.79,2888.81,2807.14,97996.0,星期一,0.0126,-0.0267
2024-01-26,2776.82,2848.9,2889.73,2774.52,120083.0,星期五,0.0024,0.026
2024-01-25,2636.59,2770.2,2774.96,2632.83,101973.0,星期四,0.0049,0.0507
2024-01-24,2552.19,2623.85,2626.04,2530.49,68603.0,星期三,0.0048,0.0281
2024-01-23,2499.84,2539.99,2553.34,2479.48,54712.0,星期二,-0.0027,0.0161
2024-01-22,2586.74,2506.62,2596.26,2492.05,60572.0,星期一,-0.0074,-0.031
2024-01-19,2589.22,2605.91,2625.3,2581.31,41720.0,星期五,-0.0044,0.0064
2024-01-18,2577.04,2600.68,2606.04,2519.8,58499.0,星期四,-0.0048,0.0092
2024-01-17,2652.76,2589.48,2654.92,2589.44,41493.0,星期三,-0.0049,-0.0239
2024-01-16,2672.34,2665.72,2688.13,2632.19,44176.0,星期二,-0.0032,-0.0025
2024-01-15,2658.91,2680.99,2697.31,2628.77,43600.0,星期一,-0.004,0.0083
2024-01-12,2671.3,2669.69,2710.4,2667.99,42325.0,星期五,-0.0044,-0.0006
2024-01-11,2668.75,2683.17,2696.53,2648.87,42232.0,星期四,-0.0021,0.0054
2024-01-10,2674.13,2674.31,2699.42,2653.51,38152.0,星期三,-0.0045,0.0001
2024-01-09,2659.51,2686.25,2704.05,2646.75,48494.0,星期二,0.0008,0.0101
2024-01-08,2716.12,2657.49,2726.24,2657.49,47723.0,星期一,0.001,-0.0216
2024-01-05,2712.42,2713.32,2755.83,2702.05,53609.0,星期五,-0.0023,0.0003
2024-01-04,2765.79,2718.59,2766.09,2705.06,54976.0,星期四,-0.0029,-0.0171
2024-01-03,2764.92,2773.76,2798.65,2753.09,48655.0,星期三,-0.0007,0.0032
2024-01-02,2843.32,2766.72,2843.32,2765.39,59121.0,星期二,-0.0011,-0.0269
2023-12-29,2854.24,2846.5,2874.57,2831.22,41634.0,星期五,-0.0017,-0.0027
2023-12-28,2769.44,2859.08,2866.22,2757.33,55241.0,星期四,-0.0027,0.0324
2023-12-27,2767.32,2776.91,2788.14,2753.82,35264.0,星期三,0.0001,0.0035
2023-12-26,2817.68,2767.09,2825.99,2765.73,36907.0,星期二,-0.002,-0.018
2023-12-25,2828.68,2823.24,2841.13,2817.89,32266.0,星期一,-0.003,-0.0019
2023-12-22,2855.72,2837.23,2862.77,2817.84,45970.0,星期五,-0.0019,-0.0065
2023-12-21,2815.73,2861.24,2863.63,2811.36,46798.0,星期四,-0.0071,0.0162
2023-12-20,2869.87,2835.91,2876.76,2835.91,48826.0,星期三,-0.0015,-0.0118
2023-12-19,2905.33,2874.04,2918.45,2849.29,46380.0,星期二,-0.0024,-0.0108
2023-12-18,2924.48,2912.35,2982.27,2904.1,56763.0,星期一,-0.0063,-0.0041
2023-12-15,2944.7,2942.9,2992.21,2938.45,65481.0,星期五,0.0115,-0.0006
2023-12-14,2935.05,2911.17,2965.09,2908.21,42813.0,星期四,0.0025,-0.0081
2023-12-13,2971.73,2927.72,2971.73,2926.79,57626.0,星期三,-0.0119,-0.0148
2023-12-12,2955.11,3007.52,3018.32,2933.85,80021.0,星期二,0.0134,0.0177
2023-12-11,2923.47,2916.1,2923.47,2876.33,62140.0,星期一,-0.0068,-0.0025
2023-12-08,2979.44,2943.54,2983.08,2935.96,59721.0,星期五,-0.001,-0.012
2023-12-07,2982.93,2982.47,2998.2,2958.94,47697.0,星期四,-0.0026,-0.0002
2023-12-06,2952.29,2990.7,3010.98,2935.08,49956.0,星期三,-0.0013,0.013
2023-12-05,3031.99,2956.22,3031.99,2955.65,56405.0,星期二,-0.0036,-0.025
2023-12-04,3097.16,3043.03,3098.24,3035.34,62790.0,星期一,-0.0016,-0.0175
2023-12-01,3095.9,3102.26,3117.54,3074.41,54155.0,星期五,-0.0029,0.0021
2023-11-30,3116.11,3105.04,3127.05,3089.13,49221.0,星期四,-0.0013,-0.0036
2023-11-29,3212.2,3120.26,3219.69,3118.41,71421.0,星期三,-0.0024,-0.0286
2023-11-28,3260.04,3220.03,3260.04,3209.73,56161.0,星期二,-0.0037,-0.0123
2023-11-27,3303.56,3272.29,3303.56,3237.42,83495.0,星期一,-0.0052,-0.0095
2023-11-24,3336.64,3320.85,3352.26,3307.47,81001.0,星期五,0.0073,-0.0047
2023-11-23,3225.85,3312.51,3324.02,3203.23,97512.0,星期四,0.0026,0.0269
2023-11-22,3235.16,3217.46,3295.08,3215.72,73146.0,星期三,-0.0053,-0.0055
2023-11-21,3220.33,3252.44,3305.03,3218.8,103726.0,星期二,0.0093,0.01
2023-11-20,3217.62,3190.67,3228.05,3182.39,46640.0,星期一,0.0048,-0.0084
2023-11-17,3211.5,3202.36,3228.33,3181.97,46438.0,星期五,-0.0053,-0.0028
2023-11-16,3223.8,3228.53,3245.57,3177.18,61013.0,星期四,-0.0039,0.0015
2023-11-15,3284.72,3236.31,3285.46,3226.73,60024.0,星期三,0.0095,-0.0147
2023-11-14,3213.13,3253.72,3262.08,3211.43,56261.0,星期二,-0.0017,0.0126
2023-11-13,3233.5,3218.69,3241.61,3193.65,49771.0,星期一,0.0033,-0.0046
2023-11-10,3260.99,3222.71,3260.99,3205.62,58086.0,星期五,-0.0054,-0.0117
2023-11-09,3295.58,3278.59,3334.46,3271.2,68790.0,星期四,-0.0001,-0.0052
2023-11-08,3244.83,3295.89,3318.97,3242.56,79181.0,星期三,-0.0039,0.0157
2023-11-07,3275.78,3257.65,3299.78,3244.64,78114.0,星期二,0.0045,-0.0055
2023-11-06,3171.26,3261.08,3273.58,3170.95,91041.0,星期一,0.0058,0.0283
2023-11-03,3164.43,3152.97,3172.83,3134.12,52282.0,星期五,0.0002,-0.0036
2023-11-02,3181.85,3163.82,3202.77,3163.66,48410.0,星期四,-0.0016,-0.0057
2023-11-01,3210.64,3186.94,3219.2,3179.8,55791.0,星期三,-0.0022,-0.0074
2023-10-31,3200.03,3217.85,3244.02,3162.02,83635.0,星期二,-0.0077,0.0056
2023-10-30,3244.42,3224.77,3254.59,3197.96,74586.0,星期一,-0.0083,-0.0061
2023-10-27,3238.34,3271.55,3281.63,3212.3,64200.0,星期五,0.0004,0.0103
2023-10-26,3250.73,3237.08,3263.64,3221.09,47307.0,星期四,-0.0085,-0.0042
2023-10-25,3318.17,3278.46,3338.35,3272.35,61074.0,星期三,0.0077,-0.012
2023-10-24,3251.3,3292.78,3314.54,3241.85,62329.0,星期二,0.0037,0.0128
2023-10-23,3274.77,3239.19,3297.18,3221.46,60942.0,星期一,-0.0107,-0.0109
2023-10-20,3305.89,3310.1,3352.44,3267.05,66505.0,星期五,-0.005,0.0013
2023-10-19,3359.84,3322.39,3376.66,3319.6,68873.0,星期四,-0.0031,-0.0111
2023-10-18,3417.0,3370.3,3424.88,3369.86,60402.0,星期三,0.0004,-0.0137
2023-10-17,3444.72,3415.58,3450.5,3392.04,79799.0,星期二,-0.0043,-0.0085
2023-10-16,3520.06,3459.63,3541.92,3447.76,57463.0,星期一,-0.0023,-0.0172
2023-10-13,3522.14,3528.14,3545.28,3509.94,54477.0,星期五,-0.0052,0.0017
2023-10-12,3567.8,3540.66,3570.45,3505.59,60548.0,星期四,0.0102,-0.0076
2023-10-11,3532.3,3531.64,3560.41,3510.13,48840.0,星期三,0.003,-0.0002
2023-10-10,3539.93,3521.84,3572.1,3519.47,51875.0,星期二,-0.0007,-0.0051
2023-10-09,3601.73,3542.49,3601.73,3527.25,64517.0,星期一,-0.0052,-0.0164
2023-09-28,3622.6,3620.6,3637.54,3599.94,44232.0,星期四,0.0023,-0.0006
2023-09-27,3621.33,3614.18,3643.56,3607.8,43844.0,星期三,-0.0019,-0.002
2023-09-26,3630.85,3628.24,3643.8,3614.71,52171.0,星期二,-0.0028,-0.0007
2023-09-25,3694.2,3641.03,3694.74,3628.69,74209.0,星期一,-0.0045,-0.0144
2023-09-22,3666.73,3710.83,3716.49,3663.47,52433.0,星期五,-0.0042,0.012
2023-09-21,3696.11,3682.32,3735.86,3680.04,49216.0,星期四,0.0015,-0.0037
2023-09-20,3682.76,3690.73,3719.13,3668.37,49675.0,星期三,-0.0032,0.0022
2023-09-19,3702.37,3694.56,3717.57,3682.09,49343.0,星期二,-0.0017,-0.0021
2023-09-18,3739.74,3708.86,3739.74,3689.33,72065.0,星期一,-0.0058,-0.0083
2023-09-15,3770.11,3761.45,3779.55,3727.02,71400.0,星期五,0.0037,-0.0023
2023-09-14,3769.78,3756.33,3785.7,3744.6,60479.0,星期四,-0.0041,-0.0036
2023-09-13,3775.75,3785.41,3816.84,3757.25,69307.0,星期三,-0.0021,0.0026
2023-09-12,3805.17,3783.57,3805.17,3767.41,72369.0,星期二,-0.0014,-0.0057
2023-09-11,3858.05,3810.51,3859.21,3761.52,86490.0,星期一,0.0046,-0.0123
2023-09-08,3824.76,3840.54,3849.17,3796.02,42580.0,星期五,-0.0009,0.0041
2023-09-07,3854.16,3828.2,3906.46,3826.49,68642.0,星期四,-0.0004,-0.0067
2023-09-06,3759.92,3855.67,3865.31,3729.98,76978.0,星期三,-0.0008,0.0255
2023-09-05,3843.42,3762.83,3843.42,3753.75,65191.0,星期二,-0.0029,-0.021
2023-09-04,3898.76,3854.53,3938.74,3844.18,79709.0,星期一,0.0124,-0.0113
2023-09-01,3858.51,3850.83,3895.78,3807.66,77050.0,星期五,0.0168,-0.002
2023-08-31,4000.86,3794.73,4005.57,3789.97,103172.0,星期四,-0.0005,-0.0515
2023-08-30,3978.31,4003.04,4049.39,3973.85,81881.0,星期三,-0.0035,0.0062
2023-08-29,3883.49,3992.16,3993.9,3864.58,100994.0,星期二,-0.0066,0.028
2023-08-28,4025.99,3909.22,4025.99,3891.04,132504.0,星期一,0.071,-0.029
2023-08-25,3690.44,3759.05,3825.65,3682.63,65317.0,星期五,-0.0022,0.0186
2023-08-24,3752.93,3698.63,3758.21,3676.04,49757.0,星期四,0.0035,-0.0145
2023-08-23,3808.95,3739.95,3808.95,3739.95,42100.0,星期三,0.0,-0.0181
2023-08-22,3816.04,3808.8,3834.42,3764.61,43012.0,星期二,0.0035,-0.0019
2023-08-21,3868.66,3802.66,3877.69,3802.66,46938.0,星期一,-0.0041,-0.0171
2023-08-18,3947.03,3884.68,3992.62,3884.68,54788.0,星期五,0.0017,-0.0158
2023-08-17,3926.57,3940.27,3972.32,3898.29,53381.0,星期四,-0.0076,0.0035
2023-08-16,3881.49,3956.48,4021.26,3862.52,69689.0,星期三,-0.0027,0.0193
2023-08-15,3903.76,3891.92,3925.25,3848.33,43463.0,星期二,0.0001,-0.003
2023-08-14,3850.52,3903.44,3930.63,3805.32,57814.0,星期一,-0.0196,0.0137
2023-08-11,3992.02,3927.39,4028.17,3899.31,64244.0,星期五,0.0066,-0.0162
2023-08-10,3943.57,3966.0,4001.95,3924.74,49293.0,星期四,-0.0019,0.0057
2023-08-09,3928.16,3950.93,3993.73,3906.22,58410.0,星期三,0.0009,0.0058
2023-08-08,3983.98,3924.56,4000.36,3917.88,63652.0,星期二,-0.0012,-0.0149
2023-08-07,4070.64,3988.65,4072.73,3968.77,91941.0,星期一,-0.0121,-0.0201
2023-08-04,4204.22,4120.63,4231.79,4111.08,103734.0,星期五,0.0138,-0.0199
2023-08-03,4053.71,4147.0,4151.37,4012.06,107121.0,星期四,-0.0053,0.023
2023-08-02,4053.78,4075.46,4127.42,4053.47,99770.0,星期三,0.0008,0.0053
2023-08-01,4058.42,4050.58,4123.65,4018.23,107184.0,星期二,-0.0063,-0.0019
2023-07-31,4085.62,4084.24,4204.97,4068.06,153669.0,星期一,0.0096,-0.0003
2023-07-28,3911.7,4046.9,4056.02,3911.7,133967.0,星期五,0.005,0.0346
2023-07-27,3870.34,3892.21,3948.93,3828.57,105366.0,星期四,-0.0107,0.0057
2023-07-26,3871.63,3912.39,3937.33,3850.36,138561.0,星期三,0.0022,0.0105
2023-07-25,3702.43,3863.08,3863.94,3702.43,144131.0,星期二,0.0239,0.0434
2023-07-24,3669.97,3615.99,3671.23,3582.75,52657.0,星期一,0.0053,-0.0147
2023-07-21,3624.93,3650.72,3669.27,3615.31,53820.0,星期五,-0.0006,0.0071
2023-07-20,3617.74,3627.13,3669.97,3605.45,52791.0,星期四,-0.0002,0.0026
2023-07-19,3553.07,3618.34,3625.57,3552.16,51078.0,星期三,-0.0042,0.0184
2023-07-18,3531.51,3568.1,3590.24,3522.95,41030.0,星期二,-0.0023,0.0104
2023-07-17,3525.19,3539.76,3539.79,3506.17,30073.0,星期一,-0.0052,0.0041
2023-07-14,3551.96,3543.69,3567.99,3519.03,31991.0,星期五,-0.0004,-0.0023
2023-07-13,3527.27,3553.42,3558.54,3527.27,36472.0,星期四,0.0033,0.0074
2023-07-12,3580.25,3515.67,3580.25,3509.3,48153.0,星期三,-0.0021,-0.018
2023-07-11,3636.67,3587.64,3651.2,3578.33,37999.0,星期二,0.0115,-0.0135
2023-07-10,3611.34,3595.36,3617.52,3579.53,29094.0,星期一,0.0009,-0.0044
2023-07-07,3620.0,3608.0,3650.83,3594.48,36003.0,星期五,-0.0007,-0.0033
2023-07-06,3600.94,3622.43,3643.41,3583.26,38461.0,星期四,-0.0022,0.006
2023-07-05,3600.64,3609.03,3634.94,3596.12,37438.0,星期三,-0.003,0.0023
2023-07-04,3660.64,3611.61,3663.52,3583.55,56517.0,星期二,-0.0018,-0.0134
2023-07-03,3655.12,3667.34,3683.45,3655.12,40167.0,星期一,0.002,0.0033
2023-06-30,3660.4,3647.82,3715.92,3646.41,39222.0,星期五,0.0025,-0.0034
2023-06-29,3701.35,3651.43,3704.01,3648.22,32489.0,星期四,-0.002,-0.0135
2023-06-28,3729.16,3708.76,3734.83,3670.63,35480.0,星期三,0.001,-0.0055
2023-06-27,3578.91,3725.41,3737.71,3560.27,61002.0,星期二,0.0027,0.0409
2023-06-26,3612.07,3569.13,3615.11,3563.8,41225.0,星期一,-0.0076,-0.0119
2023-06-21,3668.79,3639.87,3698.92,3639.71,38851.0,星期三,-0.0042,-0.0079
2023-06-20,3740.2,3684.3,3743.06,3679.58,48480.0,星期二,-0.0024,-0.0149
2023-06-19,3818.67,3749.36,3818.67,3735.02,56434.0,星期一,0.0029,-0.0182
2023-06-16,3826.91,3807.53,3855.76,3798.42,49974.0,星期五,0.0009,-0.0051
2023-06-15,3788.39,3823.33,3837.29,3786.7,45988.0,星期四,0.0002,0.0092
2023-06-14,3846.34,3787.45,3860.13,3782.99,48047.0,星期三,0.0033,-0.0153
2023-06-13,3817.28,3833.6,3886.36,3815.6,48103.0,星期二,0.0004,0.0043
2023-06-12,3806.49,3815.93,3853.65,3779.89,60259.0,星期一,-0.0018,0.0025
2023-06-09,3851.83,3813.43,3861.6,3804.42,74612.0,星期五,-0.0072,-0.01
2023-06-08,3797.95,3879.71,3904.16,3758.77,90583.0,星期四,-0.0022,0.0215
2023-06-07,3779.83,3806.31,3872.02,3779.83,83114.0,星期三,0.0048,0.007
2023-06-06,3751.48,3761.66,3852.52,3750.6,168295.0,星期二,-0.0002,0.0027
2023-06-05,3749.09,3752.4,3764.28,3712.67,147660.0,星期一,-0.0095,0.0009
2023-06-02,3651.37,3784.93,3800.95,3651.37,160942.0,星期五,0.0025,0.0366
2023-06-01,3655.75,3642.35,3670.51,3608.4,111617.0,星期四,-0.0036,-0.0037
2023-05-31,3688.84,3668.9,3731.3,3653.58,125021.0,星期三,-0.0033,-0.0054
2023-05-30,3639.84,3700.93,3706.56,3562.92,149413.0,星期二,-0.0038,0.0168
2023-05-29,3665.05,3653.66,3685.48,3646.76,132959.0,星期一,-0.0038,-0.0031
2023-05-26,3628.11,3679.06,3682.77,3602.99,149686.0,星期五,-0.0029,0.014
2023-05-25,3623.12,3638.58,3654.01,3600.16,78006.0,星期四,-0.0077,0.0043
2023-05-24,3745.84,3651.14,3747.06,3650.32,116568.0,星期三,-0.0047,-0.0253
2023-05-23,3788.55,3763.69,3819.79,3761.7,114286.0,星期二,-0.003,-0.0066
2023-05-22,3800.9,3799.81,3805.27,3764.61,86256.0,星期一,-0.0045,-0.0003
2023-05-19,3861.77,3817.95,3862.63,3805.01,73036.0,星期五,-0.0018,-0.0113
2023-05-18,3914.5,3868.88,3929.14,3852.01,75102.0,星期四,0.0017,-0.0117
2023-05-17,3925.64,3907.75,3950.67,3887.85,53793.0,星期三,-0.0018,-0.0046
2023-05-16,3975.14,3932.68,3982.21,3923.24,56620.0,星期二,-0.0008,-0.0107
2023-05-15,3975.05,3978.32,3978.95,3908.55,73277.0,星期一,-0.0018,0.0008
2023-05-12,4013.4,3982.15,4054.18,3978.39,71702.0,星期五,-0.0035,-0.0078
2023-05-11,4026.96,4027.31,4061.44,4017.53,77962.0,星期四,-0.0006,0.0001
2023-05-10,4088.73,4029.46,4112.84,4003.41,84853.0,星期三,-0.0013,-0.0145
2023-05-09,4056.04,4093.99,4200.7,4052.39,141600.0,星期二,-0.0042,0.0094
2023-05-08,4020.75,4073.21,4078.93,3947.16,112980.0,星期一,-0.01,0.013
2023-05-05,3909.77,4061.28,4074.37,3907.29,151544.0,星期五,-0.0026,0.0388
2023-05-04,3909.62,3920.11,3956.1,3885.65,118517.0,星期四,-0.0105,0.0027
2023-04-28,3917.19,3951.15,3954.39,3907.73,107196.0,星期五,-0.0041,0.0087
2023-04-27,3925.39,3933.38,3955.99,3903.15,114145.0,星期四,-0.0007,0.002
2023-04-26,3911.54,3927.97,3945.27,3874.54,94505.0,星期三,-0.0109,0.0042
2023-04-25,3987.92,3954.63,3991.43,3903.01,106483.0,星期二,0.002,-0.0083
2023-04-24,4051.82,3979.96,4051.82,3968.24,108210.0,星期一,-0.0032,-0.0177
2023-04-21,4130.23,4064.66,4178.7,4059.64,122338.0,星期五,0.0036,-0.0159
2023-04-20,4127.11,4115.23,4140.47,4076.42,105807.0,星期四,-0.0014,-0.0029
2023-04-19,4229.66,4132.75,4229.66,4124.83,128234.0,星期三,-0.0005,-0.0229
2023-04-18,4253.33,4231.72,4292.42,4216.79,97912.0,星期二,-0.0004,-0.0051
2023-04-17,4238.71,4255.18,4255.18,4206.08,91602.0,星期一,-0.0042,0.0039
2023-04-14,4293.7,4256.55,4301.44,4245.77,95278.0,星期五,0.0021,-0.0087
2023-04-13,4295.26,4284.76,4304.71,4268.17,95623.0,星期四,-0.0039,-0.0024
2023-04-12,4318.83,4312.16,4347.27,4264.9,118238.0,星期三,0.0012,-0.0015
2023-04-11,4250.14,4313.65,4317.9,4222.96,141575.0,星期二,-0.0019,0.0149
2023-04-10,4254.5,4258.13,4286.63,4237.85,118938.0,星期一,-0.0041,0.0009
2023-04-07,4111.79,4272.2,4282.9,4111.26,163855.0,星期五,0.0033,0.039
2023-04-06,4095.47,4098.42,4132.29,4080.92,85805.0,星期四,-0.0024,0.0007
2023-04-04,4129.21,4105.52,4145.55,4093.18,81636.0,星期二,-0.0005,-0.0057
2023-04-03,4045.35,4131.26,4156.26,4036.63,103990.0,星期一,0.0018,0.0212
2023-03-31,4066.09,4038.17,4095.0,4029.29,84107.0,星期五,0.0012,-0.0069
2023-03-30,4041.13,4061.17,4065.96,3996.12,93096.0,星期四,0.0013,0.005
2023-03-29,4052.17,4035.75,4086.39,4024.32,94402.0,星期三,0.0021,-0.0041
2023-03-28,4087.2,4043.56,4113.51,4038.23,89909.0,星期二,0.0008,-0.0107
2023-03-27,4136.97,4083.88,4136.97,4069.66,103112.0,星期一,-0.0034,-0.0128
2023-03-24,4140.8,4150.95,4183.78,4101.1,112940.0,星期五,-0.0001,0.0025
2023-03-23,4145.64,4141.22,4166.46,4116.76,77405.0,星期四,-0.0035,-0.0011
2023-03-22,4116.85,4160.0,4173.17,4110.66,75993.0,星期三,0.001,0.0105
2023-03-21,4132.03,4112.81,4147.91,4091.61,76905.0,星期二,0.0024,-0.0047
2023-03-20,4175.23,4122.21,4205.36,4116.31,85035.0,星期一,0.0078,-0.0127
2023-03-17,4133.62,4142.8,4192.09,4129.1,97558.0,星期五,0.0069,0.0022
2023-03-16,4112.41,4105.4,4159.83,4086.35,88603.0,星期四,-0.0038,-0.0017
2023-03-15,4091.21,4127.95,4138.9,4091.21,79130.0,星期三,0.0053,0.009
2023-03-14,4095.53,4069.69,4129.19,4037.15,72140.0,星期二,-0.002,-0.0063
2023-03-13,4119.28,4103.64,4152.07,4082.48,75019.0,星期一,-0.0035,-0.0038
2023-03-10,4189.56,4133.94,4189.56,4126.15,78732.0,星期五,-0.0052,-0.0133
2023-03-09,4214.21,4211.4,4234.6,4197.9,64454.0,星期四,0.0008,-0.0007
2023-03-08,4203.13,4210.86,4215.65,4184.15,61612.0,星期三,-0.0011,0.0018
2023-03-07,4289.24,4207.93,4297.8,4204.53,84979.0,星期二,0.0001,-0.019
2023-03-06,4360.19,4288.63,4360.19,4275.32,96693.0,星期一,-0.0016,-0.0164
2023-03-03,4361.03,4367.0,4369.56,4332.17,81915.0,星期五,0.0012,0.0014
2023-03-02,4386.08,4355.82,4393.03,4352.12,86660.0,星期四,-0.0038,-0.0069
2023-03-01,4357.52,4402.66,4403.01,4352.81,92283.0,星期三,-0.001,0.0104
2023-02-28,4339.69,4361.68,4367.2,4296.4,76720.0,星期二,0.001,0.0051
2023-02-27,4326.93,4335.52,4387.25,4323.76,68641.0,星期一,0.0007,0.002
2023-02-24,4378.69,4323.88,4379.02,4293.48,73863.0,星期五,0.0014,-0.0125
2023-02-23,4363.82,4372.76,4410.01,4350.48,90676.0,星期四,0.0006,0.002
2023-02-22,4359.11,4361.34,4379.29,4350.49,61219.0,星期三,-0.0089,0.0005
2023-02-21,4436.11,4398.05,4457.1,4362.88,101083.0,星期二,0.014,-0.0086
2023-02-20,4282.31,4375.07,4375.07,4282.31,102423.0,星期一,-0.0005,0.0217
2023-02-17,4312.93,4284.29,4343.55,4283.69,74482.0,星期五,-0.0004,-0.0066
2023-02-16,4347.66,4314.49,4418.34,4288.52,98231.0,星期四,-0.0002,-0.0076
2023-02-15,4423.28,4348.58,4423.28,4337.96,84098.0,星期三,-0.002,-0.0169
2023-02-14,4430.21,4432.21,4476.01,4407.5,86782.0,星期二,0.0039,0.0005
2023-02-13,4401.75,4413.2,4439.98,4356.28,92184.0,星期一,-0.0037,0.0026
2023-02-10,4384.89,4418.11,4455.05,4363.94,76603.0,星期五,-0.0016,0.0076
2023-02-09,4340.86,4391.77,4418.47,4323.9,78051.0,星期四,-0.0001,0.0117
2023-02-08,4321.68,4341.25,4391.42,4320.03,92304.0,星期三,-0.001,0.0045
2023-02-07,4256.78,4325.98,4344.5,4256.78,85703.0,星期二,0.0012,0.0163
2023-02-06,4306.71,4251.79,4306.71,4241.07,90374.0,星期一,-0.0075,-0.0128
2023-02-03,4397.71,4339.15,4397.71,4320.62,79765.0,星期五,-0.0037,-0.0133
2023-02-02,4418.19,4413.9,4441.7,4368.73,101717.0,星期四,0.0003,-0.001
2023-02-01,4446.1,4416.91,4452.65,4362.17,108643.0,星期三,-0.0007,-0.0066
2023-01-31,4353.78,4449.13,4456.99,4336.25,116096.0,星期二,-0.0062,0.0219
2023-01-30,4507.1,4381.14,4511.33,4372.87,136277.0,星期一,0.0133,-0.0279
2023-01-20,4417.38,4448.01,4452.43,4399.73,66903.0,星期五,-0.0044,0.0069
2023-01-19,4388.61,4436.92,4436.92,4360.09,71546.0,星期四,-0.0047,0.011
2023-01-18,4456.57,4409.26,4494.2,4403.32,64071.0,星期三,0.0014,-0.0106
2023-01-17,4457.07,4450.35,4467.77,4403.28,62377.0,星期二,0.0003,-0.0015
2023-01-16,4438.83,4455.93,4467.4,4382.52,93088.0,星期一,0.0015,0.0039
2023-01-13,4388.72,4432.1,4441.67,4388.72,62589.0,星期五,-0.0035,0.0099
2023-01-12,4479.72,4404.35,4482.44,4375.99,77600.0,星期四,-0.0036,-0.0168
2023-01-11,4447.93,4496.12,4572.03,4447.38,87057.0,星期三,0.0025,0.0108
2023-01-10,4440.25,4436.73,4464.55,4400.62,73594.0,星期二,0.0007,-0.0008
2023-01-09,4495.96,4436.97,4522.87,4424.42,92572.0,星期一,0.002,-0.0131
2023-01-06,4585.63,4486.8,4597.32,4474.32,106185.0,星期五,0.0108,-0.0216
2023-01-05,4508.46,4536.79,4558.56,4461.0,116630.0,星期四,-0.0009,0.0063
2023-01-04,4306.75,4512.49,4543.43,4290.04,160924.0,星期三,0.0005,0.0478
2023-01-03,4271.68,4304.51,4354.54,4258.7,96298.0,星期二,0.002,0.0077
2022-12-30,4255.16,4263.14,4283.12,4207.83,69677.0,星期五,0.0026,0.0019
2022-12-29,4328.88,4244.04,4328.88,4219.01,82660.0,星期四,-0.0051,-0.0196
2022-12-28,4307.24,4350.86,4367.91,4268.66,82162.0,星期三,-0.004,0.0101
2022-12-27,4319.06,4324.44,4391.97,4306.92,77461.0,星期二,0.0033,0.0012
2022-12-26,4395.94,4304.93,4396.13,4292.87,78136.0,星期一,-0.0021,-0.0207
2022-12-23,4360.07,4405.06,4439.62,4357.12,57506.0,星期五,-0.008,0.0103
2022-12-22,4459.16,4395.31,4490.79,4377.41,78099.0,星期四,0.0109,-0.0143
2022-12-21,4424.86,4411.27,4474.2,4391.85,79526.0,星期三,-0.0012,-0.0031
2022-12-20,4488.2,4430.19,4519.06,4414.06,98007.0,星期二,-0.0174,-0.0129
2022-12-19,4652.14,4567.52,4717.04,4514.15,125012.0,星期一,0.004,-0.0182
2022-12-16,4601.82,4633.62,4677.28,4547.23,114355.0,星期五,0.0093,0.0069
2022-12-15,4557.08,4559.34,4574.35,4467.51,98432.0,星期四,-0.0063,0.0005
2022-12-14,4621.07,4585.97,4628.38,4572.1,80425.0,星期三,-0.0016,-0.0076
2022-12-13,4609.3,4628.43,4658.86,4576.81,94058.0,星期二,-0.0017,0.0042
2022-12-12,4736.67,4616.96,4745.91,4611.91,135367.0,星期一,-0.0134,-0.0253
2022-12-09,4684.03,4800.96,4836.13,4684.03,249775.0,星期五,0.0024,0.025
2022-12-08,4570.37,4672.83,4689.92,4568.37,163239.0,星期四,-0.0002,0.0224
2022-12-07,4629.01,4571.34,4644.66,4527.09,142706.0,星期三,-0.0061,-0.0125
2022-12-06,4646.06,4657.59,4694.74,4613.85,159757.0,星期二,-0.0053,0.0025
2022-12-05,4669.96,4670.97,4740.06,4665.58,196871.0,星期一,0.0081,0.0002
2022-12-02,4693.93,4632.24,4693.93,4544.38,217181.0,星期五,-0.0099,-0.0131
2022-12-01,4790.97,4740.82,4841.03,4704.79,322087.0,星期四,-0.0003,-0.0105
2022-11-30,4908.97,4792.39,5042.48,4769.54,498530.0,星期三,-0.0024,-0.0237
2022-11-29,4776.85,4921.01,4932.94,4665.16,381169.0,星期二,0.0531,0.0302
2022-11-28,4464.89,4535.95,4554.0,4429.0,178368.0,星期一,-0.0258,0.0159
2022-11-25,4377.06,4582.9,4600.1,4377.06,269216.0,星期五,0.0048,0.047
2022-11-24,4367.11,4356.06,4406.98,4285.3,167278.0,星期四,0.0207,-0.0025
2022-11-23,4243.38,4278.44,4304.57,4243.03,92366.0,星期三,-0.0062,0.0083
2022-11-22,4339.61,4269.66,4379.99,4247.16,120312.0,星期二,0.0106,-0.0161
2022-11-21,4278.16,4294.2,4298.37,4176.23,137915.0,星期一,-0.0075,0.0037
2022-11-18,4349.77,4310.3,4371.58,4285.55,135243.0,星期五,-0.0002,-0.0091
2022-11-17,4319.41,4350.57,4384.41,4281.25,146196.0,星期四,-0.0055,0.0072
2022-11-16,4425.63,4343.4,4427.58,4306.59,218767.0,星期三,-0.0072,-0.0186
2022-11-15,4423.73,4457.54,4526.63,4370.58,288717.0,星期二,-0.0031,0.0076
2022-11-14,4520.97,4437.65,4554.84,4364.87,408565.0,星期一,0.0442,-0.0184
2022-11-11,4130.19,4329.57,4366.48,4130.07,339071.0,星期五,0.0279,0.0483
2022-11-10,3980.28,4018.11,4051.51,3929.01,180035.0,星期四,-0.0073,0.0095
2022-11-09,3985.11,4009.49,4113.58,3984.45,184406.0,星期三,0.0156,0.0061
2022-11-08,3901.65,3923.75,3977.04,3889.24,92021.0,星期二,-0.001,0.0057
2022-11-07,3862.78,3905.42,3922.48,3845.36,100353.0,星期一,-0.0046,0.011
2022-11-04,3768.21,3880.48,3905.89,3768.12,106283.0,星期五,-0.0011,0.0298
2022-11-03,3809.19,3772.3,3846.91,3756.39,95011.0,星期四,-0.0096,-0.0097
2022-11-02,3742.48,3846.24,3873.69,3728.87,119191.0,星期三,-0.0085,0.0277
2022-11-01,3732.23,3774.52,3775.53,3657.72,142073.0,星期二,-0.001,0.0113
2022-10-31,3842.7,3735.98,3845.13,3691.0,151523.0,星期一,-0.0165,-0.0278
2022-10-28,4013.33,3907.36,4024.67,3898.82,123802.0,星期五,-0.005,-0.0264
2022-10-27,3989.52,4033.38,4071.27,3987.99,103987.0,星期四,0.0009,0.011
2022-10-26,4071.28,3986.1,4086.12,3966.77,114494.0,星期三,0.0018,-0.0209
2022-10-25,4108.12,4064.12,4130.99,4053.81,98445.0,星期二,-0.003,-0.0107
2022-10-24,4242.04,4120.4,4242.04,4109.36,126079.0,星期一,-0.0094,-0.0287
2022-10-21,4293.43,4282.11,4364.09,4260.71,117403.0,星期五,0.007,-0.0026
2022-10-20,4276.57,4263.74,4315.09,4244.46,90739.0,星期四,-0.0051,-0.003
2022-10-19,4306.05,4298.7,4374.69,4295.57,82165.0,星期三,-0.002,-0.0017
2022-10-18,4378.93,4314.85,4416.46,4276.56,108490.0,星期二,-0.0005,-0.0146
2022-10-17,4353.8,4381.02,4387.86,4230.39,122069.0,星期一,-0.0095,0.0063
2022-10-14,4412.07,4395.53,4530.67,4377.08,115024.0,星期五,-0.0014,-0.0037
2022-10-13,4479.21,4418.05,4488.99,4323.09,110501.0,星期四,-0.009,-0.0137
2022-10-12,4428.53,4519.68,4521.42,4405.49,94869.0,星期三,-0.0011,0.0206
2022-10-11,4521.22,4433.36,4525.67,4416.65,82377.0,星期二,-0.002,-0.0194
2022-10-10,4503.93,4530.09,4660.23,4502.96,110379.0,星期一,0.0014,0.0058
2022-09-30,4461.83,4497.42,4559.4,4389.72,110757.0,星期五,0.0165,0.008
2022-09-29,4509.11,4389.44,4510.16,4375.05,101703.0,星期四,0.0062,-0.0265
2022-09-28,4527.65,4481.48,4563.76,4475.25,87650.0,星期三,-0.0063,-0.0102
2022-09-27,4520.09,4556.35,4577.98,4446.77,106981.0,星期二,0.0012,0.008
2022-09-26,4555.52,4514.59,4636.92,4511.08,115501.0,星期一,0.0041,-0.009
2022-09-23,4545.66,4536.98,4663.14,4530.71,115828.0,星期五,-0.0023,-0.0019
2022-09-22,4619.15,4556.0,4643.0,4510.01,124394.0,星期四,-0.0054,-0.0137
2022-09-21,4572.17,4644.08,4677.48,4514.31,137486.0,星期三,-0.0029,0.0157
2022-09-20,4709.37,4585.38,4745.36,4548.17,130729.0,星期二,0.0016,-0.0263
2022-09-19,4660.3,4702.06,4722.14,4587.91,120846.0,星期一,-0.0037,0.009
2022-09-16,4839.91,4677.61,4866.94,4677.61,183130.0,星期五,-0.0059,-0.0335
2022-09-15,4769.51,4868.6,4903.86,4769.51,188464.0,星期四,0.0073,0.0208
2022-09-14,4697.15,4734.9,4831.6,4694.29,115488.0,星期三,-0.0089,0.008
2022-09-13,4835.26,4739.19,4852.51,4716.18,145431.0,星期二,-0.0035,-0.0199
2022-09-09,4658.4,4852.02,4861.65,4647.02,176510.0,星期五,-0.0016,0.0416
2022-09-08,4667.26,4665.99,4695.57,4590.81,91012.0,星期四,0.0021,-0.0003
2022-09-07,4655.68,4657.35,4684.76,4610.08,107493.0,星期三,-0.0041,0.0004
2022-09-06,4547.09,4674.79,4684.77,4545.63,153568.0,星期二,-0.0,0.0281
2022-09-05,4487.14,4547.11,4563.36,4457.97,97329.0,星期一,-0.0001,0.0134
2022-09-02,4532.17,4487.69,4533.55,4448.71,94097.0,星期五,-0.0001,-0.0098
2022-09-01,4486.91,4532.83,4626.36,4462.26,141544.0,星期四,-0.0008,0.0102
2022-08-31,4494.55,4490.71,4549.01,4475.83,112238.0,星期三,0.0054,-0.0009
2022-08-30,4391.63,4470.35,4482.29,4390.33,100430.0,星期二,-0.0007,0.0179
2022-08-29,4371.02,4394.69,4402.11,4304.59,84082.0,星期一,-0.0104,0.0054
2022-08-26,4445.02,4416.89,4456.21,4386.02,77038.0,星期五,-0.0004,-0.0063
2022-08-25,4408.43,4446.93,4457.25,4379.59,96358.0,星期四,0.0002,0.0087
2022-08-24,4464.42,4407.67,4484.31,4404.99,99465.0,星期三,-0.0029,-0.0127
2022-08-23,4513.98,4477.45,4533.01,4442.48,94681.0,星期二,-0.0053,-0.0081
2022-08-22,4526.83,4538.04,4570.89,4474.04,130080.0,星期一,0.0002,0.0025
2022-08-19,4422.44,4525.87,4584.98,4420.46,138531.0,星期五,-0.0017,0.0234
2022-08-18,4474.84,4429.84,4474.84,4391.07,116743.0,星期四,-0.0016,-0.0101
2022-08-17,4357.1,4482.02,4513.7,4325.13,174600.0,星期三,-0.0014,0.0287
2022-08-16,4329.69,4363.0,4409.9,4326.21,181794.0,星期二,0.0068,0.0077
2022-08-15,4317.49,4300.27,4375.04,4294.21,119403.0,星期一,-0.001,-0.004
2022-08-12,4264.38,4321.63,4336.85,4243.07,115481.0,星期五,-0.0031,0.0134
2022-08-11,4215.88,4277.81,4282.5,4215.88,112748.0,星期四,0.0046,0.0147
2022-08-10,4222.14,4196.5,4249.12,4183.81,91496.0,星期三,-0.0018,-0.0061
2022-08-09,4238.44,4229.72,4283.24,4189.28,119436.0,星期二,-0.0008,-0.0021
2022-08-08,4277.4,4241.97,4368.4,4232.64,105432.0,星期一,0.0051,-0.0083
2022-08-05,4205.15,4255.79,4258.04,4184.48,101680.0,星期五,0.0001,0.012
2022-08-04,4192.95,4204.55,4228.2,4140.9,94760.0,星期四,0.0017,0.0028
2022-08-03,4300.83,4186.03,4341.59,4175.88,111528.0,星期三,0.0006,-0.0267
2022-08-02,4379.46,4298.1,4379.46,4265.89,127742.0,星期二,-0.0079,-0.0186
2022-08-01,4476.45,4414.54,4479.13,4384.76,114445.0,星期一,-0.0041,-0.0138
2022-07-29,4564.28,4494.81,4571.49,4480.06,143751.0,星期五,-0.0023,-0.0152
2022-07-28,4565.93,4574.88,4646.02,4529.3,183740.0,星期四,-0.0016,0.002
2022-07-27,4588.7,4573.12,4605.01,4500.35,191608.0,星期三,-0.0009,-0.0034
2022-07-26,4377.84,4592.91,4609.95,4371.91,172527.0,星期二,-0.0007,0.0491
2022-07-25,4325.31,4381.12,4430.45,4321.38,106245.0,星期一,0.0023,0.0129
2022-07-22,4336.48,4315.52,4362.05,4278.11,71715.0,星期五,0.0004,-0.0048
2022-07-21,4407.08,4334.55,4419.07,4333.71,92458.0,星期四,-0.0032,-0.0165
2022-07-20,4441.25,4421.2,4465.57,4413.38,82638.0,星期三,0.0007,-0.0045
2022-07-19,4437.04,4438.14,4453.46,4373.44,113395.0,星期二,-0.0008,0.0002
2022-07-18,4302.56,4440.49,4454.38,4279.43,139988.0,星期一,0.0014,0.0321
2022-07-15,4489.79,4296.43,4494.91,4294.38,163494.0,星期五,-0.0091,-0.0431
2022-07-14,4589.25,4531.14,4605.14,4501.61,120584.0,星期四,-0.0069,-0.0127
2022-07-13,4602.98,4621.33,4723.33,4602.98,100856.0,星期三,0.0018,0.004
2022-07-12,4564.92,4594.75,4633.77,4549.25,83846.0,星期二,0.0,0.0065
2022-07-11,4596.2,4564.7,4651.08,4554.5,80417.0,星期一,-0.0062,-0.0069
2022-07-08,4611.24,4624.9,4674.39,4579.53,73694.0,星期五,0.0009,0.003
2022-07-07,4636.53,4606.91,4687.89,4590.05,77803.0,星期四,0.0024,-0.0064
2022-07-06,4728.83,4625.29,4742.29,4592.25,103162.0,星期三,-0.0071,-0.0219
2022-07-05,4821.4,4762.84,4830.19,4718.38,105772.0,星期二,-0.0018,-0.0121
2022-07-04,4841.18,4830.27,4844.79,4765.75,115542.0,星期一,-0.0038,-0.0023
2022-07-01,4896.64,4859.57,4949.55,4856.33,120496.0,星期五,0.0007,-0.0076
2022-06-30,4817.9,4893.41,4920.78,4759.39,166448.0,星期四,0.0051,0.0157
2022-06-29,4587.96,4793.57,4834.24,4587.44,207857.0,星期三,0.0013,0.0448
2022-06-28,4605.89,4581.94,4640.81,4545.75,109817.0,星期二,-0.0026,-0.0052
2022-06-27,4599.11,4617.67,4666.58,4581.82,115009.0,星期一,-0.0006,0.004
2022-06-24,4638.8,4601.82,4665.33,4567.0,100789.0,星期五,-0.0016,-0.008
2022-06-23,4554.42,4646.42,4653.58,4521.26,97796.0,星期四,-0.0017,0.0202
2022-06-22,4647.36,4562.12,4676.51,4556.01,100751.0,星期三,-0.0007,-0.0183
2022-06-21,4631.76,4650.48,4762.24,4614.71,151561.0,星期二,0.001,0.004
2022-06-20,4539.11,4627.13,4658.9,4518.18,151469.0,星期一,0.0078,0.0194
2022-06-17,4502.39,4504.12,4548.66,4464.22,102057.0,星期五,-0.0058,0.0004
2022-06-16,4566.96,4528.67,4641.55,4509.56,129650.0,星期四,-0.0019,-0.0084
2022-06-15,4448.36,4575.5,4675.02,4429.8,228434.0,星期三,-0.0003,0.0286
2022-06-14,4327.05,4449.86,4452.05,4323.02,147703.0,星期二,-0.0076,0.0284
2022-06-13,4463.38,4360.05,4473.36,4332.47,137481.0,星期一,-0.0094,-0.0232
2022-06-10,4494.7,4505.57,4519.92,4467.31,186320.0,星期五,-0.0067,0.0024
2022-06-09,4466.1,4524.92,4565.87,4457.25,143714.0,星期四,-0.001,0.0132
2022-06-08,4502.64,4470.41,4504.29,4420.97,132959.0,星期三,-0.0025,-0.0072
2022-06-07,4438.97,4513.95,4517.34,4435.23,141250.0,星期二,-0.0028,0.0169
2022-06-06,4486.9,4451.36,4486.9,4370.63,173015.0,星期一,-0.0059,-0.0079
2022-06-02,4566.77,4513.46,4576.61,4484.88,128471.0,星期四,-0.0042,-0.0117
2022-06-01,4564.13,4586.18,4631.74,4542.58,131901.0,星期三,-0.0009,0.0048
2022-05-31,4579.5,4568.02,4601.15,4533.44,145183.0,星期二,-0.0022,-0.0025
2022-05-30,4644.45,4589.51,4692.11,4567.94,146461.0,星期一,-0.0022,-0.0118
2022-05-27,4702.94,4654.47,4714.55,4622.13,128855.0,星期五,-0.0017,-0.0103
2022-05-26,4646.91,4711.06,4747.77,4630.33,163189.0,星期四,-0.0003,0.0138
2022-05-25,4626.75,4648.22,4651.43,4572.94,119821.0,星期三,-0.0017,0.0046
2022-05-24,4698.8,4634.49,4732.15,4634.49,182219.0,星期二,-0.0008,-0.0137
2022-05-23,4820.51,4702.37,4831.54,4689.43,182963.0,星期一,-0.006,-0.0245
2022-05-20,4935.28,4849.54,4938.38,4800.16,224247.0,星期五,0.0033,-0.0174
2022-05-19,4737.95,4918.85,4925.74,4730.59,211823.0,星期四,-0.0164,0.0382
2022-05-18,4850.24,4817.13,4882.58,4757.28,148341.0,星期三,-0.0039,-0.0068
2022-05-17,4886.83,4869.19,4943.33,4796.18,181869.0,星期二,-0.0084,-0.0036
2022-05-16,4976.77,4928.47,4995.16,4808.41,264499.0,星期一,0.025,-0.0097
2022-05-13,4647.89,4855.19,4856.24,4623.16,263096.0,星期五,0.0041,0.0446
2022-05-12,4694.49,4628.75,4723.45,4562.94,199247.0,星期四,-0.0048,-0.014
2022-05-11,4785.67,4717.04,4830.63,4710.32,237730.0,星期三,-0.0051,-0.0143
2022-05-10,4710.47,4810.05,4837.11,4634.18,237441.0,星期二,-0.0172,0.0211
2022-05-09,4730.24,4792.67,4853.5,4722.67,170686.0,星期一,-0.0059,0.0132
2022-05-06,4899.61,4758.52,4926.83,4730.23,223518.0,星期五,-0.0304,-0.0288
2022-05-05,5131.54,5053.21,5186.58,4916.97,296926.0,星期四,0.0012,-0.0153
2022-04-29,4955.87,5125.24,5141.13,4871.36,291600.0,星期五,0.0013,0.0342
2022-04-28,4762.51,4949.32,4994.64,4740.02,241286.0,星期四,-0.0022,0.0392
2022-04-27,4841.06,4772.86,4936.71,4685.67,247537.0,星期三,-0.0141,-0.0141
2022-04-26,4886.43,4910.28,5057.33,4852.21,212665.0,星期二,0.0014,0.0049
2022-04-25,5080.92,4879.55,5198.22,4876.26,216564.0,星期一,-0.0126,-0.0396
2022-04-22,4980.96,5145.76,5186.59,4919.55,197458.0,星期五,-0.0094,0.0331
2022-04-21,5079.78,5028.34,5174.83,5003.47,205218.0,星期四,-0.0061,-0.0101
2022-04-20,5379.86,5110.96,5385.39,5069.45,266078.0,星期三,-0.0043,-0.05
2022-04-19,5377.91,5403.33,5443.56,5232.98,234023.0,星期二,-0.0034,0.0047
2022-04-18,5514.12,5396.2,5608.04,5380.43,264187.0,星期一,-0.0181,-0.0214
2022-04-15,5505.41,5615.5,5786.02,5505.41,291452.0,星期五,-0.0089,0.02
2022-04-14,5336.41,5554.86,5639.04,5329.31,265296.0,星期四,0.0032,0.0409
2022-04-13,5283.66,5319.25,5456.67,5177.36,272707.0,星期三,-0.007,0.0067
2022-04-12,5455.62,5320.73,5530.78,5287.93,315634.0,星期二,-0.0041,-0.0247
2022-04-11,5572.65,5477.83,5586.83,5435.09,315580.0,星期一,-0.0174,-0.017
2022-04-08,5523.1,5671.6,5724.16,5406.31,413996.0,星期五,-0.0012,0.0269
2022-04-07,5639.69,5529.62,5738.39,5520.32,388591.0,星期四,-0.0205,-0.0195
2022-04-06,5691.98,5757.87,5853.19,5595.73,477976.0,星期三,0.0162,0.0116
2022-04-01,5358.68,5601.24,5630.03,5322.84,460817.0,星期五,-0.0082,0.0453
2022-03-31,5298.9,5403.19,5533.4,5297.99,479108.0,星期四,-0.0067,0.0197
2022-03-30,5045.88,5334.86,5393.34,5045.88,405052.0,星期三,0.004,0.0573
2022-03-29,5076.04,5025.67,5111.76,5000.95,251192.0,星期二,-0.0088,-0.0099
2022-03-28,4961.41,5121.14,5160.65,4954.4,287625.0,星期一,-0.008,0.0322
2022-03-25,4992.34,5001.41,5110.48,4918.49,268637.0,星期五,-0.0054,0.0018
2022-03-24,5011.06,5019.41,5106.59,5001.63,262619.0,星期四,-0.0144,0.0017
2022-03-23,4968.03,5084.4,5176.67,4897.76,306533.0,星期三,0.0002,0.0234
2022-03-22,4729.76,4967.06,5013.75,4716.42,274291.0,星期二,-0.0107,0.0502
2022-03-21,4791.44,4781.02,4823.51,4694.83,198889.0,星期一,-0.0092,-0.0022
2022-03-18,4536.3,4836.07,4842.04,4523.21,193601.0,星期五,-0.0111,0.0661
2022-03-17,4579.17,4587.12,4649.49,4542.04,172512.0,星期四,0.04,0.0017
2022-03-16,4297.51,4402.97,4442.29,4169.08,158764.0,星期三,0.0057,0.0245
2022-03-15,4615.01,4273.18,4615.01,4267.57,155451.0,星期二,-0.0081,-0.0741
2022-03-14,4671.6,4652.7,4843.92,4650.02,95223.0,星期一,-0.0127,-0.004
2022-03-11,4652.91,4731.88,4738.97,4579.42,85860.0,星期五,-0.013,0.017
2022-03-10,4766.14,4714.35,4791.64,4673.38,91051.0,星期四,0.0144,-0.0109
2022-03-09,4906.38,4698.47,4913.27,4547.73,145853.0,星期三,0.0048,-0.0424
2022-03-08,5041.21,4882.73,5042.07,4876.74,115899.0,星期二,-0.0028,-0.0314
2022-03-07,5045.96,5055.48,5143.21,5034.92,124383.0,星期一,-0.0014,0.0019
2022-03-04,5076.02,5053.26,5080.08,4977.82,103485.0,星期五,-0.0043,-0.0045
2022-03-03,4996.57,5097.89,5113.07,4996.57,117438.0,星期四,0.0021,0.0203
2022-03-02,4969.63,4986.29,5074.51,4947.77,97034.0,星期三,0.0033,0.0034
2022-03-01,4885.63,4953.49,4960.56,4885.63,93752.0,星期二,-0.0022,0.0139
2022-02-28,4923.14,4896.33,4934.46,4835.84,106315.0,星期一,-0.0013,-0.0054
2022-02-25,4988.27,4929.54,5043.11,4913.72,89431.0,星期五,0.002,-0.0118
2022-02-24,5042.15,4978.07,5084.92,4936.7,112820.0,星期四,-0.0043,-0.0127
2022-02-23,5155.28,5064.03,5162.32,5038.12,97285.0,星期三,-0.0013,-0.0177
2022-02-22,5156.41,5162.18,5244.15,5127.58,95769.0,星期二,-0.0064,0.0011
2022-02-21,5143.25,5189.51,5209.27,5073.14,115057.0,星期一,-0.0009,0.009
2022-02-18,4939.74,5147.89,5151.63,4939.74,131432.0,星期五,-0.0005,0.0421
2022-02-17,5025.02,4942.25,5025.02,4920.61,74703.0,星期四,-0.0003,-0.0165
2022-02-16,4977.56,5026.28,5070.14,4946.56,75062.0,星期三,0.0022,0.0098
2022-02-15,5024.58,4966.39,5042.29,4937.47,91371.0,星期二,-0.0009,-0.0116
2022-02-14,5151.8,5028.93,5152.38,5007.36,126399.0,星期一,-0.0099,-0.0238
2022-02-11,5226.16,5203.27,5321.47,5200.86,148816.0,星期五,0.0066,-0.0044
2022-02-10,5090.83,5191.89,5241.29,5015.74,113080.0,星期四,-0.0045,0.0199
2022-02-09,5140.29,5113.63,5260.32,5103.74,146365.0,星期三,0.0006,-0.0052
2022-02-08,5079.73,5137.23,5153.03,5056.62,134738.0,星期二,-0.0055,0.0113
2022-02-07,5007.45,5107.65,5123.71,4961.11,139964.0,星期一,-0.008,0.02
2022-01-28,5113.23,5047.94,5138.54,5040.92,102957.0,星期五,0.0069,-0.0128
2022-01-27,5105.82,5078.28,5175.48,5049.8,96746.0,星期四,-0.0046,-0.0054
2022-01-26,5163.98,5129.4,5181.16,5085.73,88500.0,星期三,0.007,-0.0067
2022-01-25,5276.4,5127.88,5297.25,5125.19,105614.0,星期二,-0.006,-0.0281
2022-01-24,5248.61,5308.44,5376.27,5179.36,108405.0,星期一,-0.0016,0.0114
2022-01-21,5281.09,5257.07,5317.64,5215.17,123052.0,星期五,-0.004,-0.0045
2022-01-20,5356.35,5302.5,5446.25,5290.69,197948.0,星期四,0.0116,-0.0101
2022-01-19,5278.55,5294.81,5375.44,5246.34,132712.0,星期三,0.0058,0.0031
2022-01-18,5099.84,5248.02,5320.11,5092.5,142402.0,星期二,0.0007,0.0291
2022-01-17,5022.85,5096.25,5135.53,5022.85,99587.0,星期一,-0.0001,0.0146
2022-01-14,5162.52,5023.53,5162.52,5017.64,136091.0,星期五,-0.0016,-0.0269
2022-01-13,5264.28,5170.54,5342.24,5168.37,134668.0,星期四,-0.003,-0.0178
2022-01-12,5298.28,5280.03,5301.26,5183.67,127586.0,星期三,-0.0048,-0.0034
2022-01-11,5302.52,5323.61,5468.61,5262.91,201957.0,星期二,-0.0017,0.004
2022-01-10,5216.0,5311.78,5333.77,5185.2,186616.0,星期一,-0.0055,0.0184
2022-01-07,5126.38,5244.98,5315.96,5126.38,209533.0,星期五,0.0058,0.0231
2022-01-06,5125.81,5096.95,5196.09,5071.43,143114.0,星期四,-0.0041,-0.0056
2022-01-05,5067.76,5146.92,5246.37,5062.44,175240.0,星期三,-0.0011,0.0156
2022-01-04,4963.45,5073.46,5085.01,4930.78,130414.0,星期二,-0.0063,0.0222
2021-12-31,4894.43,4994.75,5030.9,4894.43,101038.0,星期五,-0.0019,0.0205
2021-12-30,4900.02,4903.56,4928.16,4891.86,92018.0,星期四,-0.0012,0.0007
2021-12-29,4946.9,4905.68,4956.78,4902.66,84634.0,星期三,0.0004,-0.0083
2021-12-28,4942.1,4944.87,4952.03,4884.18,118957.0,星期二,-0.0047,0.0006
2021-12-27,4959.51,4965.27,5045.53,4954.2,130594.0,星期一,0.0071,0.0012
2021-12-24,4920.29,4924.5,4953.12,4856.29,121714.0,星期五,-0.0019,0.0009
2021-12-23,4951.98,4929.89,4996.01,4888.8,147845.0,星期四,-0.0055,-0.0045
2021-12-22,5059.08,4979.33,5079.47,4964.84,239705.0,星期三,0.0012,-0.0158
2021-12-21,4822.42,5052.93,5060.93,4822.42,251357.0,星期二,0.0016,0.0478
2021-12-20,4790.38,4814.52,4894.51,4790.38,161346.0,星期一,0.0003,0.005
2021-12-17,4799.87,4789.05,4863.98,4779.19,145762.0,星期五,0.0008,-0.0023
2021-12-16,4759.36,4796.02,4813.95,4734.87,87411.0,星期四,-0.0008,0.0077
2021-12-15,4716.3,4763.38,4794.13,4706.39,95032.0,星期三,-0.0012,0.01
2021-12-14,4788.65,4721.93,4788.65,4709.01,93546.0,星期二,-0.0032,-0.0139
2021-12-13,4851.81,4804.1,4878.76,4798.24,114605.0,星期一,-0.0012,-0.0098
2021-12-10,4892.84,4857.77,4919.04,4826.16,168072.0,星期五,-0.007,-0.0072
2021-12-09,4812.47,4927.55,4953.44,4806.5,174526.0,星期四,-0.0005,0.0239
2021-12-08,4822.85,4814.89,4824.6,4724.42,133741.0,星期三,0.0007,-0.0017
2021-12-07,4862.7,4819.34,4904.72,4804.23,196669.0,星期二,0.0236,-0.0089
2021-12-06,4805.09,4750.64,4895.25,4750.64,134088.0,星期一,0.0197,-0.0113
2021-12-03,4650.44,4712.39,4725.83,4609.72,101848.0,星期五,0.001,0.0133
2021-12-02,4585.29,4646.02,4671.32,4557.41,86111.0,星期四,-0.0033,0.0132
2021-12-01,4507.45,4600.49,4620.4,4507.07,86312.0,星期三,-0.0022,0.0206
2021-11-30,4539.27,4517.59,4594.0,4503.62,80891.0,星期二,-0.0023,-0.0048
2021-11-29,4559.65,4549.69,4579.4,4534.87,72609.0,星期一,-0.0116,-0.0022
2021-11-26,4647.93,4613.39,4647.93,4593.0,66375.0,星期五,-0.003,-0.0074
2021-11-25,4689.46,4661.96,4723.51,4652.98,71922.0,星期四,-0.0021,-0.0059
2021-11-24,4650.94,4699.33,4751.16,4646.57,107880.0,星期三,-0.0012,0.0104
2021-11-23,4612.33,4656.55,4700.05,4598.79,90654.0,星期二,-0.0001,0.0096
2021-11-22,4746.09,4612.57,4746.09,4609.08,117185.0,星期一,-0.0013,-0.0281
2021-11-19,4558.94,4752.21,4781.28,4545.68,135667.0,星期五,-0.0018,0.0424
2021-11-18,4655.98,4567.02,4656.6,4557.76,80697.0,星期四,-0.0007,-0.0191
2021-11-17,4676.04,4659.05,4685.61,4629.69,71245.0,星期三,0.0017,-0.0036
2021-11-16,4686.34,4668.25,4730.59,4668.25,87441.0,星期二,-0.0036,-0.0039
2021-11-15,4737.9,4703.48,4737.9,4642.47,122688.0,星期一,-0.0021,-0.0073
2021-11-12,4796.56,4747.82,4796.56,4672.79,205543.0,星期五,-0.0021,-0.0102
2021-11-11,4506.23,4806.59,4809.55,4503.81,225635.0,星期四,0.0035,0.0667
2021-11-10,4346.58,4490.68,4497.48,4284.4,130443.0,星期三,0.0048,0.0332
2021-11-09,4323.77,4325.81,4339.26,4300.11,72104.0,星期二,-0.0008,0.0005
2021-11-08,4313.7,4327.05,4353.77,4296.2,86143.0,星期一,0.0066,0.0031
2021-11-05,4353.09,4285.25,4353.09,4277.32,90117.0,星期五,-0.0033,-0.0156
2021-11-04,4402.46,4367.69,4402.46,4335.5,72630.0,星期四,-0.0011,-0.0079
2021-11-03,4327.32,4407.43,4431.01,4311.07,89959.0,星期三,0.0002,0.0185
2021-11-02,4429.13,4326.54,4455.07,4288.32,111756.0,星期二,-0.0001,-0.0232
2021-11-01,4464.48,4429.45,4504.25,4410.15,113947.0,星期一,-0.0051,-0.0078
2021-10-29,4554.33,4487.36,4563.66,4446.51,115014.0,星期五,-0.0057,-0.0147
2021-10-28,4673.7,4580.44,4673.7,4563.1,97251.0,星期四,-0.0003,-0.02
2021-10-27,4729.55,4675.15,4733.8,4654.16,91976.0,星期三,0.001,-0.0115
2021-10-26,4830.08,4725.03,4862.24,4721.99,99979.0,星期二,0.0004,-0.0217
2021-10-25,4811.33,4828.05,4968.79,4803.97,131933.0,星期一,-0.026,0.0035
2021-10-22,4905.79,4939.96,5099.63,4905.79,152718.0,星期五,0.0126,0.007
2021-10-21,4745.24,4844.82,4864.78,4726.1,109787.0,星期四,0.0045,0.021
2021-10-20,4773.16,4724.13,4780.62,4704.56,88417.0,星期三,0.0012,-0.0103
2021-10-19,4801.09,4767.62,4811.75,4727.74,81295.0,星期二,-0.0008,-0.007
2021-10-18,4867.96,4804.86,4867.96,4728.43,101704.0,星期一,-0.0034,-0.013
2021-10-15,4897.82,4884.39,4938.95,4867.02,111525.0,星期五,-0.0003,-0.0027
2021-10-14,5015.09,4899.45,5021.8,4888.47,97606.0,星期四,-0.0055,-0.0231
2021-10-13,5071.19,5042.71,5099.77,4979.96,102825.0,星期三,-0.0006,-0.0056
2021-10-12,5014.39,5074.15,5169.93,4993.15,136582.0,星期二,-0.0022,0.0119
2021-10-11,4971.4,5025.57,5108.76,4970.19,111364.0,星期一,0.0017,0.0109
2021-10-08,5059.57,4962.91,5059.9,4937.74,98118.0,星期五,0.0111,-0.0191
2021-09-30,5003.86,5003.96,5093.95,4977.16,117168.0,星期四,0.0104,0.0
2021-09-29,4984.19,4952.51,5011.52,4941.31,114693.0,星期三,0.0021,-0.0064
2021-09-28,4869.1,4973.78,5016.19,4869.1,141317.0,星期二,0.0211,0.0215
2021-09-27,4920.61,4768.27,4923.48,4752.79,115164.0,星期一,-0.0015,-0.031
2021-09-24,4960.44,4927.9,5038.13,4917.26,121447.0,星期五,0.0,-0.0066
2021-09-23,4881.38,4960.36,5067.06,4881.38,170416.0,星期四,0.0037,0.0162
2021-09-22,4607.02,4863.34,4867.62,4597.64,148835.0,星期三,-0.0185,0.0556
2021-09-17,4634.92,4693.71,4715.69,4608.48,123058.0,星期五,-0.0005,0.0127
2021-09-16,4751.11,4637.28,4763.37,4629.89,146783.0,星期四,0.0019,-0.024
2021-09-15,4806.37,4742.16,4827.42,4711.25,104100.0,星期三,-0.004,-0.0134
2021-09-14,4988.44,4825.68,5017.91,4821.65,129071.0,星期二,0.0014,-0.0326
2021-09-13,4857.83,4981.3,4992.11,4822.58,129056.0,星期一,-0.0,0.0254
2021-09-10,4838.03,4857.94,4922.22,4833.5,120099.0,星期五,0.0028,0.0041
2021-09-09,4822.39,4824.32,4844.21,4776.36,99892.0,星期四,0.0011,0.0004
2021-09-08,4827.41,4817.27,4860.74,4806.66,113693.0,星期三,0.0004,-0.0021
2021-09-07,4834.5,4825.25,4839.48,4775.23,134653.0,星期二,0.0047,-0.0019
2021-09-06,4848.09,4811.66,4884.39,4809.83,166606.0,星期一,-0.001,-0.0075
2021-09-03,4876.8,4852.82,4922.59,4806.92,147756.0,星期五,0.0079,-0.0049
2021-09-02,4778.43,4838.54,4883.79,4754.62,124931.0,星期四,0.0051,0.0126
2021-09-01,4553.86,4754.24,4775.83,4546.2,145873.0,星期三,-0.0019,0.044
2021-08-31,4430.8,4562.39,4570.62,4427.77,130762.0,星期二,-0.0018,0.0297
2021-08-30,4502.47,4438.74,4502.47,4422.03,128625.0,星期一,-0.0083,-0.0142
2021-08-27,4555.53,4540.27,4559.94,4507.13,87677.0,星期五,-0.0023,-0.0033
2021-08-26,4607.9,4566.16,4657.51,4559.35,82457.0,星期四,-0.004,-0.0091
2021-08-25,4690.7,4626.4,4690.7,4607.17,79570.0,星期三,-0.0026,-0.0137
2021-08-24,4703.05,4702.71,4751.59,4675.09,84214.0,星期二,-0.0001,-0.0001
2021-08-23,4724.61,4703.52,4748.41,4698.45,75071.0,星期一,-0.0016,-0.0045
2021-08-20,4733.86,4731.96,4761.53,4681.13,89178.0,星期五,0.0027,-0.0004
2021-08-19,4801.07,4721.26,4815.56,4706.31,75410.0,星期四,-0.0062,-0.0166
2021-08-18,4769.52,4831.13,4852.19,4721.94,92792.0,星期三,-0.0029,0.0129
2021-08-17,4754.06,4783.49,4876.48,4726.58,114721.0,星期二,-0.0033,0.0062
2021-08-16,4699.21,4769.6,4821.88,4683.59,96134.0,星期一,-0.0052,0.015
2021-08-13,4750.42,4723.71,4777.91,4701.28,77735.0,星期五,-0.0014,-0.0056
2021-08-12,4796.83,4756.87,4835.83,4756.41,91007.0,星期四,-0.0049,-0.0083
2021-08-11,4703.72,4820.53,4921.59,4703.72,179615.0,星期三,0.017,0.0248
2021-08-10,4616.21,4625.28,4643.5,4539.94,88902.0,星期二,-0.0011,0.002
2021-08-09,4418.1,4621.13,4682.18,4411.5,131335.0,星期一,-0.0018,0.046
2021-08-06,4383.64,4426.12,4434.8,4344.68,74438.0,星期五,-0.0079,0.0097
2021-08-05,4362.63,4418.53,4518.24,4361.15,110876.0,星期四,0.0052,0.0128
2021-08-04,4374.61,4340.13,4374.61,4327.03,60426.0,星期三,-0.0006,-0.0079
2021-08-03,4374.3,4377.15,4411.43,4366.67,73321.0,星期二,-0.0043,0.0007
2021-08-02,4313.61,4393.09,4424.88,4243.42,98680.0,星期一,-0.0051,0.0184
2021-07-30,4319.44,4335.52,4353.28,4260.84,79244.0,星期五,-0.0071,0.0037
2021-07-29,4392.97,4350.3,4394.55,4319.63,79331.0,星期四,0.0092,-0.0097
2021-07-28,4365.55,4352.74,4386.12,4327.82,98549.0,星期三,-0.0051,-0.0029
2021-07-27,4548.29,4388.1,4551.15,4382.38,125976.0,星期二,-0.0028,-0.0352
2021-07-26,4755.25,4561.22,4755.73,4541.61,113179.0,星期一,-0.0099,-0.0408
2021-07-23,4864.83,4802.91,4867.61,4793.01,77322.0,星期五,-0.0026,-0.0127
2021-07-22,4834.83,4877.75,4887.89,4812.05,77233.0,星期四,0.0009,0.0089
2021-07-21,4877.14,4830.54,4894.63,4814.61,68035.0,星期三,-0.0008,-0.0096
2021-07-20,4892.37,4881.15,4903.65,4852.74,69884.0,星期二,-0.0081,-0.0023
2021-07-19,5004.42,4932.26,5004.42,4902.89,80601.0,星期一,-0.0057,-0.0144
2021-07-16,5055.59,5033.28,5072.47,5026.9,83298.0,星期五,-0.0014,-0.0044
2021-07-15,5029.56,5062.48,5078.38,5002.36,82262.0,星期四,-0.0,0.0065
2021-07-14,5111.05,5029.76,5111.05,5029.44,78657.0,星期三,-0.0002,-0.0159
2021-07-13,5078.64,5111.9,5148.23,5061.41,81628.0,星期二,-0.0019,0.0065
2021-07-12,5172.08,5088.16,5172.83,5083.46,86773.0,星期一,0.0071,-0.0162
2021-07-09,5110.74,5135.39,5166.66,5104.25,71398.0,星期五,-0.0097,0.0048
2021-07-08,5211.38,5160.94,5212.97,5133.27,86038.0,星期四,0.0023,-0.0097
2021-07-07,5224.27,5199.22,5253.91,5180.27,76713.0,星期三,-0.0055,-0.0048
2021-07-06,5145.83,5253.2,5282.12,5139.7,103393.0,星期二,0.0005,0.0209
2021-07-05,5191.98,5143.37,5192.88,5113.56,73338.0,星期一,-0.0025,-0.0094
2021-07-02,5289.44,5205.21,5303.85,5200.26,86034.0,星期五,-0.0053,-0.0159
2021-07-01,5174.3,5317.89,5358.99,5156.12,108324.0,星期四,0.0023,0.0278
2021-06-30,5172.69,5162.31,5182.1,5148.98,71242.0,星期三,0.0012,-0.002
2021-06-29,5200.37,5166.63,5224.37,5162.36,89363.0,星期二,0.0,-0.0065
2021-06-28,5276.73,5200.23,5277.85,5193.27,66509.0,星期一,0.0006,-0.0145
2021-06-25,5245.64,5273.45,5276.52,5231.47,69540.0,星期五,0.0017,0.0053
2021-06-24,5248.47,5236.59,5281.82,5225.64,74221.0,星期四,-0.001,-0.0023
2021-06-23,5239.75,5253.67,5258.26,5219.89,89728.0,星期三,0.0012,0.0027
2021-06-22,5247.78,5233.35,5275.26,5215.35,76991.0,星期二,0.001,-0.0027
2021-06-21,5261.02,5242.77,5261.75,5224.44,83001.0,星期一,-0.0032,-0.0035
2021-06-18,5313.29,5278.13,5313.29,5258.9,84175.0,星期五,-0.0007,-0.0066
2021-06-17,5320.79,5317.03,5352.97,5299.06,80102.0,星期四,-0.0007,-0.0007
2021-06-16,5286.87,5324.65,5376.67,5284.05,74654.0,星期三,-0.0016,0.0071
2021-06-15,5405.01,5295.4,5406.45,5293.78,104112.0,星期二,-0.0015,-0.0203
2021-06-11,5454.43,5412.93,5457.6,5410.86,116299.0,星期五,0.0002,-0.0076
2021-06-10,5475.9,5453.27,5493.37,5448.72,88150.0,星期四,-0.0018,-0.0041
2021-06-09,5527.15,5485.53,5527.15,5480.87,87643.0,星期三,-0.0023,-0.0075
2021-06-08,5533.85,5539.64,5570.56,5521.78,99103.0,星期二,0.0039,0.001
2021-06-07,5576.88,5512.26,5578.18,5501.37,111609.0,星期一,-0.0047,-0.0116
2021-06-04,5635.79,5603.3,5659.95,5591.43,106442.0,星期五,-0.0038,-0.0058
2021-06-03,5652.21,5657.28,5710.85,5645.5,111703.0,星期四,0.0005,0.0009
2021-06-02,5623.71,5649.18,5690.35,5600.54,112760.0,星期三,-0.0013,0.0045
2021-06-01,5665.7,5630.79,5665.7,5606.07,100327.0,星期二,0.0006,-0.0062
2021-05-31,5683.01,5662.38,5683.65,5633.7,106082.0,星期一,-0.0003,-0.0036
2021-05-28,5729.82,5684.56,5752.26,5667.43,128107.0,星期五,0.0003,-0.0079
2021-05-27,5712.06,5727.86,5740.87,5687.34,116810.0,星期四,-0.0008,0.0028
2021-05-26,5663.72,5716.46,5774.44,5663.72,142315.0,星期三,0.0022,0.0093
2021-05-25,5564.41,5651.24,5659.41,5556.65,108348.0,星期二,0.0005,0.0156
2021-05-24,5550.36,5561.75,5577.9,5537.02,94850.0,星期一,-0.0013,0.0021
2021-05-21,5596.15,5557.72,5613.28,5554.93,77849.0,星期五,-0.0003,-0.0069
2021-05-20,5592.78,5597.89,5607.65,5572.94,93751.0,星期四,-0.0021,0.0009
2021-05-19,5658.71,5604.64,5660.68,5598.22,96974.0,星期三,-0.0005,-0.0096
2021-05-18,5604.66,5661.61,5668.06,5596.3,97462.0,星期二,-0.001,0.0102
2021-05-17,5591.15,5610.26,5640.73,5584.76,105053.0,星期一,-0.0004,0.0034
2021-05-14,5533.78,5593.33,5594.33,5533.78,114789.0,星期五,0.0021,0.0108
2021-05-13,5483.82,5522.4,5528.4,5483.82,68464.0,星期四,-0.0045,0.007
2021-05-12,5537.53,5508.55,5538.49,5486.76,79137.0,星期三,-0.0035,-0.0052
2021-05-11,5485.46,5556.79,5569.43,5463.92,93224.0,星期二,-0.003,0.013
2021-05-10,5579.7,5501.78,5580.88,5486.77,92027.0,星期一,-0.0015,-0.014
2021-05-07,5619.47,5587.96,5633.16,5582.1,81893.0,星期五,0.0001,-0.0056
2021-05-06,5633.66,5619.0,5679.36,5603.16,97384.0,星期四,-0.0032,-0.0026
2021-04-30,5724.4,5651.66,5739.45,5614.09,131732.0,星期五,-0.0029,-0.0127
2021-04-29,5702.12,5741.26,5743.23,5669.71,88860.0,星期四,0.0013,0.0069
2021-04-28,5684.84,5694.77,5697.37,5666.73,79256.0,星期三,0.0006,0.0017
2021-04-27,5665.6,5681.45,5688.6,5648.22,75090.0,星期二,-0.0008,0.0028
2021-04-26,5704.49,5670.16,5733.69,5665.57,73949.0,星期一,-0.0022,-0.006
2021-04-23,5776.65,5716.86,5776.65,5693.79,83025.0,星期五,-0.0041,-0.0104
2021-04-22,5802.61,5800.43,5847.62,5789.07,84080.0,星期四,0.0024,-0.0004
2021-04-21,5772.58,5788.45,5796.17,5734.85,77586.0,星期三,-0.0029,0.0027
2021-04-20,5805.98,5789.21,5828.13,5785.54,82545.0,星期二,-0.0041,-0.0029
2021-04-19,5832.73,5829.77,5845.7,5800.03,89498.0,星期一,-0.0017,-0.0005
2021-04-16,5775.7,5842.48,5842.8,5761.68,79957.0,星期五,0.0029,0.0116
2021-04-15,5771.15,5759.03,5794.88,5716.6,66293.0,星期四,-0.002,-0.0021
2021-04-14,5744.96,5782.46,5790.79,5739.8,64960.0,星期三,0.0005,0.0065
2021-04-13,5791.71,5742.29,5802.91,5718.47,74936.0,星期二,0.0005,-0.0085
2021-04-12,5787.6,5788.61,5814.67,5762.3,84628.0,星期一,0.0018,0.0002
2021-04-09,5792.35,5777.15,5792.49,5753.71,70430.0,星期五,0.0008,-0.0026
2021-04-08,5855.4,5787.61,5855.4,5785.36,89580.0,星期四,-0.004,-0.0116
2021-04-07,5825.67,5878.81,5879.96,5803.24,84765.0,星期三,0.0017,0.0091
2021-04-06,5861.93,5815.98,5862.68,5812.06,61686.0,星期二,0.0028,-0.0078
2021-04-02,5814.86,5845.47,5845.47,5798.78,64798.0,星期五,0.0033,0.0053
2021-04-01,5808.33,5795.83,5821.82,5765.47,63720.0,星期四,0.0012,-0.0022
2021-03-31,5825.52,5801.38,5825.52,5771.37,83402.0,星期三,-0.0033,-0.0041
2021-03-30,5822.17,5844.72,5885.07,5794.84,75767.0,星期二,-0.0002,0.0039
2021-03-29,5771.74,5823.28,5846.79,5731.41,83637.0,星期一,-0.003,0.0089
2021-03-26,5783.4,5789.18,5815.2,5779.3,75315.0,星期五,0.0028,0.001
2021-03-25,5793.31,5767.44,5813.56,5752.74,88285.0,星期四,0.0004,-0.0045
2021-03-24,5852.14,5790.91,5860.6,5769.93,114398.0,星期三,-0.0049,-0.0105
2021-03-23,5916.23,5880.87,5927.01,5857.02,81441.0,星期二,-0.0003,-0.006
2021-03-22,5825.85,5918.26,5920.56,5825.85,89369.0,星期一,-0.0063,0.0159
2021-03-19,5962.14,5862.76,5962.14,5824.05,95772.0,星期五,-0.0065,-0.0167
2021-03-18,5994.72,6001.07,6045.77,5975.11,90860.0,星期四,-0.0009,0.0011
2021-03-17,6015.93,6000.31,6082.27,5981.04,97782.0,星期三,-0.0049,-0.0026
2021-03-16,5877.04,6045.37,6071.3,5850.13,118396.0,星期二,0.0013,0.0286
2021-03-15,5880.46,5869.43,5924.99,5838.38,92587.0,星期一,-0.0012,-0.0019
2021-03-12,5802.48,5887.81,5976.74,5744.74,114971.0,星期五,0.0003,0.0147
2021-03-11,5745.51,5800.85,5826.37,5745.51,89499.0,星期四,0.0025,0.0096
2021-03-10,5817.9,5731.27,5827.18,5717.01,96969.0,星期三,0.0038,-0.0149
2021-03-09,5862.43,5795.81,5915.34,5754.65,119007.0,星期二,0.0013,-0.0114
2021-03-08,5958.21,5854.97,6017.74,5854.97,113737.0,星期一,0.0054,-0.0173
2021-03-05,5978.63,5925.97,6041.47,5858.2,119732.0,星期五,-0.0089,-0.0088
2021-03-04,6101.32,6032.49,6184.76,6010.99,116096.0,星期四,-0.0027,-0.0113
2021-03-03,6033.85,6118.04,6150.94,6006.77,109605.0,星期三,-0.0053,0.014
2021-03-02,6105.28,6066.27,6257.56,6056.73,132280.0,星期二,-0.0001,-0.0064
2021-03-01,6073.88,6105.89,6157.87,5990.57,141664.0,星期一,0.004,0.0053
2021-02-26,6078.26,6049.51,6185.78,6001.39,219114.0,星期五,-0.0173,-0.0047
2021-02-25,5852.27,6185.53,6265.57,5851.67,291871.0,星期四,0.0089,0.0569
2021-02-24,5772.33,5800.38,5881.27,5752.54,125942.0,星期三,0.0001,0.0049
2021-02-23,5784.5,5771.83,5833.19,5757.76,110646.0,星期二,-0.0067,-0.0022
2021-02-22,5782.39,5823.52,5898.78,5776.52,139885.0,星期一,-0.0023,0.0071
2021-02-19,5681.22,5795.46,5798.33,5671.96,119697.0,星期五,-0.0068,0.0201
2021-02-18,5588.83,5720.22,5724.1,5588.83,121716.0,星期四,0.0086,0.0235
2021-02-10,5541.65,5541.14,5586.43,5513.78,72502.0,星期三,-0.0009,-0.0001
2021-02-09,5561.23,5546.71,5561.23,5493.36,78329.0,星期二,-0.0003,-0.0026
2021-02-08,5560.75,5563.03,5636.01,5538.17,92998.0,星期一,0.0037,0.0004
2021-02-05,5443.18,5540.51,5597.4,5442.5,111321.0,星期五,0.002,0.0179
2021-02-04,5476.36,5432.18,5488.46,5411.48,82110.0,星期四,-0.0027,-0.0081
2021-02-03,5557.38,5491.0,5557.47,5464.35,80864.0,星期三,0.0009,-0.0119
2021-02-02,5536.66,5552.63,5590.34,5510.02,84046.0,星期二,0.0022,0.0029
2021-02-01,5493.59,5524.24,5535.66,5451.98,85833.0,星期一,0.0002,0.0056
2021-01-29,5604.24,5492.63,5613.52,5470.61,89133.0,星期五,0.0029,-0.0199
2021-01-28,5640.0,5587.8,5640.56,5574.42,90599.0,星期四,-0.0087,-0.0093
2021-01-27,5718.87,5689.36,5774.04,5677.49,98810.0,星期三,-0.0007,-0.0052
2021-01-26,5710.41,5722.97,5790.05,5699.52,81996.0,星期二,-0.0023,0.0022
2021-01-25,5754.23,5723.45,5758.91,5680.91,101205.0,星期一,-0.0026,-0.0053
2021-01-22,5880.22,5769.04,5880.22,5762.39,95604.0,星期五,-0.0035,-0.0189
2021-01-21,5937.61,5901.01,5959.98,5893.28,98755.0,星期四,-0.0025,-0.0062
2021-01-20,6023.23,5952.4,6023.23,5927.52,104154.0,星期三,-0.006,-0.0118
2021-01-19,5898.45,6059.75,6159.69,5851.16,173299.0,星期二,-0.0034,0.0273
2021-01-18,5821.67,5918.63,5919.02,5788.52,111343.0,星期一,0.0026,0.0167
2021-01-15,5794.19,5806.51,5891.29,5793.18,97018.0,星期五,-0.0009,0.0021
2021-01-14,5740.42,5799.23,5880.95,5738.82,108922.0,星期四,-0.0022,0.0102
2021-01-13,5737.56,5753.17,5798.08,5702.8,109914.0,星期三,0.002,0.0027
2021-01-12,5728.76,5725.84,5739.54,5671.04,103184.0,星期二,-0.0012,-0.0005
2021-01-11,5759.25,5735.77,5835.93,5726.39,118232.0,星期一,0.0002,-0.0041
2021-01-08,5665.76,5758.13,5776.0,5644.77,112662.0,星期五,-0.0029,0.0163
2021-01-07,5761.43,5682.25,5812.78,5634.52,105151.0,星期四,0.0031,-0.0137
2021-01-06,5697.91,5743.9,5750.75,5691.22,87016.0,星期三,-0.0029,0.0081
2021-01-05,5693.05,5714.6,5714.61,5578.2,110812.0,星期二,-0.0036,0.0038
2021-01-04,5834.95,5713.76,5834.95,5694.05,124397.0,星期一,-0.0078,-0.0208
2020-12-31,5793.11,5880.62,5880.74,5782.1,86358.0,星期四,-0.001,0.0151
2020-12-30,5823.28,5798.74,5831.34,5782.94,61821.0,星期三,-0.0025,-0.0042
2020-12-29,5793.65,5837.69,5863.73,5788.48,68515.0,星期二,0.0016,0.0076
2020-12-28,5808.18,5784.13,5829.51,5738.31,70322.0,星期一,-0.0011,-0.0041
2020-12-25,5807.79,5814.52,5832.87,5762.72,56028.0,星期五,0.0008,0.0012
2020-12-24,5876.22,5803.35,5892.42,5786.12,67758.0,星期四,0.0001,-0.0124
2020-12-23,5909.63,5875.63,5915.6,5849.83,74484.0,星期三,0.0005,-0.0058
2020-12-22,5942.52,5906.79,5997.24,5895.98,74205.0,星期二,-0.0022,-0.006
2020-12-21,5973.39,5955.81,5999.94,5914.02,62896.0,星期一,-0.0033,-0.0029
2020-12-18,6043.68,5993.17,6060.99,5984.3,60600.0,星期五,-0.0001,-0.0084
2020-12-17,6001.98,6044.33,6050.49,5957.15,59688.0,星期四,-0.0011,0.0071
2020-12-16,6030.27,6008.53,6052.89,5981.6,51446.0,星期三,0.0013,-0.0036
2020-12-15,6070.73,6022.46,6070.73,5994.63,59198.0,星期二,-0.0016,-0.008
2020-12-14,6048.87,6080.42,6082.04,6034.43,67264.0,星期一,0.0049,0.0052
2020-12-11,6107.29,6019.11,6107.29,5987.95,86747.0,星期五,0.0019,-0.0144
2020-12-10,6097.26,6095.87,6119.92,6074.28,58331.0,星期四,0.0001,-0.0002
2020-12-09,6187.15,6096.79,6190.14,6096.71,61683.0,星期三,0.0019,-0.0146
2020-12-08,6211.53,6175.53,6225.56,6169.82,55538.0,星期二,0.0009,-0.0058
2020-12-07,6321.61,6206.18,6327.01,6197.61,71828.0,星期一,0.0002,-0.0183
2020-12-04,6414.81,6320.52,6414.88,6298.36,69845.0,星期五,0.0008,-0.0147
2020-12-03,6472.36,6409.8,6472.36,6379.54,70752.0,星期四,0.0027,-0.0097
2020-12-02,6424.24,6455.09,6545.51,6385.41,103802.0,星期三,0.0023,0.0048
2020-12-01,6391.37,6409.44,6416.17,6288.18,102222.0,星期二,-0.0002,0.0028
2020-11-30,6462.59,6392.53,6594.33,6392.53,138694.0,星期一,0.003,-0.0108
2020-11-27,6344.82,6443.33,6469.02,6342.49,87283.0,星期五,0.004,0.0155
2020-11-26,6327.19,6319.62,6338.24,6246.0,67259.0,星期四,-0.0004,-0.0012
2020-11-25,6386.91,6329.98,6432.64,6329.93,81109.0,星期三,0.0042,-0.0089
2020-11-24,6403.42,6359.96,6440.53,6343.87,66158.0,星期二,-0.0016,-0.0068
2020-11-23,6394.3,6413.49,6455.73,6352.15,89563.0,星期一,-0.0003,0.003
2020-11-20,6435.79,6396.13,6436.73,6345.48,70506.0,星期五,0.0006,-0.0062
2020-11-19,6407.25,6432.17,6453.3,6388.56,89535.0,星期四,-0.0012,0.0039
2020-11-18,6354.28,6414.96,6475.94,6297.07,121502.0,星期三,0.0006,0.0095
2020-11-17,6210.65,6350.6,6377.59,6206.56,130514.0,星期二,0.0,0.0225
2020-11-16,6167.96,6210.58,6212.55,6148.33,73603.0,星期一,0.0025,0.0069
2020-11-13,6254.76,6152.5,6254.76,6123.85,82944.0,星期五,-0.0042,-0.0163
2020-11-12,6322.02,6280.91,6325.4,6254.25,80741.0,星期四,-0.0005,-0.0065
2020-11-11,6251.16,6324.88,6374.97,6243.6,95647.0,星期三,-0.0005,0.0118
2020-11-10,6300.18,6254.16,6346.95,6231.01,84531.0,星期二,0.0044,-0.0073
2020-11-09,6274.11,6272.88,6309.58,6253.73,101982.0,星期一,0.0055,-0.0002
2020-11-06,6224.97,6239.8,6256.21,6197.67,72370.0,星期五,0.0019,0.0024
2020-11-05,6093.54,6213.01,6227.81,6088.88,93888.0,星期四,0.0062,0.0196
2020-11-04,6060.05,6055.76,6075.41,6024.51,61585.0,星期三,-0.0015,-0.0007
2020-11-03,6015.64,6068.96,6072.24,5977.09,72161.0,星期二,0.0025,0.0089
2020-11-02,6002.96,6000.46,6038.93,5988.51,88026.0,星期一,0.0006,-0.0004
2020-10-30,6096.85,5999.1,6182.88,5991.18,97402.0,星期五,-0.0016,-0.016
2020-10-29,6053.75,6106.82,6118.52,6021.2,68426.0,星期四,-0.0074,0.0088
2020-10-28,6157.61,6098.91,6157.61,6065.29,65324.0,星期三,-0.0001,-0.0095
2020-10-27,6228.93,6158.2,6233.82,6144.08,67955.0,星期二,-0.0025,-0.0114
2020-10-26,6297.98,6244.43,6307.24,6220.55,65480.0,星期一,0.0003,-0.0085
2020-10-23,6279.41,6295.95,6325.25,6272.79,66518.0,星期五,-0.0017,0.0026
2020-10-22,6265.09,6290.27,6315.2,6255.75,76470.0,星期四,-0.0022,0.004
2020-10-21,6294.66,6278.87,6296.89,6223.31,72628.0,星期三,0.0006,-0.0025
2020-10-20,6306.43,6290.68,6306.43,6243.92,75283.0,星期二,-0.0028,-0.0025
2020-10-19,6365.21,6324.19,6490.88,6305.72,99248.0,星期一,0.0043,-0.0064
2020-10-16,6325.84,6338.26,6365.45,6315.0,70438.0,星期五,-0.0009,0.002
2020-10-15,6344.04,6331.67,6374.38,6321.83,67426.0,星期四,-0.0008,-0.0019
2020-10-14,6422.07,6348.92,6422.07,6337.02,76141.0,星期三,-0.0028,-0.0114
2020-10-13,6482.75,6439.98,6482.75,6409.92,77204.0,星期二,-0.0021,-0.0066
2020-10-12,6393.97,6496.07,6504.4,6389.2,113356.0,星期一,0.0072,0.016
2020-10-09,6359.22,6348.35,6381.94,6326.23,84073.0,星期五,0.008,-0.0017
2020-09-30,6405.54,6308.99,6405.97,6259.4,75198.0,星期三,0.0065,-0.0151
2020-09-29,6407.48,6363.96,6421.25,6363.96,71421.0,星期二,0.0039,-0.0068
2020-09-28,6357.02,6382.57,6425.63,6348.17,80099.0,星期一,0.0051,0.004
2020-09-25,6459.32,6324.66,6481.81,6311.51,102844.0,星期五,0.0001,-0.0208
2020-09-24,6568.81,6458.42,6569.28,6455.01,90607.0,星期四,-0.0026,-0.0168
2020-09-23,6661.74,6586.02,6669.2,6572.56,80209.0,星期三,0.0037,-0.0114
2020-09-22,6664.24,6637.47,6730.39,6616.93,99582.0,星期二,-0.0074,-0.004
2020-09-21,6780.64,6713.97,6785.86,6704.87,104244.0,星期一,0.0015,-0.0098
2020-09-18,6558.36,6770.42,6770.42,6540.65,161049.0,星期五,-0.0002,0.0323
2020-09-17,6597.64,6559.86,6622.85,6537.03,107590.0,星期四,-0.0032,-0.0057
2020-09-16,6532.47,6618.52,6644.69,6497.1,144160.0,星期三,-0.0009,0.0132
2020-09-15,6484.14,6538.67,6558.29,6460.03,122665.0,星期二,-0.0004,0.0084
2020-09-14,6522.37,6486.64,6538.0,6456.48,112387.0,星期一,0.0025,-0.0055
2020-09-11,6519.66,6506.02,6544.83,6480.17,126761.0,星期五,-0.0036,-0.0021
2020-09-10,6557.38,6543.25,6700.03,6526.29,154867.0,星期四,0.0134,-0.0022
2020-09-09,6501.11,6470.45,6556.11,6425.03,138490.0,星期三,-0.0072,-0.0047
2020-09-08,6573.71,6548.0,6631.61,6527.9,123291.0,星期二,0.003,-0.0039
2020-09-07,6530.51,6554.32,6694.72,6529.95,140523.0,星期一,-0.0032,0.0036
2020-09-04,6473.76,6551.15,6557.85,6442.77,92444.0,星期五,-0.0097,0.012
2020-09-03,6553.54,6537.49,6602.66,6521.97,96843.0,星期四,-0.0018,-0.0024
2020-09-02,6573.38,6565.43,6584.59,6494.25,114734.0,星期三,0.0022,-0.0012
2020-09-01,6563.3,6559.22,6563.99,6518.34,118900.0,星期二,-0.0011,-0.0006
2020-08-31,6664.44,6570.33,6714.16,6555.68,156699.0,星期一,0.0037,-0.0141
2020-08-28,6537.44,6639.7,6649.28,6521.39,131305.0,星期五,-0.0,0.0156
2020-08-27,6593.6,6537.71,6598.45,6492.68,116858.0,星期四,-0.0007,-0.0085
2020-08-26,6651.89,6598.0,6691.59,6564.12,133614.0,星期三,0.0008,-0.0081
2020-08-25,6680.57,6646.78,6728.22,6629.56,112750.0,星期二,0.0036,-0.0051
2020-08-24,6704.18,6656.78,6756.9,6649.74,94122.0,星期一,0.0046,-0.0071
2020-08-21,6709.95,6673.26,6724.06,6632.72,99423.0,星期五,0.0071,-0.0055
2020-08-20,6678.59,6662.95,6699.39,6640.85,100772.0,星期四,-0.0026,-0.0023
2020-08-19,6793.04,6695.75,6798.95,6691.15,142436.0,星期三,-0.0003,-0.0143
2020-08-18,6855.25,6795.05,6860.62,6756.27,137375.0,星期二,0.0013,-0.0088
2020-08-17,6740.93,6846.56,6930.88,6718.76,163889.0,星期一,0.0031,0.0157
2020-08-14,6590.32,6719.86,6724.97,6543.06,126157.0,星期五,-0.0045,0.0197
2020-08-13,6635.45,6620.13,6662.38,6590.24,105048.0,星期四,0.0008,-0.0023
2020-08-12,6547.37,6630.33,6630.58,6497.0,136132.0,星期三,-0.0009,0.0127
2020-08-11,6633.17,6553.16,6690.77,6552.66,143293.0,星期二,0.0025,-0.0121
2020-08-10,6447.6,6616.3,6660.88,6438.58,167352.0,星期一,-0.0006,0.0262
2020-08-07,6486.15,6451.64,6505.2,6396.19,136510.0,星期五,-0.0047,-0.0053
2020-08-06,6501.37,6516.74,6552.26,6434.67,112405.0,星期四,0.0021,0.0024
2020-08-05,6560.8,6487.85,6560.8,6445.4,124890.0,星期三,-0.005,-0.0111
2020-08-04,6541.89,6593.49,6624.37,6471.62,163028.0,星期二,0.0014,0.0079
2020-08-03,6451.99,6532.7,6532.7,6447.46,154476.0,星期一,0.0064,0.0125
2020-07-31,6384.92,6411.11,6490.69,6341.78,132884.0,星期五,-0.0027,0.0041
2020-07-30,6421.27,6402.28,6427.12,6358.9,120329.0,星期四,-0.0009,-0.003
2020-07-29,6316.67,6426.76,6429.75,6272.52,107032.0,星期三,-0.0041,0.0174
2020-07-28,6340.3,6342.74,6368.02,6279.68,113368.0,星期二,0.0047,0.0004
2020-07-27,6457.62,6310.89,6467.52,6265.89,144005.0,星期一,0.0056,-0.0227
2020-07-24,6570.17,6421.39,6666.96,6379.45,156605.0,星期五,-0.0042,-0.0226
2020-07-23,6646.38,6597.62,6669.99,6491.4,145728.0,星期四,-0.0143,-0.0073
2020-07-22,6738.37,6742.83,6836.99,6686.74,162116.0,星期三,-0.0015,0.0007
2020-07-21,6789.97,6748.57,6811.89,6712.42,126128.0,星期二,0.0046,-0.0061
2020-07-20,6566.27,6758.87,6773.76,6548.57,155014.0,星期一,0.0083,0.0293
2020-07-17,6567.1,6512.46,6610.22,6434.97,171741.0,星期五,0.0006,-0.0083
2020-07-16,6753.2,6563.27,6838.13,6563.14,206364.0,星期四,0.002,-0.0281
2020-07-15,6977.21,6739.93,7012.3,6739.93,200455.0,星期三,0.0024,-0.034
2020-07-14,7060.0,6960.25,7116.69,6860.99,236015.0,星期二,-0.003,-0.0141
2020-07-13,7027.31,7081.26,7114.94,6909.55,264947.0,星期一,-0.0044,0.0077
2020-07-10,7105.39,7058.63,7167.91,7026.18,261360.0,星期五,-0.0163,-0.0066
2020-07-09,7144.26,7223.44,7223.44,7063.59,262913.0,星期四,0.0025,0.0111
2020-07-08,7085.07,7126.34,7182.82,6976.11,278392.0,星期三,-0.0034,0.0058
2020-07-07,7294.31,7109.25,7388.17,7093.34,327068.0,星期二,0.0177,-0.0254
2020-07-06,6769.71,7167.74,7178.11,6769.71,322280.0,星期一,0.0207,0.0588
2020-07-03,6626.15,6632.46,6716.72,6534.09,277881.0,星期五,0.0055,0.001
2020-07-02,6385.76,6589.63,6621.96,6384.96,247844.0,星期四,0.0064,0.0319
2020-07-01,6015.43,6345.33,6407.7,6007.43,222418.0,星期三,0.0022,0.0548
2020-06-30,5922.66,6001.98,6002.72,5912.32,102367.0,星期二,0.0048,0.0134
2020-06-29,5951.74,5894.63,5954.03,5877.69,87083.0,星期一,-0.004,-0.0096
2020-06-24,5885.93,5975.68,6001.3,5885.93,96763.0,星期三,0.0022,0.0152
2020-06-23,5904.99,5873.04,5905.12,5854.71,81135.0,星期二,-0.0004,-0.0054
2020-06-22,5946.9,5907.21,5961.76,5903.49,92861.0,星期一,-0.0026,-0.0067
2020-06-19,5952.34,5962.43,5968.51,5921.41,90025.0,星期五,-0.0008,0.0017
2020-06-18,5898.28,5956.86,5973.63,5896.4,87728.0,星期四,0.001,0.0099
2020-06-17,5916.85,5892.23,5916.85,5866.76,69937.0,星期三,-0.0006,-0.0042
2020-06-16,5894.16,5920.36,5923.2,5883.14,79228.0,星期二,0.0085,0.0044
2020-06-15,5841.35,5844.35,5921.99,5837.76,89234.0,星期一,-0.0067,0.0005
2020-06-12,5807.67,5880.6,5902.87,5792.88,85427.0,星期五,-0.014,0.0126
2020-06-11,5942.95,5890.19,5965.1,5875.13,98390.0,星期四,-0.0011,-0.0089
2020-06-10,6017.38,5949.69,6018.91,5928.07,80251.0,星期三,-0.0,-0.0112
2020-06-09,6022.6,6017.66,6050.57,5998.31,83856.0,星期二,0.001,-0.0008
2020-06-08,6001.25,6016.44,6059.8,5984.62,88844.0,星期一,0.0098,0.0025
2020-06-05,5976.9,5942.98,5978.58,5896.21,90348.0,星期五,0.0005,-0.0057
2020-06-04,6036.17,5974.19,6044.82,5949.82,82302.0,星期四,0.0058,-0.0103
2020-06-03,6059.3,6001.08,6136.16,5998.32,114470.0,星期三,0.0033,-0.0096
2020-06-02,5925.75,6039.28,6052.31,5922.21,131177.0,星期二,-0.0006,0.0192
2020-06-01,5807.54,5929.36,5929.36,5807.54,103280.0,星期一,0.005,0.021
2020-05-29,5833.54,5778.54,5833.54,5765.32,76094.0,星期五,-0.0087,-0.0094
2020-05-28,5868.51,5884.97,5971.73,5868.51,80632.0,星期四,0.0006,0.0028
2020-05-27,5849.09,5865.07,5887.95,5829.32,73768.0,星期三,-0.0004,0.0027
2020-05-26,5833.92,5851.71,5853.08,5809.41,64752.0,星期二,0.0036,0.003
2020-05-25,5756.14,5813.05,5829.61,5740.58,65733.0,星期一,0.0022,0.0099
2020-05-22,5854.75,5743.48,5855.74,5743.48,75296.0,星期五,0.0003,-0.019
2020-05-21,5893.34,5853.09,5902.21,5842.73,67388.0,星期四,0.0034,-0.0068
2020-05-20,5920.69,5873.14,5920.69,5862.84,76360.0,星期三,-0.0014,-0.008
2020-05-19,6002.51,5929.03,6006.19,5917.69,68803.0,星期二,0.0081,-0.0122
2020-05-18,5919.03,5954.09,5978.91,5899.14,90253.0,星期一,0.0021,0.0059
2020-05-15,5921.78,5906.79,5937.98,5902.59,79430.0,星期五,0.0042,-0.0025
2020-05-14,5963.08,5897.21,5963.08,5890.6,74079.0,星期四,-0.0037,-0.011
2020-05-13,5974.19,5985.12,5989.83,5948.81,72756.0,星期三,-0.0024,0.0018
2020-05-12,6056.74,5988.4,6057.34,5974.4,75068.0,星期二,0.0003,-0.0113
2020-05-11,6058.69,6054.91,6078.83,6033.76,91650.0,星期一,0.0014,-0.0006
2020-05-08,6005.79,6050.33,6063.44,5981.9,95200.0,星期五,0.005,0.0074
2020-05-07,6016.12,5975.68,6016.12,5970.82,87392.0,星期四,-0.003,-0.0067
2020-05-06,6036.91,6034.32,6061.58,5983.9,117119.0,星期三,-0.0127,-0.0004
2020-04-30,6095.77,6114.56,6134.86,6078.54,102367.0,星期四,0.0004,0.0031
2020-04-29,5963.11,6093.58,6093.69,5961.94,78134.0,星期三,-0.0021,0.0219
2020-04-28,5976.82,5975.68,6019.74,5880.71,91044.0,星期二,0.0057,-0.0002
2020-04-27,5919.7,5942.7,6000.92,5909.49,78002.0,星期一,0.0051,0.0039
2020-04-24,5938.03,5889.78,5938.03,5872.43,68164.0,星期五,-0.0002,-0.0081
2020-04-23,5957.45,5939.01,5960.05,5908.07,71738.0,星期四,0.0027,-0.0031
2020-04-22,5891.09,5941.51,5943.18,5858.85,62831.0,星期三,-0.0053,0.0086
2020-04-21,5969.66,5922.6,6004.9,5887.46,80967.0,星期二,-0.0046,-0.0079
2020-04-20,6023.12,5996.96,6023.12,5918.88,77535.0,星期一,0.0012,-0.0043
2020-04-17,6026.36,6016.0,6051.88,5992.03,75423.0,星期五,0.0063,-0.0017
2020-04-16,5969.23,5988.86,6007.17,5949.26,66513.0,星期四,0.0005,0.0033
2020-04-15,6039.55,5966.36,6042.97,5956.64,58266.0,星期三,-0.0016,-0.0121
2020-04-14,5949.22,6049.2,6063.14,5944.93,75230.0,星期二,0.0035,0.0168
2020-04-13,5906.15,5928.55,5943.28,5892.06,51769.0,星期一,-0.0032,0.0038
2020-04-10,5981.7,5924.92,6036.07,5906.12,69057.0,星期五,0.0036,-0.0095
2020-04-09,6016.6,5960.19,6019.91,5949.28,57805.0,星期四,0.0052,-0.0094
2020-04-08,6002.1,5985.18,6002.49,5946.31,63822.0,星期三,-0.005,-0.0028
2020-04-07,6045.06,6032.06,6054.38,5993.43,85214.0,星期二,0.0155,-0.0022
2020-04-03,5944.14,5952.89,5985.32,5916.4,58486.0,星期五,-0.0026,0.0015
2020-04-02,5875.44,5959.72,5959.72,5873.7,60094.0,星期四,-0.0051,0.0143
2020-04-01,5901.28,5905.59,6000.81,5895.43,71426.0,星期三,0.0047,0.0007
2020-03-31,5978.31,5873.52,5995.59,5836.34,73944.0,星期二,0.0076,-0.0175
2020-03-30,5908.66,5933.01,5975.7,5891.11,81206.0,星期一,-0.0131,0.0041
2020-03-27,5999.07,5987.03,6082.57,5949.95,100256.0,星期五,0.0144,-0.002
2020-03-26,5899.96,5914.2,5976.31,5875.93,83128.0,星期四,-0.0107,0.0024
2020-03-25,5804.79,5963.95,5983.11,5763.23,134369.0,星期三,0.0195,0.0274
2020-03-24,5653.09,5693.58,5709.97,5584.01,91232.0,星期二,0.018,0.0072
2020-03-23,5599.16,5552.92,5643.65,5542.32,90111.0,星期一,-0.0333,-0.0083
2020-03-20,5701.69,5792.02,5801.35,5637.31,100459.0,星期五,0.0126,0.0158
2020-03-19,5722.31,5630.77,5767.28,5486.11,126799.0,星期四,-0.0094,-0.016
2020-03-18,5998.84,5776.42,6035.04,5769.52,125718.0,星期三,-0.0019,-0.0371
2020-03-17,6085.64,6010.21,6168.1,5900.18,114298.0,星期二,-0.0002,-0.0124
2020-03-16,6319.93,6086.71,6319.93,6059.62,117839.0,星期一,0.0026,-0.0369
2020-03-13,6096.58,6303.81,6348.28,6056.26,126114.0,星期五,-0.0461,0.034
2020-03-12,6410.12,6390.95,6466.91,6327.74,97720.0,星期四,-0.0108,-0.003
2020-03-11,6532.19,6479.8,6582.26,6477.16,108057.0,星期三,0.0021,-0.008
2020-03-10,6421.86,6518.3,6559.24,6348.53,119424.0,星期二,-0.0026,0.015
2020-03-09,6491.64,6438.71,6496.59,6418.91,143396.0,星期一,-0.0181,-0.0082
2020-03-06,6707.12,6611.6,6717.25,6588.33,131584.0,星期五,-0.0126,-0.0142
2020-03-05,6703.56,6792.41,6818.02,6669.62,181275.0,星期四,-0.0066,0.0133
2020-03-04,6539.1,6748.24,6778.32,6480.87,199858.0,星期三,0.0036,0.032
2020-03-03,6598.29,6515.79,6624.63,6443.77,144232.0,星期二,0.0093,-0.0125
2020-03-02,6289.0,6537.38,6577.99,6289.0,166614.0,星期一,0.0065,0.0395
2020-02-28,6233.85,6248.33,6418.57,6215.48,147878.0,星期五,-0.0152,0.0023
2020-02-27,6430.98,6329.84,6442.57,6317.67,124735.0,星期四,0.0038,-0.0157
2020-02-26,6169.21,6406.7,6538.56,6161.72,209772.0,星期三,-0.0118,0.0385
2020-02-25,6164.57,6242.9,6290.68,6142.11,138530.0,星期二,-0.0107,0.0127
2020-02-24,6308.82,6230.97,6308.82,6179.68,133718.0,星期一,-0.0055,-0.0123
2020-02-21,6396.89,6343.41,6396.89,6312.87,122066.0,星期五,-0.0022,-0.0084
2020-02-20,6350.0,6411.23,6411.69,6294.38,121751.0,星期四,-0.0017,0.0096
2020-02-19,6350.37,6360.56,6423.47,6333.79,94385.0,星期三,-0.0013,0.0016
2020-02-18,6411.46,6358.79,6411.46,6305.59,105621.0,星期二,-0.0059,-0.0082
2020-02-17,6450.18,6449.55,6466.42,6362.4,127274.0,星期一,0.0037,-0.0001
2020-02-14,6257.13,6426.6,6426.6,6255.82,125791.0,星期五,0.0021,0.0271
2020-02-13,6194.2,6244.27,6353.43,6194.2,122407.0,星期四,0.0074,0.0081
2020-02-12,6130.85,6148.47,6153.36,6105.22,80143.0,星期三,-0.0033,0.0029
2020-02-11,6076.72,6150.94,6212.56,6074.09,100923.0,星期二,-0.0016,0.0122
2020-02-10,5890.75,6086.49,6107.3,5868.48,112025.0,星期一,-0.0083,0.0332
2020-02-07,5922.22,5940.29,5940.29,5863.79,95414.0,星期五,-0.0081,0.0031
2020-02-06,5940.49,5970.83,5997.06,5861.64,107978.0,星期四,0.0045,0.0051
2020-02-05,5867.9,5913.98,5974.17,5827.86,110733.0,星期三,-0.0009,0.0079
2020-02-04,5672.6,5872.98,5888.43,5672.6,141994.0,星期二,-0.0226,0.0353
2020-02-03,5780.99,5803.6,5864.51,5780.99,89657.0,星期一,-0.0985,0.0039
2020-01-23,6574.76,6412.81,6578.93,6378.66,100659.0,星期四,-0.012,-0.0246
2020-01-22,6540.42,6654.72,6669.0,6506.55,90089.0,星期三,-0.0012,0.0175
2020-01-21,6681.9,6548.01,6682.94,6545.77,98199.0,星期二,-0.0054,-0.02
2020-01-20,6761.94,6717.93,6762.04,6663.53,87951.0,星期一,-0.0,-0.0065
2020-01-17,6802.95,6762.26,6829.81,6734.46,67367.0,星期五,0.0039,-0.006
2020-01-16,6829.65,6776.2,6837.51,6765.29,74380.0,星期四,0.0031,-0.0078
2020-01-15,6892.55,6808.45,6903.11,6796.18,88347.0,星期三,-0.0021,-0.0122
2020-01-14,6943.55,6907.22,6975.11,6898.94,90814.0,星期二,0.0018,-0.0052
2020-01-13,6872.33,6930.79,6933.08,6834.75,86252.0,星期一,0.0002,0.0085
2020-01-10,6962.53,6871.0,6968.27,6853.47,84106.0,星期五,0.0008,-0.0131
2020-01-09,6917.67,6957.25,6988.73,6911.53,110899.0,星期四,0.0158,0.0057
2020-01-08,6880.73,6809.87,6880.9,6783.07,107990.0,星期三,-0.0075,-0.0103
2020-01-07,6884.39,6933.05,6937.04,6877.09,97490.0,星期二,0.0018,0.0071
2020-01-06,6898.47,6872.22,6927.27,6832.17,118167.0,星期一,-0.0081,-0.0038
2020-01-03,7043.34,6954.95,7047.07,6914.92,103838.0,星期五,0.0032,-0.0125
2020-01-02,7050.68,7020.97,7150.25,7015.67,137284.0,星期四,0.014,-0.0042
2019-12-31,6912.62,6953.3,6986.15,6880.43,90378.0,星期二,-0.001,0.0059
2019-12-30,6841.99,6919.63,6919.63,6807.59,110974.0,星期一,0.007,0.0113
2019-12-27,6799.57,6794.15,6858.83,6786.04,96558.0,星期五,-0.0005,-0.0008
2019-12-26,6673.08,6803.09,6835.91,6673.08,108994.0,星期四,0.006,0.0195
2019-12-25,6647.86,6633.52,6658.83,6612.11,69453.0,星期三,-0.0013,-0.0022
2019-12-24,6709.63,6656.72,6720.08,6607.74,77999.0,星期二,0.001,-0.0079
2019-12-23,6854.12,6702.72,6892.51,6694.14,105591.0,星期一,0.0001,-0.0221
2019-12-20,6808.56,6853.69,6913.09,6808.56,110500.0,星期五,0.0034,0.0066
2019-12-19,6758.89,6785.41,6831.4,6756.65,77441.0,星期四,0.0006,0.0039
2019-12-18,6779.15,6754.86,6836.74,6743.78,100826.0,星期三,-0.0009,-0.0036
2019-12-17,6649.58,6785.54,6875.53,6635.09,152241.0,星期二,-0.001,0.0204
2019-12-16,6566.01,6656.42,6656.42,6530.64,114676.0,星期一,0.0007,0.0138
2019-12-13,6535.93,6561.59,6574.88,6535.83,112606.0,星期五,0.0097,0.0039
2019-12-12,6522.68,6473.14,6539.9,6463.51,77092.0,星期四,-0.0007,-0.0076
2019-12-11,6507.88,6527.34,6577.31,6486.98,93392.0,星期三,0.0041,0.003
2019-12-10,6487.75,6481.02,6489.94,6447.85,77902.0,星期二,-0.0027,-0.001
2019-12-09,6379.41,6505.52,6505.56,6379.41,117502.0,星期一,0.0031,0.0198
2019-12-06,6336.23,6359.92,6359.92,6322.26,65404.0,星期五,0.0005,0.0037
2019-12-05,6361.69,6333.28,6362.13,6310.04,75044.0,星期四,0.0036,-0.0045
2019-12-04,6369.92,6338.99,6370.63,6320.8,60906.0,星期三,-0.003,-0.0049
2019-12-03,6341.08,6388.8,6407.55,6334.57,79313.0,星期二,-0.0042,0.0075
2019-12-02,6266.06,6367.94,6371.32,6266.06,84367.0,星期一,0.0033,0.0163
2019-11-29,6258.4,6245.22,6283.19,6226.14,55877.0,星期五,-0.0002,-0.0021
2019-11-28,6325.74,6259.65,6329.8,6240.25,71908.0,星期四,0.0012,-0.0104
2019-11-27,6343.19,6318.02,6370.01,6305.6,70940.0,星期三,-0.0013,-0.004
2019-11-26,6389.07,6351.28,6389.07,6320.89,86896.0,星期二,0.0018,-0.0059
2019-11-25,6217.71,6377.55,6399.49,6217.71,115859.0,星期一,0.0033,0.0257
2019-11-22,6212.14,6197.28,6264.23,6158.62,76225.0,星期五,0.0011,-0.0024
2019-11-21,6188.42,6205.56,6217.78,6161.36,62636.0,星期四,-0.0041,0.0028
2019-11-20,6257.72,6213.72,6286.14,6204.57,80459.0,星期三,-0.0016,-0.007
2019-11-19,6168.948,6267.768,6267.768,6162.548,85984.0,星期二,0.0002,0.016
2019-11-18,6113.838,6167.488,6188.508,6074.228,75137.0,星期一,-0.0016,0.0088
2019-11-15,6172.748,6123.518,6185.238,6120.938,76582.0,星期五,0.0006,-0.008
2019-11-14,6188.038,6169.128,6190.918,6159.068,81763.0,星期四,0.0017,-0.0031
2019-11-13,6243.958,6177.818,6243.958,6156.428,89637.0,星期三,0.0008,-0.0106
2019-11-12,6238.728,6238.748,6263.238,6202.588,83567.0,星期二,0.0021,0.0
2019-11-11,6335.438,6225.938,6335.438,6218.498,106066.0,星期一,-0.0061,-0.0173
2019-11-08,6457.368,6374.098,6472.478,6369.358,123288.0,星期五,0.0046,-0.0129
2019-11-07,6394.508,6427.838,6454.018,6382.878,125746.0,星期四,-0.0011,0.0052
2019-11-06,6464.488,6401.758,6464.488,6378.048,127321.0,星期三,-0.0004,-0.0097
2019-11-05,6441.058,6466.988,6515.798,6384.518,145674.0,星期二,0.0017,0.004
2019-11-04,6459.468,6430.058,6468.028,6401.628,155789.0,星期一,0.0025,-0.0046
2019-11-01,6324.438,6443.598,6443.598,6283.758,170638.0,星期五,-0.0005,0.0188
2019-10-31,6380.848,6327.508,6396.888,6306.828,76189.0,星期四,0.0034,-0.0084
2019-10-30,6400.468,6359.268,6414.388,6343.618,73228.0,星期三,-0.0012,-0.0064
2019-10-29,6470.758,6408.448,6470.758,6406.278,71859.0,星期二,0.0013,-0.0096
2019-10-28,6504.408,6462.408,6504.908,6414.468,88226.0,星期一,-0.0027,-0.0065
2019-10-25,6510.138,6521.908,6553.818,6463.438,72064.0,星期五,0.0039,0.0018
2019-10-24,6445.948,6485.038,6491.958,6421.568,68449.0,星期四,0.0007,0.0061
2019-10-23,6523.198,6441.178,6535.958,6415.318,71561.0,星期三,-0.0021,-0.0126
2019-10-22,6547.858,6536.898,6552.368,6465.478,77606.0,星期二,0.0023,-0.0017
2019-10-21,6419.418,6532.758,6560.338,6416.858,92133.0,星期一,0.0025,0.0177
2019-10-18,6545.048,6403.478,6585.408,6379.528,90131.0,星期五,0.0032,-0.0216
2019-10-17,6575.528,6524.088,6583.188,6503.768,88196.0,星期四,0.0019,-0.0078
2019-10-16,6526.278,6563.308,6703.218,6525.928,120790.0,星期三,0.0038,0.0057
2019-10-15,6543.948,6501.868,6584.128,6491.648,83021.0,星期二,0.0018,-0.0064
2019-10-14,6508.158,6532.118,6601.978,6498.528,98765.0,星期一,0.0055,0.0037
2019-10-11,6467.278,6472.458,6493.288,6426.238,74914.0,星期五,0.0045,0.0008
2019-10-10,6438.918,6438.148,6470.128,6395.568,80035.0,星期四,0.0008,-0.0001
2019-10-09,6270.638,6433.888,6466.568,6267.648,108004.0,星期三,-0.0039,0.026
2019-10-08,6150.588,6295.128,6346.428,6150.358,79544.0,星期二,0.0029,0.0235
2019-09-30,6149.298,6132.968,6183.138,6129.738,41439.0,星期一,-0.001,-0.0027
2019-09-27,6199.158,6155.578,6204.228,6151.648,46599.0,星期五,0.0007,-0.007
2019-09-26,6214.088,6194.918,6295.088,6191.088,68428.0,星期四,0.0031,-0.0031
2019-09-25,6224.758,6195.158,6229.098,6178.468,62598.0,星期三,-0.001,-0.0048
2019-09-24,6243.258,6230.888,6285.178,6221.718,65531.0,星期二,0.0013,-0.002
2019-09-23,6327.198,6235.038,6327.198,6197.968,66216.0,星期一,-0.0031,-0.0146
2019-09-20,6378.528,6346.718,6381.118,6323.418,62455.0,星期五,0.0008,-0.005
2019-09-19,6405.138,6373.418,6406.048,6348.468,59239.0,星期四,0.0023,-0.005
2019-09-18,6335.728,6390.538,6429.078,6325.028,74783.0,星期三,0.0034,0.0087
2019-09-17,6398.148,6314.308,6398.148,6294.428,70175.0,星期二,-0.0012,-0.0131
2019-09-16,6458.868,6405.778,6458.868,6385.568,80068.0,星期一,0.0023,-0.0082
2019-09-12,6320.798,6444.368,6453.728,6320.478,104422.0,星期四,0.0056,0.0195
2019-09-11,6315.988,6285.848,6320.308,6259.638,63122.0,星期三,0.0019,-0.0048
2019-09-10,6332.078,6304.108,6332.078,6261.038,75774.0,星期二,0.0009,-0.0044
2019-09-09,6298.098,6326.118,6340.988,6291.078,91450.0,星期一,0.0082,0.0044
2019-09-06,6243.988,6246.938,6250.748,6189.768,74375.0,星期五,0.0036,0.0005
2019-09-05,6243.238,6221.428,6336.118,6209.508,128129.0,星期四,0.0027,-0.0035
2019-09-04,6052.778,6226.468,6226.468,6045.498,107329.0,星期三,-0.0002,0.0287
2019-09-03,6084.668,6054.248,6088.318,6030.698,71850.0,星期二,0.0011,-0.005
2019-09-02,6013.158,6078.048,6090.208,6006.998,77173.0,星期一,-0.0015,0.0108
2019-08-30,6125.388,6022.218,6131.478,6004.698,74268.0,星期五,0.0077,-0.0168
2019-08-29,6217.128,6078.608,6217.948,6070.638,77546.0,星期四,0.0014,-0.0223
2019-08-28,6224.598,6208.228,6235.528,6180.888,55013.0,星期三,0.0007,-0.0026
2019-08-27,6206.308,6220.428,6274.458,6201.828,76357.0,星期二,0.0067,0.0023
2019-08-26,6120.868,6164.758,6176.718,6102.028,57517.0,星期一,-0.0205,0.0072
2019-08-23,6275.688,6248.758,6292.748,6227.338,57028.0,星期五,0.0024,-0.0043
2019-08-22,6323.468,6260.818,6328.588,6243.108,56801.0,星期四,0.0029,-0.0099
2019-08-21,6291.458,6304.938,6349.348,6286.838,66627.0,星期三,-0.0001,0.0021
2019-08-20,6264.398,6292.298,6327.348,6257.978,80731.0,星期二,0.0007,0.0045
2019-08-19,6181.248,6260.258,6261.398,6144.428,89087.0,星期一,0.02,0.0128
2019-08-16,6075.058,6059.948,6118.398,6046.618,59047.0,星期五,0.0012,-0.0025
2019-08-15,5928.218,6067.718,6071.598,5910.348,58555.0,星期四,-0.0206,0.0235
2019-08-14,6134.358,6053.098,6142.878,6046.658,59658.0,星期三,0.0122,-0.0132
2019-08-13,6092.258,6060.368,6113.188,6041.758,51367.0,星期二,-0.0057,-0.0052
2019-08-12,6018.788,6127.198,6127.198,6018.358,53398.0,星期一,-0.0005,0.018
2019-08-09,6141.218,6021.718,6145.728,6013.228,59420.0,星期五,0.0027,-0.0195
2019-08-08,6145.598,6124.548,6156.158,6106.778,50081.0,星期四,0.0026,-0.0034
2019-08-07,6138.518,6129.668,6168.868,6121.508,57928.0,星期三,0.0065,-0.0014
2019-08-06,6066.518,6099.098,6127.708,5999.368,91452.0,星期二,-0.0132,0.0054
2019-08-05,6256.988,6147.368,6257.968,6146.418,66768.0,星期一,-0.0078,-0.0175
2019-08-02,6255.238,6306.078,6328.068,6241.668,77680.0,星期五,-0.0211,0.0081
2019-08-01,6474.468,6390.088,6487.398,6374.188,75008.0,星期四,-0.005,-0.013
2019-07-31,6630.578,6506.868,6630.578,6493.998,82332.0,星期三,-0.0085,-0.0187
2019-07-30,6647.338,6687.428,6725.018,6647.338,55495.0,星期二,0.0008,0.006
2019-07-29,6672.588,6642.048,6699.068,6627.988,55368.0,星期一,-0.0013,-0.0046
2019-07-26,6644.578,6681.438,6700.008,6632.618,59065.0,星期五,-0.0046,0.0055
2019-07-25,6666.598,6675.088,6675.318,6613.658,72158.0,星期四,0.0008,0.0013
2019-07-24,6669.238,6661.198,6701.438,6641.998,86831.0,星期三,0.0011,-0.0012
2019-07-23,6747.608,6661.728,6769.938,6624.118,96091.0,星期二,-0.0024,-0.0127
2019-07-22,6811.628,6764.028,6876.168,6727.108,97790.0,星期一,0.0012,-0.007
2019-07-19,6708.328,6803.238,6822.678,6699.728,114768.0,星期五,0.013,0.0141
2019-07-18,6667.648,6622.338,6667.648,6619.238,66251.0,星期四,-0.0034,-0.0068
2019-07-17,6634.118,6690.138,6715.478,6611.898,79916.0,星期三,-0.0011,0.0084
2019-07-16,6579.438,6641.258,6660.418,6569.608,76321.0,星期二,0.0008,0.0094
2019-07-15,6545.868,6574.468,6612.298,6442.328,86776.0,星期一,-0.0044,0.0044
2019-07-12,6528.108,6574.638,6599.788,6503.138,72750.0,星期五,-0.002,0.0071
2019-07-11,6591.918,6541.068,6640.098,6532.678,73264.0,星期四,0.0017,-0.0077
2019-07-10,6669.258,6580.958,6675.738,6558.278,79590.0,星期三,0.0033,-0.0132
2019-07-09,6652.028,6647.258,6733.678,6630.138,100557.0,星期二,-0.0037,-0.0007
2019-07-08,6787.638,6676.928,6792.078,6609.318,97226.0,星期一,-0.0062,-0.0163
2019-07-05,6868.468,6829.988,6877.198,6799.888,72944.0,星期五,-0.0078,-0.0056
2019-07-04,6839.298,6922.788,7010.598,6839.298,115101.0,星期四,-0.0049,0.0122
2019-07-03,6784.238,6873.018,6923.358,6753.688,103129.0,星期三,-0.0025,0.0131
2019-07-02,6745.718,6801.058,6803.378,6705.778,83966.0,星期二,-0.0012,0.0082
2019-07-01,6690.648,6753.848,6757.058,6667.498,89919.0,星期一,0.014,0.0094
2019-06-28,6638.008,6598.368,6638.168,6577.818,48173.0,星期五,-0.0006,-0.006
2019-06-27,6620.578,6642.198,6679.108,6613.608,54992.0,星期四,0.0009,0.0033
2019-06-26,6623.788,6614.868,6651.818,6595.728,49604.0,星期三,-0.0033,-0.0013
2019-06-25,6687.618,6645.748,6690.988,6549.238,66573.0,星期二,0.0006,-0.0063
2019-06-24,6681.798,6683.768,6685.188,6644.968,60561.0,星期一,-0.0002,0.0003
2019-06-21,6677.458,6683.158,6721.958,6663.858,85930.0,星期五,0.0004,0.0009
2019-06-20,6533.058,6674.988,6697.378,6507.748,99265.0,星期四,-0.0003,0.0217
2019-06-19,6629.158,6535.178,6657.498,6518.588,77453.0,星期三,0.0191,-0.0142
2019-06-18,6555.488,6504.688,6562.528,6471.438,44615.0,星期二,0.0021,-0.0077
2019-06-17,6534.348,6541.738,6589.278,6514.818,48207.0,星期一,-0.0029,0.0011
2019-06-14,6592.228,6553.508,6637.378,6534.258,93075.0,星期五,0.0033,-0.0059
2019-06-13,6596.988,6570.698,6599.188,6524.578,73673.0,星期四,-0.002,-0.004
2019-06-12,6661.338,6610.388,6661.338,6583.438,74775.0,星期三,-0.0027,-0.0076
2019-06-11,6541.328,6679.538,6685.788,6541.328,106031.0,星期二,0.0028,0.0211
2019-06-10,6449.178,6522.788,6565.288,6422.358,74778.0,星期一,0.0048,0.0114
2019-06-06,6481.478,6418.218,6501.028,6400.328,68674.0,星期四,-0.0,-0.0098
2019-06-05,6449.678,6481.728,6559.918,6431.428,94200.0,星期三,0.0103,0.005
2019-06-04,6441.688,6384.048,6441.688,6355.258,62763.0,星期二,0.0014,-0.0089
2019-06-03,6494.268,6432.438,6545.868,6412.198,72851.0,星期一,0.0026,-0.0095
2019-05-31,6465.608,6477.128,6524.408,6448.588,70163.0,星期五,0.0007,0.0018
2019-05-30,6492.288,6461.388,6492.288,6410.828,69327.0,星期四,-0.002,-0.0048
2019-05-29,6541.678,6505.538,6564.968,6501.328,71049.0,星期三,-0.0071,-0.0055
2019-05-28,6503.888,6588.648,6606.698,6487.328,93243.0,星期二,-0.0033,0.013
2019-05-27,6442.418,6525.118,6535.438,6373.028,78243.0,星期一,-0.0011,0.0128
2019-05-24,6465.348,6449.718,6515.808,6437.848,59847.0,星期五,0.0012,-0.0024
2019-05-23,6526.078,6457.468,6526.078,6430.548,68718.0,星期四,-0.0042,-0.0105
2019-05-22,6585.308,6553.798,6592.978,6532.228,58340.0,星期三,0.0,-0.0048
2019-05-21,6499.308,6585.178,6640.208,6489.898,73622.0,星期二,-0.0007,0.0132
2019-05-20,6553.668,6503.968,6577.168,6436.858,72791.0,星期一,0.0003,-0.0076
2019-05-17,6766.858,6551.638,6772.578,6536.678,92204.0,星期五,0.0004,-0.0318
2019-05-16,6697.098,6764.198,6764.258,6682.358,83512.0,星期四,-0.0019,0.01
2019-05-15,6656.308,6709.828,6741.088,6645.608,81862.0,星期三,0.0082,0.008
2019-05-14,6582.198,6602.178,6676.548,6570.638,81152.0,星期二,-0.012,0.003
2019-05-13,6602.448,6662.288,6678.498,6591.278,75158.0,星期一,-0.0145,0.0091
2019-05-10,6534.918,6699.578,6701.918,6422.718,111514.0,星期五,0.0095,0.0252
2019-05-09,6562.288,6473.488,6629.088,6446.508,90726.0,星期四,-0.0075,-0.0135
2019-05-08,6560.208,6611.918,6713.078,6541.818,102052.0,星期三,-0.0167,0.0079
2019-05-07,6607.018,6671.408,6694.968,6575.908,114095.0,星期二,0.0092,0.0097
2019-05-06,6789.018,6546.768,6822.508,6475.958,151050.0,星期一,-0.0319,-0.0357
2019-04-30,6939.858,7012.918,7022.158,6915.458,103761.0,星期二,-0.0047,0.0105
2019-04-29,6987.808,6972.978,7056.148,6951.528,125692.0,星期一,0.0,-0.0021
2019-04-26,7030.868,6987.718,7079.168,6975.788,119267.0,星期五,-0.0054,-0.0061
2019-04-25,7199.958,7069.348,7255.718,7065.138,141676.0,星期四,-0.0039,-0.0181
2019-04-24,7278.868,7228.218,7288.508,7124.098,145248.0,星期三,0.0048,-0.007
2019-04-23,7199.378,7244.078,7309.828,7199.378,175384.0,星期二,0.0001,0.0062
2019-04-22,7477.028,7198.438,7477.028,7176.458,230159.0,星期一,-0.0076,-0.0373
2019-04-19,7458.868,7534.408,7534.408,7401.438,137837.0,星期五,0.0004,0.0101
2019-04-18,7515.798,7455.618,7515.798,7426.058,132408.0,星期四,-0.002,-0.008
2019-04-17,7624.658,7530.728,7624.768,7489.368,181930.0,星期三,-0.0021,-0.0123
2019-04-16,7465.468,7640.978,7640.978,7301.928,194515.0,星期二,-0.0052,0.0235
2019-04-15,7701.228,7504.208,7742.898,7502.468,162759.0,星期一,0.0184,-0.0256
2019-04-12,7646.618,7562.078,7667.668,7515.238,127805.0,星期五,0.0012,-0.0111
2019-04-11,7807.968,7637.778,7856.918,7600.048,155655.0,星期四,0.0,-0.0218
2019-04-10,7838.128,7807.868,7868.408,7740.128,165223.0,星期三,-0.0081,-0.0039
2019-04-09,7715.608,7901.988,7902.118,7715.608,201366.0,星期二,0.0097,0.0242
2019-04-08,7721.078,7641.688,7803.008,7537.648,202717.0,星期一,0.004,-0.0103
2019-04-04,7707.098,7690.018,7767.678,7624.668,192582.0,星期四,0.0033,-0.0022
2019-04-03,7547.128,7681.568,7688.908,7503.838,191601.0,星期三,-0.0062,0.0178
2019-04-02,7626.548,7594.578,7646.828,7551.158,204027.0,星期二,0.0049,-0.0042
2019-04-01,7433.738,7589.158,7689.138,7433.738,260329.0,星期一,0.0125,0.0209
2019-03-29,6988.368,7342.008,7342.008,6970.928,201701.0,星期五,0.0041,0.0506
2019-03-28,7061.078,6959.988,7119.038,6955.918,132138.0,星期四,-0.0033,-0.0143
2019-03-27,7029.228,7084.698,7096.908,6950.138,139820.0,星期三,0.0067,0.0079
2019-03-26,7120.468,6982.348,7144.538,6964.868,169021.0,星期二,0.0056,-0.0194
2019-03-25,7153.608,7080.768,7224.858,7076.288,193870.0,星期一,-0.0153,-0.0102
2019-03-22,7249.058,7264.928,7268.448,7129.338,159979.0,星期五,-0.0007,0.0022
2019-03-21,7256.728,7253.988,7367.518,7237.028,203650.0,星期四,0.0012,-0.0004
2019-03-20,7186.238,7248.008,7280.258,7083.628,185489.0,星期三,-0.0013,0.0086
2019-03-19,7236.738,7195.308,7380.708,7153.408,199769.0,星期二,0.0001,-0.0057
2019-03-18,6995.008,7235.728,7243.648,6910.898,245041.0,星期一,0.0053,0.0344
2019-03-15,6740.058,6958.118,7021.798,6739.948,220420.0,星期五,0.0011,0.0324
2019-03-14,6848.938,6732.738,6966.298,6677.398,193638.0,星期四,-0.0009,-0.017
2019-03-13,6730.158,6855.158,6935.578,6659.328,231598.0,星期三,0.0035,0.0186
2019-03-12,6708.268,6706.568,6799.158,6640.078,196633.0,星期二,0.0103,-0.0003
2019-03-11,6470.528,6639.788,6649.268,6403.198,186989.0,星期一,-0.0075,0.0262
2019-03-08,6708.438,6519.368,6752.728,6504.328,226044.0,星期五,-0.0196,-0.0282
2019-03-07,6928.088,6842.708,6928.388,6759.908,246366.0,星期四,-0.0033,-0.0123
2019-03-06,7001.198,6951.288,7009.488,6856.188,235597.0,星期三,0.0056,-0.0071
2019-03-05,6796.428,6962.228,6981.748,6771.838,230616.0,星期二,0.0027,0.0244
2019-03-04,6599.568,6778.208,6926.958,6599.568,278831.0,星期一,0.007,0.0271
2019-03-01,6530.948,6553.668,6553.918,6424.398,152033.0,星期五,0.0032,0.0035
2019-02-28,6515.188,6510.078,6627.228,6482.578,167825.0,星期四,-0.0028,-0.0008
2019-02-27,6449.938,6533.498,6628.588,6449.938,219479.0,星期三,-0.0024,0.013
2019-02-26,6545.778,6465.168,6645.288,6453.248,233715.0,星期二,0.0019,-0.0123
2019-02-25,6260.048,6533.088,6544.168,6239.928,233604.0,星期一,0.0098,0.0436
2019-02-22,6115.018,6199.098,6199.908,6075.058,131692.0,星期五,-0.0026,0.0137
2019-02-21,6202.438,6130.968,6228.848,6106.648,140772.0,星期四,-0.0003,-0.0115
2019-02-20,6103.718,6204.028,6237.828,6082.188,150583.0,星期三,0.0013,0.0164
2019-02-19,6177.698,6096.078,6190.958,6064.538,150120.0,星期二,0.0087,-0.0132
2019-02-18,6018.418,6124.498,6124.498,6017.518,121258.0,星期一,0.0087,0.0176
2019-02-15,6101.138,5966.688,6115.178,5963.658,107178.0,星期五,-0.0027,-0.022
2019-02-14,6096.418,6117.608,6143.238,6070.138,97693.0,星期四,-0.0019,0.0035
2019-02-13,5994.968,6108.208,6123.038,5983.898,112383.0,星期三,-0.0005,0.0189
2019-02-12,5962.388,5998.218,6009.958,5925.638,86070.0,星期二,-0.0037,0.006
2019-02-11,5880.888,5984.768,5984.918,5840.498,79714.0,星期一,-0.0051,0.0177
2019-02-01,5918.838,5910.738,5932.278,5811.048,70565.0,星期五,0.0093,-0.0014
2019-01-31,5865.608,5864.188,5924.778,5833.778,77492.0,星期四,0.0042,-0.0002
2019-01-30,5779.258,5841.208,5950.318,5770.928,87422.0,星期三,-0.0045,0.0107
2019-01-29,5690.688,5805.568,5817.138,5650.618,90598.0,星期二,-0.0021,0.0202
2019-01-28,5741.948,5702.748,5791.888,5681.878,61247.0,星期一,0.0054,-0.0068
2019-01-25,5664.878,5711.178,5765.048,5663.058,76774.0,星期五,0.0048,0.0082
2019-01-24,5654.008,5637.598,5654.958,5577.128,66930.0,星期四,0.0028,-0.0029
2019-01-23,5642.598,5638.008,5669.338,5620.978,50955.0,星期三,-0.0016,-0.0008
2019-01-22,5669.458,5651.448,5753.328,5636.458,65337.0,星期二,-0.0015,-0.0032
2019-01-21,5700.008,5678.048,5733.908,5644.948,60684.0,星期一,-0.0002,-0.0039
2019-01-18,5638.248,5701.408,5704.148,5626.018,68908.0,星期五,0.0017,0.0112
2019-01-17,5679.268,5628.828,5684.658,5616.058,72782.0,星期四,0.0032,-0.0089
2019-01-16,5635.458,5661.028,5686.258,5616.388,63262.0,星期三,-0.0007,0.0045
2019-01-15,5593.838,5639.638,5639.638,5496.298,62237.0,星期二,-0.0007,0.0082
2019-01-14,5630.228,5597.908,5641.708,5585.728,50256.0,星期一,-0.0021,-0.0057
2019-01-11,5614.918,5641.978,5654.338,5593.348,56977.0,星期五,0.0022,0.0048
2019-01-10,5636.838,5602.748,5658.528,5593.038,55847.0,星期四,-0.0028,-0.006
2019-01-09,5641.518,5652.678,5731.998,5625.508,77986.0,星期三,0.0048,0.002
2019-01-08,5644.668,5614.508,5644.668,5577.848,58253.0,星期二,-0.0007,-0.0053
2019-01-07,5671.728,5648.368,5721.658,5626.718,76608.0,星期一,0.0098,-0.0041
2019-01-04,5416.728,5616.728,5620.768,5411.888,76984.0,星期五,-0.0092,0.0369
2019-01-03,5428.728,5466.918,5536.828,5419.918,64958.0,星期四,-0.0028,0.007
2019-01-02,5497.618,5443.878,5507.628,5407.488,61636.0,星期三,0.0006,-0.0098
2018-12-28,5461.818,5494.118,5521.598,5448.898,62847.0,星期五,0.0032,0.0059
2018-12-27,5560.028,5444.278,5587.398,5444.268,70455.0,星期四,0.0134,-0.0208
2018-12-26,5477.538,5486.728,5517.858,5436.128,59018.0,星期三,-0.0029,0.0017
2018-12-25,5451.938,5493.218,5518.978,5395.878,75699.0,星期二,-0.0116,0.0076
2018-12-24,5490.808,5515.948,5521.988,5450.748,64742.0,星期一,-0.007,0.0046
2018-12-21,5646.538,5529.698,5651.138,5453.868,91403.0,星期五,-0.0048,-0.0207
2018-12-20,5694.928,5673.498,5745.648,5626.768,81594.0,星期四,0.0044,-0.0038
2018-12-19,5728.138,5670.048,5787.768,5661.078,84346.0,星期三,0.0061,-0.0101
2018-12-18,5809.298,5693.308,5832.128,5647.308,72905.0,星期二,-0.0081,-0.02
2018-12-17,5828.168,5856.918,5871.628,5778.498,68133.0,星期一,-0.0003,0.0049
2018-12-14,5947.978,5829.818,5978.758,5829.818,98887.0,星期五,-0.0032,-0.0199
2018-12-13,5892.288,5967.108,6003.658,5869.348,109788.0,星期四,0.0086,0.0127
2018-12-12,5830.398,5842.198,5911.958,5819.978,92222.0,星期三,0.0072,0.002
2018-12-11,5673.138,5788.668,5788.668,5671.548,81023.0,星期二,0.0029,0.0204
2018-12-10,5715.988,5656.558,5739.288,5645.988,73314.0,星期一,-0.0054,-0.0104
2018-12-07,5722.118,5747.208,5798.538,5722.118,54535.0,星期五,-0.0004,0.0044
2018-12-06,5733.708,5724.278,5767.248,5715.368,66269.0,星期四,-0.0096,-0.0016
2018-12-05,5698.948,5789.148,5839.958,5691.228,97329.0,星期三,-0.0142,0.0158
2018-12-04,5832.088,5781.038,5832.088,5731.368,108115.0,星期二,-0.0044,-0.0088
2018-12-03,5916.938,5857.708,5933.308,5767.858,124377.0,星期一,0.0205,-0.01
2018-11-30,5758.458,5798.108,5800.298,5698.658,92012.0,星期五,-0.0002,0.0069
2018-11-29,5931.498,5759.878,5982.678,5759.528,132108.0,星期四,0.0049,-0.0289
2018-11-28,5790.788,5902.558,5903.448,5777.848,100939.0,星期三,0.0004,0.0193
2018-11-27,5840.448,5788.408,5858.738,5763.488,95284.0,星期二,0.0029,-0.0089
2018-11-26,5815.828,5823.548,5898.318,5774.878,131780.0,星期一,0.0021,0.0013
2018-11-23,5978.438,5803.488,5981.418,5771.488,114398.0,星期五,-0.0045,-0.0293
2018-11-22,6059.628,6005.688,6065.888,5960.838,105755.0,星期四,0.0007,-0.0089
2018-11-21,5925.188,6055.118,6117.108,5920.568,136926.0,星期三,-0.0105,0.0219
2018-11-20,6074.538,5988.118,6163.058,5958.888,147140.0,星期二,-0.0119,-0.0142
2018-11-19,5956.638,6147.448,6147.448,5956.638,186484.0,星期一,0.0022,0.032
2018-11-16,5826.718,5943.788,5979.478,5801.258,140351.0,星期五,-0.001,0.0201
2018-11-15,5746.978,5832.448,5832.828,5742.528,113223.0,星期四,-0.0019,0.0149
2018-11-14,5723.908,5757.908,5819.568,5723.908,159462.0,星期三,0.003,0.0059
2018-11-13,5577.088,5706.808,5728.248,5572.088,137719.0,星期二,-0.0117,0.0233
2018-11-12,5542.038,5643.038,5652.278,5542.038,88234.0,星期一,-0.0026,0.0182
2018-11-09,5572.678,5556.388,5627.928,5555.758,86320.0,星期五,-0.0055,-0.0029
2018-11-08,5648.148,5603.568,5679.118,5595.498,85729.0,星期四,0.006,-0.0079
2018-11-07,5675.708,5614.468,5706.568,5604.938,82449.0,星期三,0.0006,-0.0108
2018-11-06,5600.668,5672.508,5676.228,5583.708,87598.0,星期二,-0.0007,0.0128
2018-11-05,5626.758,5604.828,5626.758,5543.018,99444.0,星期一,-0.0072,-0.0039
2018-11-02,5734.078,5667.448,5756.848,5568.168,112886.0,星期五,0.0187,-0.0116
2018-11-01,5682.478,5628.838,5749.948,5623.908,119014.0,星期四,0.0166,-0.0094
2018-10-31,5530.768,5589.938,5647.948,5472.438,87120.0,星期三,0.0011,0.0107
2018-10-30,5442.868,5524.568,5578.708,5384.318,103434.0,星期二,0.0064,0.015
2018-10-29,5563.708,5408.518,5578.788,5368.338,115231.0,星期一,0.0071,-0.0279
2018-10-26,5452.258,5524.268,5674.438,5449.418,123090.0,星期五,0.0061,0.0132
2018-10-25,5161.998,5418.958,5420.108,5139.458,96836.0,星期四,-0.0215,0.0498
2018-10-24,5218.298,5275.198,5366.458,5215.778,70907.0,星期三,-0.0008,0.0109
2018-10-23,5340.018,5222.428,5355.368,5193.418,93604.0,星期二,0.0015,-0.022
2018-10-22,5158.698,5331.988,5395.748,5158.378,118361.0,星期一,0.0096,0.0336
2018-10-19,4908.888,5109.598,5119.378,4891.678,89293.0,星期五,-0.0041,0.0409
2018-10-18,5000.448,4928.858,5005.888,4928.108,76445.0,星期四,-0.0051,-0.0143
2018-10-17,5041.478,5026.308,5065.618,4956.818,119032.0,星期三,0.012,-0.003
2018-10-16,5138.818,4981.698,5194.508,4952.288,106001.0,星期二,0.0011,-0.0306
2018-10-15,5235.998,5133.198,5242.048,5118.138,103753.0,星期一,-0.002,-0.0196
2018-10-12,5119.458,5246.258,5249.428,5059.968,101628.0,星期五,-0.0083,0.0248
2018-10-11,5336.748,5162.508,5378.038,5133.818,138322.0,星期四,-0.027,-0.0326
2018-10-10,5486.168,5484.848,5528.018,5427.208,122818.0,星期三,-0.0008,-0.0002
2018-10-09,5517.708,5490.818,5530.338,5448.768,65119.0,星期二,-0.0021,-0.0049
2018-10-08,5650.258,5529.088,5671.468,5513.388,103609.0,星期一,-0.0293,-0.0214
2018-09-28,5831.458,5820.608,5891.058,5791.248,87241.0,星期五,0.0007,-0.0019
2018-09-27,5881.078,5827.218,5888.068,5815.438,103727.0,星期四,-0.0006,-0.0092
2018-09-26,5884.238,5884.578,5942.828,5819.728,129637.0,星期三,0.0005,0.0001
2018-09-25,5940.198,5881.278,5943.228,5851.088,112838.0,星期二,-0.0266,-0.0099
2018-09-21,5920.718,6102.798,6122.618,5885.158,127429.0,星期五,0.0038,0.0308
2018-09-20,5896.888,5898.018,5936.858,5877.278,106188.0,星期四,-0.0042,0.0002
2018-09-19,5699.548,5921.968,5962.668,5689.378,141805.0,星期三,-0.0013,0.039
2018-09-18,5614.108,5707.208,5714.348,5598.718,86169.0,星期二,-0.0035,0.0166
2018-09-17,5674.768,5634.088,5688.468,5609.988,90851.0,星期一,-0.0063,-0.0072
2018-09-14,5695.108,5710.688,5727.028,5644.598,121540.0,星期五,0.0003,0.0027
2018-09-13,5710.908,5693.608,5737.438,5623.698,101868.0,星期四,0.0095,-0.003
2018-09-12,5675.468,5657.158,5685.658,5616.348,42055.0,星期三,0.0005,-0.0032
2018-09-11,5715.598,5672.888,5740.528,5639.738,57455.0,星期二,-0.0013,-0.0075
2018-09-10,5716.298,5723.058,5780.338,5707.478,66020.0,星期一,0.0032,0.0012
2018-09-07,5669.408,5697.958,5763.808,5658.308,51516.0,星期五,0.0024,0.005
2018-09-06,5740.968,5655.828,5777.518,5635.888,52872.0,星期四,-0.0023,-0.0148
2018-09-05,5854.608,5754.288,5873.908,5754.188,142468.0,星期三,-0.0061,-0.0171
2018-09-04,5804.568,5890.678,5897.738,5771.538,109489.0,星期二,0.0008,0.0148
2018-09-03,5802.668,5800.138,5871.998,5752.108,99900.0,星期一,-0.0042,-0.0004
2018-08-31,5741.818,5827.388,5879.908,5713.928,111729.0,星期五,-0.004,0.0149
2018-08-30,5828.888,5764.758,5862.708,5763.738,104391.0,星期四,-0.0016,-0.011
2018-08-29,5791.978,5838.088,5882.728,5791.778,125056.0,星期三,-0.0025,0.008
2018-08-28,5793.898,5806.688,5844.138,5788.228,63948.0,星期二,-0.0014,0.0022
2018-08-27,5639.308,5801.868,5810.568,5639.308,82723.0,星期一,0.0045,0.0288
2018-08-24,5604.238,5613.868,5650.538,5566.098,52612.0,星期五,-0.0023,0.0017
2018-08-23,5631.008,5617.008,5670.538,5562.278,59340.0,星期四,-0.0057,-0.0025
2018-08-22,5682.908,5663.448,5684.128,5652.808,54935.0,星期三,-0.0031,-0.0034
2018-08-21,5636.318,5700.548,5715.248,5612.948,79697.0,星期二,0.0002,0.0114
2018-08-20,5564.878,5635.218,5635.248,5527.198,85966.0,星期一,0.0039,0.0126
2018-08-17,5624.858,5543.168,5648.558,5533.098,82293.0,星期五,0.0063,-0.0145
2018-08-16,5490.198,5589.718,5630.598,5469.258,83483.0,星期四,-0.0135,0.0181
2018-08-15,5651.028,5565.468,5653.488,5561.928,82896.0,星期三,0.0014,-0.0151
2018-08-14,5712.998,5642.938,5718.198,5599.388,59217.0,星期二,-0.0013,-0.0123
2018-08-13,5670.498,5720.638,5739.068,5626.708,67933.0,星期一,-0.0178,0.0088
2018-08-10,5738.198,5773.368,5882.278,5737.008,87327.0,星期五,0.0102,0.0061
2018-08-09,5500.938,5680.298,5697.208,5491.498,74671.0,星期四,-0.0013,0.0326
2018-08-08,5584.358,5508.148,5640.158,5508.078,59948.0,星期三,-0.0011,-0.0136
2018-08-07,5439.538,5590.578,5591.138,5418.168,69837.0,星期二,0.0054,0.0278
2018-08-06,5525.758,5410.208,5538.388,5377.148,58748.0,星期一,-0.0001,-0.0209
2018-08-03,5596.178,5526.328,5624.218,5522.998,51049.0,星期五,-0.0013,-0.0125
2018-08-02,5749.298,5603.298,5749.718,5503.388,87697.0,星期四,-0.0051,-0.0254
2018-08-01,5950.798,5778.928,5950.798,5778.848,90205.0,星期三,-0.0094,-0.0289
2018-07-31,5941.128,6007.068,6023.658,5926.138,64101.0,星期二,0.0029,0.0111
2018-07-30,5949.658,5924.058,6016.718,5884.278,62596.0,星期一,-0.0004,-0.0043
2018-07-27,5952.988,5952.178,6011.648,5907.788,64935.0,星期五,-0.0028,-0.0001
2018-07-26,6040.748,5969.838,6088.248,5953.598,88036.0,星期四,0.0027,-0.0117
2018-07-25,6041.238,6024.528,6056.958,5979.118,74396.0,星期三,0.0026,-0.0028
2018-07-24,5916.858,6025.438,6103.568,5916.858,116007.0,星期二,0.0062,0.0184
2018-07-23,5706.978,5880.688,5898.788,5692.628,88323.0,星期一,-0.0061,0.0304
2018-07-20,5646.558,5742.198,5777.978,5558.848,80238.0,星期五,0.0002,0.0169
2018-07-19,5691.268,5645.438,5730.308,5632.068,54548.0,星期四,0.0053,-0.0081
2018-07-18,5758.798,5661.398,5766.308,5661.288,64346.0,星期三,0.0003,-0.0169
2018-07-17,5735.208,5757.158,5776.718,5691.308,57813.0,星期二,-0.0029,0.0038
2018-07-16,5852.218,5751.748,5852.978,5705.228,68954.0,星期一,-0.0021,-0.0172
2018-07-13,5942.118,5864.698,5974.828,5852.038,69385.0,星期五,0.0114,-0.013
2018-07-12,5780.688,5875.198,5904.408,5780.688,75139.0,星期四,0.0006,0.0163
2018-07-11,5807.818,5777.348,5807.818,5723.088,65608.0,星期三,-0.0195,-0.0052
2018-07-10,5874.368,5923.498,5961.678,5835.358,79755.0,星期二,0.0043,0.0084
2018-07-09,5714.798,5849.098,5849.218,5710.178,72489.0,星期一,0.002,0.0235
2018-07-06,5727.128,5703.448,5744.748,5569.998,85347.0,星期五,0.0036,-0.0041
2018-07-05,5770.948,5706.828,5817.398,5687.798,79206.0,星期四,-0.0014,-0.0111
2018-07-04,5866.868,5779.068,5913.458,5766.428,78112.0,星期三,-0.0061,-0.015
2018-07-03,5859.168,5903.088,5903.358,5756.958,112093.0,星期二,0.0038,0.0075
2018-07-02,6144.138,5836.758,6144.178,5781.968,104876.0,星期一,-0.0018,-0.05
2018-06-29,5984.498,6154.978,6156.528,5980.588,71810.0,星期五,0.0024,0.0285
2018-06-28,5995.308,5970.168,6085.078,5939.918,70030.0,星期四,-0.0092,-0.0042
2018-06-27,6240.908,6050.968,6240.908,5977.218,103105.0,星期三,-0.0002,-0.0304
2018-06-26,6309.998,6242.228,6321.108,6141.778,110066.0,星期二,-0.0231,-0.0107
2018-06-25,6765.778,6459.318,6781.688,6453.348,93168.0,星期一,0.0083,-0.0453
2018-06-22,6609.578,6710.228,6712.608,6580.368,72344.0,星期五,-0.005,0.0152
2018-06-21,6610.468,6642.788,6810.398,6593.558,111024.0,星期四,-0.0033,0.0049
2018-06-20,6507.538,6632.138,6649.708,6488.678,87293.0,星期三,-0.0028,0.0191
2018-06-19,6728.088,6525.488,6728.088,6454.178,149400.0,星期二,-0.0142,-0.0301
2018-06-15,6752.138,6824.658,6921.498,6752.138,93308.0,星期五,-0.0001,0.0107
2018-06-14,6754.798,6752.978,6801.768,6716.328,54955.0,星期四,-0.0046,-0.0003
2018-06-13,6764.568,6786.228,6881.488,6746.018,74151.0,星期三,-0.0038,0.0032
2018-06-12,6762.398,6790.048,6815.268,6709.618,55489.0,星期二,0.0016,0.0041
2018-06-11,6647.658,6751.598,6794.488,6636.708,62731.0,星期一,-0.0018,0.0156
2018-06-08,6764.668,6659.418,6768.678,6617.858,71139.0,星期五,-0.0079,-0.0156
2018-06-07,6741.198,6818.568,6845.328,6732.298,73156.0,星期四,0.0027,0.0115
2018-06-06,6769.328,6722.788,6788.088,6708.168,58082.0,星期三,-0.002,-0.0069
2018-06-05,6735.168,6782.818,6797.128,6699.498,70814.0,星期二,-0.0017,0.0071
2018-06-04,6604.898,6746.618,6765.958,6604.798,82625.0,星期一,0.0038,0.0215
2018-06-01,6527.358,6579.728,6676.358,6515.158,74063.0,星期五,-0.0046,0.008
2018-05-31,6482.358,6557.488,6569.268,6425.028,67578.0,星期四,0.0058,0.0116
2018-05-30,6561.138,6445.238,6561.138,6441.558,76903.0,星期三,-0.013,-0.0177
2018-05-29,6726.778,6647.708,6726.778,6547.888,89680.0,星期二,-0.003,-0.0118
2018-05-28,6794.568,6747.068,6802.438,6733.248,56525.0,星期一,-0.0011,-0.007
2018-05-25,6830.308,6801.858,6855.878,6774.028,61728.0,星期五,0.0005,-0.0042
2018-05-24,6870.478,6826.648,6874.708,6816.668,55048.0,星期四,0.0004,-0.0064
2018-05-23,6943.838,6867.848,6943.838,6867.308,71626.0,星期三,-0.0028,-0.0109
2018-05-22,7065.158,6963.078,7065.158,6922.508,82403.0,星期二,-0.0004,-0.0144
2018-05-21,7112.518,7068.118,7123.778,7053.248,67926.0,星期一,0.0033,-0.0062
2018-05-18,7031.498,7088.928,7091.108,6991.178,56910.0,星期五,-0.0009,0.0082
2018-05-17,7071.448,7037.538,7111.018,7033.928,58303.0,星期四,-0.0002,-0.0048
2018-05-16,7113.428,7072.988,7126.208,7067.018,58128.0,星期三,-0.0028,-0.0057
2018-05-15,7124.788,7133.618,7134.018,7068.568,61942.0,星期二,0.0034,0.0012
2018-05-14,7130.118,7100.858,7172.218,7078.698,70156.0,星期一,0.0013,-0.0041
2018-05-11,7185.938,7120.858,7192.388,7117.398,87007.0,星期五,0.0012,-0.0091
2018-05-10,7164.928,7177.328,7198.858,7107.638,74844.0,星期四,0.0031,0.0017
2018-05-09,7186.738,7142.678,7191.578,7121.858,68161.0,星期三,-0.0022,-0.0061
2018-05-08,7076.748,7202.938,7251.108,7068.098,89222.0,星期二,0.0001,0.0178
2018-05-07,6983.178,7075.758,7087.488,6959.168,78901.0,星期一,0.0025,0.0133
2018-05-04,6972.298,6965.688,7040.138,6958.058,69807.0,星期五,-0.0011,-0.0009
2018-05-03,6960.638,6979.758,6999.208,6869.098,80532.0,星期四,-0.0014,0.0027
2018-05-02,6986.898,6970.678,7044.078,6943.108,80187.0,星期三,-0.0004,-0.0023
2018-04-27,7023.848,6989.948,7038.648,6854.238,87901.0,星期五,-0.0001,-0.0048
2018-04-26,7203.778,7024.678,7206.708,6995.608,89387.0,星期四,0.0061,-0.0249
2018-04-25,7196.868,7160.348,7205.938,7142.428,72185.0,星期三,-0.0073,-0.0051
2018-04-24,7088.198,7249.778,7300.678,7086.658,108975.0,星期二,0.006,0.0228
2018-04-23,7042.118,7045.658,7090.338,6993.018,71503.0,星期一,-0.0029,0.0005
2018-04-20,7149.008,7062.248,7157.678,7020.248,78939.0,星期五,-0.0016,-0.0121
2018-04-19,7134.028,7160.188,7198.478,7111.338,71897.0,星期四,0.0016,0.0037
2018-04-18,7176.328,7122.518,7213.198,7059.008,93795.0,星期三,0.0129,-0.0075
2018-04-17,7188.688,7085.138,7198.378,7082.888,89003.0,星期二,0.0013,-0.0144
2018-04-16,7395.478,7179.228,7401.808,7136.778,121654.0,星期一,-0.0058,-0.0292
2018-04-13,7544.148,7438.768,7575.308,7420.528,68933.0,星期五,0.0069,-0.014
2018-04-12,7547.468,7492.758,7587.478,7469.868,78892.0,星期四,-0.003,-0.0072
2018-04-11,7487.748,7569.838,7658.298,7461.308,111632.0,星期三,0.0022,0.011
2018-04-10,7300.308,7471.568,7471.968,7278.758,100646.0,星期二,0.0015,0.0235
2018-04-09,7339.588,7289.318,7388.368,7247.088,76876.0,星期一,-0.0033,-0.0068
2018-04-04,7368.508,7364.128,7482.268,7361.598,79040.0,星期三,-0.006,-0.0006
2018-04-03,7372.698,7412.878,7462.168,7327.818,83333.0,星期二,-0.0136,0.0054
2018-04-02,7481.578,7474.508,7622.148,7462.988,111348.0,星期一,0.0028,-0.0009
2018-03-30,7513.208,7460.668,7526.698,7440.208,100143.0,星期五,-0.0058,-0.007
2018-03-29,7256.688,7557.168,7613.438,7136.268,166723.0,星期四,0.0031,0.0414
2018-03-28,7167.818,7234.598,7345.588,7152.848,88414.0,星期三,-0.0121,0.0093
2018-03-27,7262.938,7255.728,7320.378,7197.768,114000.0,星期二,0.0148,-0.001
2018-03-26,7132.898,7156.848,7156.848,7055.528,106520.0,星期一,-0.0125,0.0034
2018-03-23,7219.538,7223.198,7252.358,7064.728,165325.0,星期五,-0.0312,0.0005
2018-03-22,7556.308,7452.398,7569.538,7419.878,119087.0,星期四,-0.0006,-0.0138
2018-03-21,7536.878,7560.958,7653.058,7529.788,147664.0,星期三,0.0018,0.0032
2018-03-20,7488.618,7523.618,7541.708,7439.968,104401.0,星期二,-0.0081,0.0047
2018-03-19,7678.038,7549.978,7678.038,7537.958,97685.0,星期一,-0.0021,-0.0167
2018-03-16,7654.678,7694.268,7779.778,7654.678,88848.0,星期五,-0.0006,0.0052
2018-03-15,7669.948,7659.118,7730.818,7619.148,85608.0,星期四,-0.0019,-0.0014
2018-03-14,7668.358,7684.848,7735.718,7627.178,103310.0,星期三,-0.0019,0.0022
2018-03-13,7676.318,7682.988,7736.878,7654.128,110319.0,星期二,-0.0029,0.0009
2018-03-12,7870.438,7698.628,7872.828,7644.588,155967.0,星期一,0.0002,-0.0218
2018-03-09,7905.138,7868.688,7918.938,7812.178,116015.0,星期五,0.0022,-0.0046
2018-03-08,7801.408,7888.018,7895.788,7771.758,102566.0,星期四,0.0,0.0111
2018-03-07,7862.558,7801.378,7936.588,7784.048,109865.0,星期三,-0.0049,-0.0078
2018-03-06,7668.658,7901.628,7904.488,7579.798,147207.0,星期二,0.0041,0.0304
2018-03-05,7650.228,7637.148,7757.108,7617.288,92298.0,星期一,0.0038,-0.0017
2018-03-02,7565.638,7621.278,7679.478,7517.308,93161.0,星期五,-0.01,0.0074
2018-03-01,7585.678,7641.678,7732.858,7571.948,108051.0,星期四,-0.0108,0.0074
2018-02-28,7562.328,7668.378,7750.348,7492.498,125869.0,星期三,-0.0101,0.014
2018-02-27,7794.598,7639.778,7794.758,7609.618,125656.0,星期二,-0.003,-0.0199
2018-02-26,7921.918,7818.278,7942.338,7605.188,149867.0,星期一,0.0052,-0.0131
2018-02-23,7804.278,7881.028,7965.638,7754.318,117169.0,星期五,0.0048,0.0098
2018-02-22,7756.668,7766.848,7792.908,7693.208,121434.0,星期四,0.0146,0.0013
2018-02-14,7597.988,7645.278,7669.458,7517.358,73862.0,星期三,-0.0011,0.0062
2018-02-13,7515.748,7606.708,7777.298,7511.068,123093.0,星期二,0.0088,0.0121
2018-02-12,7338.918,7450.278,7484.848,7287.948,115657.0,星期一,0.0031,0.0152
2018-02-09,7532.498,7316.248,7578.078,7197.558,183031.0,星期五,-0.0308,-0.0287
2018-02-08,7802.678,7771.558,7911.748,7681.658,133165.0,星期四,-0.0064,-0.004
2018-02-07,8483.248,7852.888,8503.328,7794.188,219170.0,星期三,0.0197,-0.0743
2018-02-06,8527.948,8319.678,8571.448,8277.908,175205.0,星期二,-0.0226,-0.0244
2018-02-05,8558.998,8725.048,8725.628,8540.148,134324.0,星期一,-0.0137,0.0194
2018-02-02,8510.498,8678.158,8693.088,8350.988,167991.0,星期五,-0.0174,0.0197
2018-02-01,8762.098,8661.088,8834.279,8596.168,190473.0,星期四,0.0011,-0.0115
2018-01-31,8635.299,8752.199,8826.239,8534.11,179847.0,星期三,0.0029,0.0135
2018-01-30,8837.839,8610.579,8861.839,8609.179,163265.0,星期二,-0.0034,-0.0257
2018-01-29,8977.309,8868.379,9077.799,8773.61,165042.0,星期一,0.0027,-0.0121
2018-01-26,8809.86,8953.28,9044.799,8797.78,164781.0,星期五,-0.0029,0.0163
2018-01-25,8945.15,8835.74,8945.15,8658.809,168703.0,星期四,-0.0044,-0.0122
2018-01-24,8998.8,8984.42,9171.77,8920.691,180522.0,星期三,-0.0027,-0.0016
2018-01-23,8822.18,9023.17,9108.21,8822.18,212135.0,星期二,0.0047,0.0228
2018-01-22,8696.251,8781.031,8803.891,8662.221,136439.0,星期一,-0.0032,0.0097
2018-01-19,8793.511,8724.041,8992.601,8707.051,190120.0,星期五,0.0014,-0.0079
2018-01-18,8827.401,8781.211,8897.831,8733.38,167586.0,星期四,-0.0029,-0.0052
2018-01-17,8929.59,8853.22,9048.901,8672.0,290554.0,星期三,-0.0044,-0.0086
2018-01-16,8390.59,8968.691,9033.45,8383.54,306238.0,星期二,-0.0051,0.0689
2018-01-15,8399.75,8433.18,8555.25,8349.8,223864.0,星期一,0.0067,0.004
2018-01-12,8299.29,8343.46,8500.6,8283.68,210059.0,星期五,-0.0014,0.0053
2018-01-11,8311.54,8310.54,8331.63,8192.55,168379.0,星期四,-0.002,-0.0001
2018-01-10,8324.84,8327.82,8475.18,8263.82,185575.0,星期三,-0.0002,0.0004
2018-01-09,8269.07,8326.54,8404.95,8242.86,214481.0,星期二,-0.0039,0.0069
2018-01-08,8180.47,8301.04,8464.519,8180.47,318371.0,星期一,0.013,0.0147
2018-01-05,7779.24,8075.26,8240.179,7766.85,314911.0,星期五,0.0002,0.0381
2018-01-04,7734.55,7777.63,7804.29,7676.02,137466.0,星期四,0.0046,0.0056
2018-01-03,7650.46,7699.4,7807.34,7623.82,178761.0,星期三,0.0005,0.0064
2018-01-02,7469.44,7646.51,7710.24,7469.44,181539.0,星期二,0.0071,0.0237
2017-12-29,7301.81,7416.88,7439.6,7301.77,88869.0,星期五,-0.0005,0.0158
2017-12-28,7286.02,7305.68,7328.72,7255.42,72978.0,星期四,-0.0035,0.0027
2017-12-27,7314.42,7311.62,7367.19,7294.18,78108.0,星期三,-0.0024,-0.0004
2017-12-26,7297.62,7331.83,7339.58,7280.38,69138.0,星期二,0.0012,0.0047
2017-12-25,7249.91,7288.75,7402.86,7249.91,102827.0,星期一,0.0068,0.0054
2017-12-22,7196.32,7200.74,7229.64,7187.17,56846.0,星期五,-0.0016,0.0006
2017-12-21,7060.04,7208.01,7272.21,7058.44,93124.0,星期四,0.0011,0.021
2017-12-20,7117.04,7052.43,7117.76,7021.19,65805.0,星期三,-0.0027,-0.0091
2017-12-19,7073.57,7136.41,7138.2,7061.64,53310.0,星期二,0.0015,0.0089
2017-12-18,7113.06,7062.97,7133.52,7017.14,60608.0,星期一,-0.0002,-0.007
2017-12-15,7211.99,7114.24,7215.53,7105.63,63106.0,星期五,-0.0021,-0.0136
2017-12-14,7243.47,7227.28,7282.72,7201.35,60929.0,星期四,-0.0007,-0.0022
2017-12-13,7229.18,7248.87,7252.95,7205.46,57277.0,星期三,-0.0006,0.0027
2017-12-12,7262.96,7233.16,7328.96,7230.3,76745.0,星期二,-0.0018,-0.0041
2017-12-11,7236.19,7276.11,7276.13,7205.77,75046.0,星期一,-0.0007,0.0055
2017-12-08,7196.48,7241.35,7243.78,7147.23,73881.0,星期五,-0.0069,0.0062
2017-12-07,7258.18,7246.18,7425.49,7231.0,84394.0,星期四,-0.0021,-0.0017
2017-12-06,7263.02,7273.46,7330.45,7208.86,69916.0,星期三,-0.005,0.0014
2017-12-05,7275.57,7299.77,7346.05,7270.51,98463.0,星期二,-0.0041,0.0033
2017-12-04,7312.52,7305.66,7345.87,7229.16,70198.0,星期一,-0.0037,-0.0009
2017-12-01,7294.42,7339.96,7459.51,7293.79,84213.0,星期五,-0.0056,0.0062
2017-11-30,7523.88,7335.57,7539.27,7268.82,106692.0,星期四,-0.0067,-0.025
2017-11-29,7212.37,7574.35,7575.97,7178.76,133235.0,星期三,0.0013,0.0502
2017-11-28,7240.63,7203.08,7245.91,7128.74,62686.0,星期二,-0.0037,-0.0052
2017-11-27,7292.91,7267.44,7396.07,7206.25,73690.0,星期一,-0.0033,-0.0035
2017-11-24,7226.86,7316.74,7324.34,7177.56,71861.0,星期五,-0.0026,0.0124
2017-11-23,7410.62,7246.0,7432.32,7224.6,93269.0,星期四,-0.0009,-0.0222
2017-11-22,7383.66,7417.53,7479.57,7350.96,120285.0,星期三,0.0023,0.0046
2017-11-21,7101.35,7367.06,7368.3,7098.52,111893.0,星期二,-0.0034,0.0374
2017-11-20,7106.34,7125.85,7126.8,6991.17,79212.0,星期一,-0.0041,0.0027
2017-11-17,7142.99,7135.44,7189.78,7113.2,117258.0,星期五,-0.0006,-0.0011
2017-11-16,7033.32,7147.07,7170.93,7028.45,96708.0,星期四,-0.0015,0.0162
2017-11-15,7013.0,7044.22,7058.07,6980.9,72148.0,星期三,-0.0037,0.0045
2017-11-14,6948.27,7038.79,7039.89,6907.1,78350.0,星期二,-0.0003,0.013
2017-11-13,6978.67,6950.44,6987.88,6933.68,73308.0,星期一,-0.0001,-0.004
2017-11-10,7030.81,6979.37,7034.86,6970.89,73581.0,星期五,-0.0001,-0.0073
2017-11-09,6989.41,7031.47,7032.17,6976.51,60454.0,星期四,-0.0019,0.006
2017-11-08,6988.43,7002.86,7055.13,6980.87,72952.0,星期三,-0.0018,0.0021
2017-11-07,6955.21,7001.09,7001.5,6947.43,68076.0,星期二,-0.0003,0.0066
2017-11-06,7022.49,6957.53,7025.06,6917.55,68708.0,星期一,-0.0024,-0.0093
2017-11-03,7146.72,7039.17,7158.28,6988.66,73832.0,星期五,-0.0027,-0.015
2017-11-02,7171.52,7166.23,7172.41,7103.71,71311.0,星期四,-0.001,-0.0007
2017-11-01,7169.23,7178.47,7302.94,7152.6,83721.0,星期三,-0.0009,0.0013
2017-10-31,7127.91,7175.57,7186.21,7094.82,68866.0,星期二,-0.0018,0.0067
2017-10-30,7114.03,7140.89,7146.65,7038.33,92067.0,星期一,-0.0002,0.0038
2017-10-27,7151.73,7115.21,7205.5,7103.03,75288.0,星期五,0.0015,-0.0051
2017-10-26,7144.7,7140.98,7182.3,7104.76,76597.0,星期四,-0.0028,-0.0005
2017-10-25,7116.54,7164.72,7223.6,7099.54,77235.0,星期三,-0.0003,0.0068
2017-10-24,7000.09,7118.42,7133.75,6988.13,93998.0,星期二,-0.0005,0.0169
2017-10-23,6999.96,7003.47,7013.66,6970.79,64865.0,星期一,-0.0003,0.0005
2017-10-20,6937.68,7002.05,7002.72,6932.29,65335.0,星期五,0.001,0.0093
2017-10-19,6983.41,6930.52,6983.56,6920.62,73203.0,星期四,-0.0005,-0.0076
2017-10-18,6985.07,6986.77,6993.48,6956.21,80176.0,星期三,0.0012,0.0002
2017-10-17,6968.26,6976.5,7004.66,6954.18,55859.0,星期二,-0.0002,0.0012
2017-10-16,7080.56,6969.38,7082.13,6963.83,75723.0,星期一,0.001,-0.0157
2017-10-13,7076.8,7073.14,7101.53,7054.18,55518.0,星期五,0.0005,-0.0005
2017-10-12,7102.24,7073.53,7104.67,7038.6,63934.0,星期四,0.0007,-0.004
2017-10-11,7113.56,7097.06,7142.38,7073.84,71931.0,星期三,0.0011,-0.0023
2017-10-10,7107.36,7106.04,7127.23,7064.67,72374.0,星期二,-0.0003,-0.0002
2017-10-09,7204.75,7109.38,7222.42,7100.92,91536.0,星期一,0.0234,-0.0132
2017-09-29,7060.07,7039.89,7098.52,7022.73,68195.0,星期五,0.0023,-0.0029
2017-09-28,7174.69,7043.97,7174.69,7043.31,87162.0,星期四,0.0012,-0.0182
2017-09-27,7138.36,7166.4,7191.18,7107.34,82206.0,星期三,0.0026,0.0039
2017-09-26,7062.69,7120.11,7156.0,7062.69,75049.0,星期二,-0.0004,0.0081
2017-09-25,7302.53,7065.77,7302.53,7063.05,154510.0,星期一,-0.0137,-0.0324
2017-09-22,7442.31,7404.02,7491.03,7380.39,94955.0,星期五,-0.0002,-0.0051
2017-09-21,7542.83,7443.53,7554.33,7428.27,138822.0,星期四,-0.0028,-0.0132
2017-09-20,7557.34,7564.12,7598.36,7501.09,175419.0,星期三,-0.0035,0.0009
2017-09-19,7471.81,7583.54,7722.75,7471.81,258754.0,星期二,0.0033,0.015
2017-09-18,7508.51,7447.55,7587.5,7444.13,158160.0,星期一,0.0006,-0.0081
2017-09-15,7337.71,7503.67,7633.0,7334.74,227789.0,星期五,-0.0014,0.0226
2017-09-14,7148.53,7348.04,7385.6,7139.5,176279.0,星期四,0.0004,0.0279
2017-09-13,7087.75,7145.69,7157.32,7068.6,84840.0,星期三,0.0,0.0082
2017-09-12,7118.82,7087.61,7141.01,7074.71,108407.0,星期二,-0.0015,-0.0044
2017-09-11,7165.2,7129.74,7225.49,7099.96,102000.0,星期一,0.0002,-0.0049
2017-09-08,7148.16,7163.91,7216.39,7098.37,130448.0,星期五,-0.0022,0.0022
2017-09-07,6961.23,7164.11,7234.38,6961.23,203992.0,星期四,0.0023,0.0291
2017-09-06,6925.49,6945.47,6963.26,6906.29,91138.0,星期三,-0.0017,0.0029
2017-09-05,6859.58,6937.17,6937.79,6859.58,90806.0,星期二,0.0002,0.0113
2017-09-04,6860.77,6858.07,6864.96,6831.77,90946.0,星期一,-0.0012,-0.0004
2017-09-01,6898.58,6868.88,6906.46,6853.11,103394.0,星期五,-0.0005,-0.0043
2017-08-31,6916.66,6902.14,6941.87,6870.57,97016.0,星期四,-0.0015,-0.0021
2017-08-30,6926.43,6926.74,6951.61,6915.97,93968.0,星期三,0.0031,0.0
2017-08-29,6920.71,6904.7,6922.15,6891.02,78182.0,星期二,-0.004,-0.0023
2017-08-28,6874.57,6948.26,6987.32,6874.57,109487.0,星期一,0.0011,0.0107
2017-08-25,6816.57,6867.28,6877.6,6816.57,73333.0,星期五,0.0018,0.0074
2017-08-24,6837.95,6804.63,6850.95,6799.0,70181.0,星期四,-0.0004,-0.0049
2017-08-23,6863.73,6840.59,6865.86,6818.81,72044.0,星期三,-0.0005,-0.0034
2017-08-22,6856.51,6867.3,6900.18,6846.23,89408.0,星期二,0.0017,0.0016
2017-08-21,6818.18,6844.63,6845.93,6809.62,89360.0,星期一,-0.0004,0.0039
2017-08-18,6703.86,6820.83,6831.7,6693.82,104004.0,星期五,-0.0032,0.0174
2017-08-17,6698.24,6725.45,6726.51,6690.69,73684.0,星期四,-0.0005,0.0041
2017-08-16,6704.93,6701.64,6709.83,6669.23,78346.0,星期三,0.0004,-0.0005
2017-08-15,6688.99,6702.4,6714.3,6675.84,70747.0,星期二,0.0005,0.002
2017-08-14,6639.25,6685.62,6685.99,6638.95,81019.0,星期一,0.0016,0.007
2017-08-11,6732.33,6628.4,6754.48,6623.75,101212.0,星期五,-0.0066,-0.0154
2017-08-10,6817.14,6777.14,6817.22,6721.76,99499.0,星期四,0.0,-0.0059
2017-08-09,6802.03,6816.83,6824.45,6783.9,68745.0,星期三,-0.0003,0.0022
2017-08-08,6814.71,6804.16,6826.01,6786.89,90870.0,星期二,0.0023,-0.0015
2017-08-07,6784.97,6799.39,6803.27,6770.26,87320.0,星期一,-0.001,0.0021
2017-08-04,6848.85,6791.64,6864.35,6790.49,107988.0,星期五,-0.0003,-0.0084
2017-08-03,6885.89,6850.88,6889.81,6814.17,103088.0,星期四,-0.0015,-0.0051
2017-08-02,6982.37,6896.5,7004.51,6893.47,132501.0,星期三,-0.0013,-0.0123
2017-08-01,6940.84,6991.65,7004.69,6930.19,137706.0,星期二,-0.0014,0.0073
2017-07-31,6961.24,6950.86,6967.63,6896.77,122302.0,星期一,0.0005,-0.0015
2017-07-28,6906.51,6957.81,6987.5,6904.39,115238.0,星期五,-0.0016,0.0074
2017-07-27,6869.57,6917.84,6951.74,6857.18,135782.0,星期四,-0.0005,0.007
2017-07-26,6882.74,6872.79,6922.22,6836.33,106501.0,星期三,-0.0003,-0.0014
2017-07-25,6960.6,6884.57,6962.54,6864.27,123744.0,星期二,-0.0038,-0.0109
2017-07-24,7013.44,6987.17,7048.36,6971.5,165432.0,星期一,-0.001,-0.0037
2017-07-21,7049.42,7020.48,7099.68,7005.23,148285.0,星期五,-0.003,-0.0041
2017-07-20,6911.7,7070.6,7103.47,6911.7,157136.0,星期四,-0.0043,0.023
2017-07-19,6843.69,6941.48,6943.54,6840.68,123554.0,星期三,-0.0048,0.0143
2017-07-18,6814.67,6876.68,6883.56,6783.97,109609.0,星期二,0.004,0.0091
2017-07-17,6990.82,6787.56,6998.25,6773.43,138833.0,星期一,-0.0008,-0.0291
2017-07-14,6970.43,6996.56,6999.2,6955.69,81649.0,星期五,0.0005,0.0037
2017-07-13,6966.7,6967.09,6997.4,6946.34,90608.0,星期四,-0.0066,0.0001
2017-07-12,7017.35,7012.95,7088.56,6972.77,99793.0,星期三,0.0054,-0.0006
2017-07-11,6992.92,6979.34,7052.12,6975.89,96095.0,星期二,-0.0004,-0.0019
2017-07-10,6954.05,6995.47,7072.44,6948.84,111817.0,星期一,-0.0035,0.006
2017-07-07,6904.31,6978.53,6982.14,6890.34,96722.0,星期五,-0.0013,0.0107
2017-07-06,6934.6,6913.29,6956.23,6880.98,100050.0,星期四,-0.0022,-0.0031
2017-07-05,6886.74,6949.97,6956.41,6840.86,90592.0,星期三,-0.0014,0.0092
2017-07-04,7011.47,6896.46,7016.76,6878.38,84858.0,星期二,0.0001,-0.0164
2017-07-03,6996.71,7010.93,7027.81,6969.35,69455.0,星期一,-0.0003,0.002
2017-06-30,7006.91,6998.68,7026.48,6962.99,71795.0,星期五,-0.0033,-0.0012
2017-06-29,7036.24,7030.0,7056.02,6993.01,71155.0,星期四,0.001,-0.0009
2017-06-28,7097.07,7028.88,7126.55,7022.53,83416.0,星期三,-0.0028,-0.0096
2017-06-27,7152.43,7116.88,7152.43,7084.07,96694.0,星期二,-0.0033,-0.005
2017-06-26,7001.23,7176.1,7193.39,6987.63,159435.0,星期一,0.0076,0.025
2017-06-23,6762.73,6948.4,6950.34,6760.04,121050.0,星期五,-0.003,0.0275
2017-06-22,6787.05,6782.87,6903.95,6779.03,109697.0,星期四,-0.0013,-0.0006
2017-06-21,6775.97,6795.89,6795.89,6737.79,78816.0,星期三,0.0051,0.0029
2017-06-20,6750.46,6741.38,6763.55,6729.08,67293.0,星期二,0.0006,-0.0013
2017-06-19,6704.11,6746.71,6754.24,6704.11,62695.0,星期一,0.0002,0.0064
2017-06-16,6723.4,6702.59,6731.85,6699.52,60307.0,星期五,-0.0012,-0.0031
2017-06-15,6707.12,6731.55,6733.28,6680.78,70123.0,星期四,-0.0025,0.0036
2017-06-14,6824.82,6723.8,6824.82,6723.54,90757.0,星期三,-0.003,-0.0148
2017-06-13,6806.04,6845.22,6848.87,6794.2,77091.0,星期二,-0.0014,0.0058
2017-06-12,6840.46,6815.32,6933.81,6802.99,99678.0,星期一,0.0013,-0.0037
2017-06-09,6814.97,6831.25,6836.06,6794.22,100617.0,星期五,-0.0043,0.0024
2017-06-08,6834.54,6844.45,6856.86,6820.08,105876.0,星期四,-0.0015,0.0014
2017-06-07,6772.0,6844.66,6850.81,6768.14,119218.0,星期三,-0.0011,0.0107
2017-06-06,6723.29,6779.6,6801.67,6708.7,92345.0,星期二,-0.0022,0.0084
2017-06-05,6721.5,6737.87,6758.89,6706.17,90442.0,星期一,-0.0058,0.0024
2017-06-02,6704.08,6760.64,6764.28,6671.33,115327.0,星期五,-0.0019,0.0084
2017-06-01,6704.58,6716.51,6761.4,6697.57,118473.0,星期四,-0.0041,0.0018
2017-05-31,6789.42,6732.08,6824.3,6724.4,128815.0,星期三,0.0233,-0.0084
2017-05-26,6649.95,6634.98,6681.21,6623.12,93782.0,星期五,-0.0023,-0.0023
2017-05-25,6476.12,6665.51,6689.76,6472.56,135472.0,星期四,0.0008,0.0292
2017-05-24,6429.21,6471.02,6476.15,6376.87,67356.0,星期三,-0.0056,0.0065
2017-05-23,6481.68,6465.25,6521.99,6444.63,84308.0,星期二,-0.0018,-0.0025
2017-05-22,6553.41,6493.36,6559.56,6460.52,70158.0,星期一,-0.0036,-0.0092
2017-05-19,6554.91,6576.87,6581.63,6540.4,67743.0,星期五,-0.002,0.0034
2017-05-18,6517.43,6568.31,6570.23,6504.11,81761.0,星期四,-0.0075,0.0078
2017-05-17,6563.8,6566.51,6602.79,6557.0,84870.0,星期三,-0.0022,0.0004
2017-05-16,6505.32,6578.28,6580.32,6456.53,102385.0,星期二,-0.0027,0.0112
2017-05-15,6485.17,6523.22,6547.46,6461.35,78818.0,星期一,-0.0005,0.0059
2017-05-12,6444.79,6488.68,6502.21,6412.33,73205.0,星期五,-0.0044,0.0068
2017-05-11,6416.5,6473.15,6484.98,6336.51,100516.0,星期四,-0.0027,0.0088
2017-05-10,6532.42,6434.11,6570.9,6432.56,77100.0,星期三,-0.0002,-0.015
2017-05-09,6499.57,6533.65,6540.16,6474.41,64329.0,星期二,-0.0022,0.0052
2017-05-08,6622.0,6513.63,6627.85,6511.64,105972.0,星期一,-0.0035,-0.0164
2017-05-05,6678.77,6645.42,6685.5,6643.11,88998.0,星期五,-0.0039,-0.005
2017-05-04,6679.58,6704.76,6763.17,6673.25,104879.0,星期四,-0.003,0.0038
2017-05-03,6737.12,6699.89,6738.86,6681.16,117765.0,星期三,-0.0021,-0.0055
2017-05-02,6785.11,6751.61,6785.11,6740.69,113777.0,星期二,-0.0026,-0.0049
2017-04-28,6742.18,6802.94,6803.57,6729.17,105959.0,星期五,-0.0051,0.009
2017-04-27,6872.76,6776.97,6872.76,6685.85,132393.0,星期四,-0.0035,-0.0139
2017-04-26,6871.57,6896.96,6916.19,6848.44,107164.0,星期三,-0.0013,0.0037
2017-04-25,6878.44,6880.52,6947.41,6853.55,105956.0,星期二,-0.0008,0.0003
2017-04-24,6971.45,6884.02,6971.45,6840.74,113775.0,星期一,-0.0023,-0.0125
2017-04-21,6993.15,6987.29,7011.29,6962.66,111317.0,星期五,-0.0,-0.0008
2017-04-20,7012.2,6993.37,7044.55,6937.9,123462.0,星期四,-0.0023,-0.0027
2017-04-19,7037.19,7028.63,7047.28,6949.33,128710.0,星期三,-0.0049,-0.0012
2017-04-18,7103.16,7072.08,7138.77,7064.65,141903.0,星期二,-0.0027,-0.0044
2017-04-17,7190.83,7122.63,7190.83,7064.05,164842.0,星期一,-0.0074,-0.0095
2017-04-14,7359.84,7244.37,7359.84,7229.35,199937.0,星期五,0.0019,-0.0157
2017-04-13,7310.5,7345.64,7377.73,7262.35,200932.0,星期四,0.0012,0.0048
2017-04-12,7369.02,7301.62,7406.25,7282.5,318639.0,星期三,0.0096,-0.0091
2017-04-11,7189.39,7298.93,7304.31,7147.47,225642.0,星期二,0.0058,0.0152
2017-04-10,7072.41,7147.82,7168.69,7060.2,218365.0,星期一,0.0037,0.0107
2017-04-07,7046.94,7046.21,7074.52,7004.22,185848.0,星期五,0.0057,-0.0001
2017-04-06,6991.21,7007.24,7017.28,6980.02,167389.0,星期四,0.0049,0.0023
2017-04-05,6928.93,6957.33,6982.74,6928.1,132800.0,星期三,0.0177,0.0041
2017-03-31,6785.46,6808.48,6808.96,6778.12,67738.0,星期五,-0.004,0.0034
2017-03-30,6876.83,6813.02,6886.08,6787.44,96816.0,星期四,-0.0012,-0.0093
2017-03-29,6930.28,6885.2,6934.8,6875.97,77909.0,星期三,0.0012,-0.0065
2017-03-28,6930.58,6921.66,6938.03,6907.7,60516.0,星期二,0.0009,-0.0013
2017-03-27,6954.59,6924.4,6971.16,6917.21,75873.0,星期一,0.0005,-0.0043
2017-03-24,6918.4,6951.21,6953.25,6900.92,83053.0,星期五,-0.0011,0.0047
2017-03-23,6914.74,6926.12,6944.13,6888.46,80278.0,星期四,0.0004,0.0016
2017-03-22,6949.86,6912.23,6959.57,6901.36,85109.0,星期三,-0.0049,-0.0054
2017-03-21,6950.62,6984.23,6985.14,6939.04,73858.0,星期二,-0.0005,0.0048
2017-03-20,6993.97,6954.02,6997.93,6919.35,94877.0,星期一,-0.0041,-0.0057
2017-03-17,7137.2,7022.8,7155.81,7018.69,114543.0,星期五,0.0051,-0.016
2017-03-16,7105.22,7101.24,7152.23,7081.85,121352.0,星期四,0.002,-0.0006
2017-03-15,7076.97,7091.07,7106.67,7040.4,87598.0,星期三,-0.0024,0.002
2017-03-14,7052.06,7094.35,7184.02,7050.25,109337.0,星期二,0.0003,0.006
2017-03-13,6936.3,7049.63,7063.46,6901.82,110385.0,星期一,-0.0008,0.0163
2017-03-10,6907.58,6942.2,6970.51,6907.58,83091.0,星期五,-0.0,0.005
2017-03-09,6937.7,6907.89,6938.13,6881.59,73229.0,星期四,-0.0017,-0.0043
2017-03-08,6922.52,6949.66,6964.79,6910.06,75129.0,星期三,0.0004,0.0039
2017-03-07,6914.97,6919.78,6920.76,6894.74,57524.0,星期二,0.0012,0.0007
2017-03-06,6866.81,6906.5,6912.18,6866.81,63431.0,星期一,0.0008,0.0058
2017-03-03,6859.32,6861.18,6864.95,6824.21,65904.0,星期五,-0.0015,0.0003
2017-03-02,6929.8,6869.44,6942.12,6869.14,71111.0,星期四,0.0005,-0.0087
2017-03-01,6896.82,6926.36,6937.82,6896.32,81776.0,星期三,0.0007,0.0043
2017-02-28,6865.21,6891.66,6899.34,6865.21,68885.0,星期二,-0.0003,0.0039
2017-02-27,6938.09,6867.01,6938.09,6860.27,82457.0,星期一,-0.0014,-0.0102
2017-02-24,6936.87,6947.7,6950.72,6902.49,65017.0,星期五,-0.002,0.0016
2017-02-23,6983.28,6951.04,6989.91,6916.98,84942.0,星期四,-0.0007,-0.0046
2017-02-22,6959.82,6987.98,6989.47,6950.17,91213.0,星期三,-0.0008,0.004
2017-02-21,6923.86,6965.65,6969.29,6918.36,101276.0,星期二,0.0018,0.006
2017-02-20,6815.85,6911.68,6912.29,6815.85,87241.0,星期一,0.0002,0.0141
2017-02-17,6874.65,6814.19,6891.6,6811.32,82370.0,星期五,-0.0004,-0.0088
2017-02-16,6841.28,6877.34,6879.67,6840.36,75475.0,星期四,-0.0004,0.0053
2017-02-15,6888.81,6844.35,6907.09,6837.96,84364.0,星期三,-0.0005,-0.0065
2017-02-14,6882.66,6892.23,6893.59,6866.47,68449.0,星期二,-0.0,0.0014
2017-02-13,6859.65,6882.78,6884.39,6850.57,75488.0,星期一,-0.0007,0.0034
2017-02-10,6867.81,6864.48,6886.86,6850.13,86035.0,星期五,-0.0005,-0.0005
2017-02-09,6792.13,6871.41,6892.54,6788.25,115030.0,星期四,0.0003,0.0117
2017-02-08,6738.4,6790.37,6790.59,6718.11,79452.0,星期三,-0.0013,0.0077
2017-02-07,6737.94,6747.37,6754.78,6724.01,65675.0,星期二,-0.0014,0.0014
2017-02-06,6716.68,6747.22,6748.28,6697.5,58548.0,星期一,-0.0006,0.0045
2017-02-03,6751.79,6720.82,6756.64,6713.12,40285.0,星期五,0.0008,-0.0046
2017-01-26,6735.13,6746.66,6757.61,6734.96,46535.0,星期四,0.0018,0.0017
2017-01-25,6708.18,6723.32,6735.33,6701.15,61458.0,星期三,-0.0005,0.0023
2017-01-24,6725.35,6711.5,6732.64,6706.1,77466.0,星期二,0.0002,-0.0021
2017-01-23,6692.6,6723.73,6733.57,6692.6,73825.0,星期一,0.0017,0.0047
2017-01-20,6624.19,6681.56,6692.39,6621.9,58326.0,星期五,-0.0007,0.0087
2017-01-19,6637.41,6629.15,6663.91,6618.65,52663.0,星期四,-0.0037,-0.0012
2017-01-18,6623.01,6661.91,6682.28,6605.34,60867.0,星期三,-0.0012,0.0059
2017-01-17,6603.15,6631.17,6637.26,6544.69,58357.0,星期二,-0.0044,0.0042
2017-01-16,6708.57,6632.3,6708.57,6485.58,121228.0,星期一,-0.0021,-0.0114
2017-01-13,6735.04,6722.64,6806.1,6714.9,86019.0,星期五,0.0056,-0.0018
2017-01-12,6734.43,6697.83,6751.12,6695.69,73249.0,星期四,-0.0009,-0.0054
2017-01-11,6813.1,6740.27,6825.72,6739.31,65179.0,星期三,-0.0012,-0.0107
2017-01-10,6833.04,6821.29,6847.93,6816.56,73714.0,星期二,-0.0006,-0.0017
2017-01-09,6808.92,6836.99,6839.19,6801.14,76198.0,星期一,-0.0011,0.0041
2017-01-06,6841.83,6816.67,6842.82,6810.31,77885.0,星期五,-0.0002,-0.0037
2017-01-05,6857.94,6843.29,6880.54,6841.06,78543.0,星期四,-0.0,-0.0021
2017-01-04,6820.95,6858.11,6861.84,6793.3,86905.0,星期三,-0.0003,0.0054
2017-01-03,6780.86,6823.03,6827.25,6779.22,72301.0,星期二,0.0008,0.0062
2016-12-30,6770.28,6775.34,6808.77,6744.99,74212.0,星期五,0.0008,0.0007
2016-12-29,6798.55,6764.98,6808.88,6757.0,66945.0,星期四,-0.0013,-0.0049
2016-12-28,6837.0,6807.33,6850.17,6788.66,81568.0,星期三,-0.0034,-0.0043
2016-12-27,6811.09,6860.39,6894.55,6809.6,79128.0,星期二,-0.0007,0.0072
2016-12-26,6789.95,6815.79,6816.72,6731.15,70354.0,星期一,-0.0035,0.0038
2016-12-23,6875.51,6814.07,6877.32,6811.51,77171.0,星期五,-0.0019,-0.0089
2016-12-22,6872.68,6888.31,6902.56,6832.33,89331.0,星期四,-0.0027,0.0023
2016-12-21,6871.5,6891.16,6902.8,6867.37,91677.0,星期三,-0.0006,0.0029
2016-12-20,6929.35,6875.71,6929.35,6838.99,111438.0,星期二,-0.0032,-0.0077
2016-12-19,7003.49,6951.72,7006.21,6935.14,115939.0,星期一,-0.0025,-0.0074
2016-12-16,6966.19,7021.33,7039.53,6961.25,84461.0,星期五,-0.0007,0.0079
2016-12-15,6943.7,6971.32,7001.31,6931.83,79486.0,星期四,-0.0041,0.004
2016-12-14,7016.78,6972.34,7046.07,6970.39,88998.0,星期三,-0.0027,-0.0063
2016-12-13,7014.75,7036.11,7060.51,6931.97,87338.0,星期二,-0.0037,0.003
2016-12-12,7268.04,7040.57,7268.04,7035.49,142943.0,星期一,-0.0014,-0.0313
2016-12-09,7237.05,7278.5,7302.12,7227.15,94305.0,星期五,-0.0009,0.0057
2016-12-08,7297.58,7243.89,7300.07,7238.88,80200.0,星期四,0.0004,-0.0074
2016-12-07,7251.31,7294.71,7296.3,7201.01,85659.0,星期三,-0.0008,0.006
2016-12-06,7276.57,7256.85,7311.92,7249.44,84215.0,星期二,-0.0023,-0.0027
2016-12-05,7350.48,7292.99,7378.37,7257.44,148530.0,星期一,-0.0221,-0.0078
2016-12-02,7601.87,7516.37,7611.39,7509.02,195990.0,星期五,-0.0032,-0.0112
2016-12-01,7449.8,7625.9,7654.51,7441.57,262181.0,星期四,-0.0018,0.0236
2016-11-30,7525.26,7463.07,7539.19,7434.13,149327.0,星期三,0.0111,-0.0083
2016-11-29,7494.87,7442.33,7525.73,7431.31,156836.0,星期二,-0.0034,-0.007
2016-11-28,7590.78,7520.73,7611.19,7475.05,156636.0,星期一,0.0024,-0.0092
2016-11-25,7472.96,7572.52,7627.0,7471.42,177705.0,星期五,-0.001,0.0133
2016-11-24,7408.37,7480.21,7531.64,7379.75,166398.0,星期四,-0.0041,0.0097
2016-11-23,7379.3,7438.99,7533.26,7360.2,228683.0,星期三,0.0041,0.0081
2016-11-22,7318.08,7349.4,7349.53,7316.27,107572.0,星期二,-0.0012,0.0043
2016-11-21,7277.43,7326.92,7370.64,7273.21,115548.0,星期一,-0.0035,0.0068
2016-11-18,7334.51,7302.95,7412.78,7297.66,120773.0,星期五,0.0072,-0.0043
2016-11-17,7265.56,7282.28,7283.19,7240.7,94115.0,星期四,-0.0015,0.0023
2016-11-16,7283.16,7276.43,7301.94,7241.49,105146.0,星期三,-0.0013,-0.0009
2016-11-15,7210.67,7292.74,7328.49,7193.43,133761.0,星期二,0.0001,0.0114
2016-11-14,7225.97,7210.14,7234.68,7176.71,119351.0,星期一,-0.0003,-0.0022
2016-11-11,7217.22,7228.23,7247.08,7204.86,140323.0,星期五,-0.002,0.0015
2016-11-10,7165.45,7231.98,7294.35,7153.08,143062.0,星期四,0.0029,0.0093
2016-11-09,7094.56,7144.58,7198.19,7067.11,155776.0,星期三,0.0014,0.0071
2016-11-08,7075.67,7084.8,7098.25,7063.07,82127.0,星期二,0.0022,0.0013
2016-11-07,7091.06,7059.82,7097.81,7043.08,80626.0,星期一,-0.0005,-0.0044
2016-11-04,7125.65,7094.51,7147.39,7079.68,103856.0,星期五,0.0005,-0.0044
2016-11-03,7084.49,7122.24,7154.94,7076.73,117711.0,星期四,-0.0024,0.0053
2016-11-02,7146.47,7101.33,7147.92,7094.92,118884.0,星期三,-0.0039,-0.0063
2016-11-01,7117.68,7174.78,7177.71,7100.17,107977.0,星期二,0.0024,0.008
2016-10-31,7092.65,7100.37,7118.15,7053.51,85654.0,星期一,-0.0014,0.0011
2016-10-28,7139.97,7102.88,7165.28,7099.91,114540.0,星期五,-0.002,-0.0052
2016-10-27,7165.66,7154.03,7173.54,7142.43,97406.0,星期四,-0.0018,-0.0016
2016-10-26,7160.5,7178.55,7180.91,7135.78,137803.0,星期三,0.0002,0.0025
2016-10-25,7153.06,7158.81,7171.8,7136.98,112077.0,星期二,0.0022,0.0008
2016-10-24,7104.38,7137.45,7149.24,7090.8,126875.0,星期一,0.0027,0.0047
2016-10-21,7112.71,7084.95,7120.92,7035.09,118853.0,星期五,-0.0024,-0.0039
2016-10-20,7103.19,7129.83,7166.22,7093.23,118662.0,星期四,-0.0019,0.0038
2016-10-19,7128.5,7116.95,7164.09,7100.26,118954.0,星期三,0.001,-0.0016
2016-10-18,7049.74,7121.5,7123.48,7029.65,128662.0,星期二,-0.0009,0.0102
2016-10-17,7120.8,7056.07,7144.86,7036.3,123110.0,星期一,-0.0011,-0.0091
2016-10-14,7135.38,7128.71,7142.41,7095.79,116844.0,星期五,-0.0001,-0.0009
2016-10-13,7101.97,7136.09,7163.53,7080.69,118645.0,星期四,-0.002,0.0048
2016-10-12,7077.52,7116.35,7116.35,7055.58,122555.0,星期三,-0.004,0.0055
2016-10-11,7039.8,7106.17,7154.13,7021.7,159491.0,星期二,-0.0025,0.0094
2016-10-10,7073.26,7057.23,7075.8,6916.45,160691.0,星期一,-0.0158,-0.0023
2016-09-30,7145.78,7187.02,7254.66,7138.66,86610.0,星期五,-0.0016,0.0058
2016-09-29,7144.07,7157.45,7201.26,7128.87,87297.0,星期四,-0.0004,0.0019
2016-09-28,7165.76,7146.59,7223.09,7090.1,109922.0,星期三,0.0001,-0.0027
2016-09-27,7018.71,7164.83,7185.77,7016.74,147904.0,星期二,-0.0027,0.0208
2016-09-26,7152.33,7037.91,7160.76,7035.11,169343.0,星期一,-0.0027,-0.016
2016-09-23,7278.19,7172.01,7279.51,7169.91,158690.0,星期五,-0.0022,-0.0146
2016-09-22,7133.33,7294.16,7353.32,7126.9,200770.0,星期四,0.0072,0.0225
2016-09-21,7023.76,7082.35,7087.32,7002.96,105119.0,星期三,0.0006,0.0083
2016-09-20,7004.19,7019.21,7037.03,6980.83,94387.0,星期二,0.0008,0.0021
2016-09-19,6961.16,6998.7,7006.34,6961.04,96863.0,星期一,0.0025,0.0054
2016-09-14,6920.51,6943.48,6982.55,6900.71,108243.0,星期三,-0.0063,0.0033
2016-09-13,6935.08,6964.08,6964.34,6908.38,119642.0,星期二,0.001,0.0042
2016-09-12,6852.02,6927.89,6927.89,6822.22,142937.0,星期一,-0.0164,0.0111
2016-09-09,7033.44,6966.21,7039.68,6964.53,106067.0,星期五,-0.001,-0.0096
2016-09-08,7006.2,7040.23,7111.02,7005.29,98839.0,星期四,-0.0019,0.0049
2016-09-07,7037.5,7019.26,7066.09,7012.19,104830.0,星期三,0.0008,-0.0026
2016-09-06,6993.54,7032.05,7032.9,6920.12,105080.0,星期二,0.0001,0.0055
2016-09-05,7017.38,6992.77,7026.1,6976.29,90850.0,星期一,0.0003,-0.0035
2016-09-02,6959.07,7015.45,7071.61,6958.12,125417.0,星期五,-0.0037,0.0081
2016-09-01,7184.15,6984.62,7184.15,6983.03,175496.0,星期四,-0.0023,-0.0278
2016-08-31,7020.48,7200.37,7258.37,7003.92,192219.0,星期三,0.0001,0.0256
2016-08-30,7059.44,7019.51,7075.41,7009.95,104982.0,星期二,0.0006,-0.0057
2016-08-29,7008.34,7055.27,7067.88,7008.34,108515.0,星期一,-0.0006,0.0067
2016-08-26,7057.11,7012.73,7077.32,6999.59,128963.0,星期五,0.0023,-0.0063
2016-08-25,7097.0,7041.15,7097.55,6950.71,190166.0,星期四,-0.0112,-0.0079
2016-08-24,7229.04,7177.74,7260.87,7150.14,172932.0,星期三,-0.001,-0.0071
2016-08-23,7246.31,7236.42,7299.57,7172.11,201129.0,星期二,-0.0045,-0.0014
2016-08-22,7347.28,7279.28,7446.64,7268.34,250185.0,星期一,0.0019,-0.0093
2016-08-19,7370.61,7333.67,7387.81,7297.04,303991.0,星期五,-0.0071,-0.005
2016-08-18,7247.09,7423.57,7685.83,7242.32,480345.0,星期四,-0.0024,0.0244
2016-08-17,7339.31,7264.69,7361.7,7212.49,264066.0,星期三,-0.0095,-0.0102
2016-08-16,7444.39,7409.59,7505.54,7333.78,364007.0,星期二,0.0134,-0.0047
2016-08-15,7054.65,7346.28,7372.17,7054.65,422327.0,星期一,0.0105,0.0413
2016-08-12,6628.9,6981.54,6997.48,6621.74,265708.0,星期五,-0.0001,0.0532
2016-08-11,6695.17,6629.37,6700.75,6625.43,121158.0,星期四,-0.0019,-0.0098
2016-08-10,6785.64,6707.8,6792.9,6706.57,129565.0,星期三,-0.0036,-0.0115
2016-08-09,6811.27,6809.95,6817.52,6748.09,162266.0,星期二,0.0013,-0.0002
2016-08-08,6641.84,6802.17,6861.6,6626.35,214571.0,星期一,-0.0034,0.0241
2016-08-05,6641.59,6664.31,6765.67,6598.44,180442.0,星期五,0.0072,0.0034
2016-08-04,6446.657,6594.257,6594.427,6404.167,164022.0,星期四,-0.003,0.0229
2016-08-03,6358.457,6466.107,6475.177,6348.087,117548.0,星期三,-0.0021,0.0169
2016-08-02,6282.397,6371.547,6372.687,6282.397,77480.0,星期二,-0.0005,0.0142
2016-08-01,6332.187,6285.767,6337.487,6242.527,94789.0,星期一,-0.003,-0.0073
2016-07-29,6386.407,6351.127,6392.957,6343.327,98405.0,星期五,-0.0082,-0.0055
2016-07-28,6387.067,6439.187,6449.387,6336.277,121614.0,星期四,-0.0028,0.0082
2016-07-27,6572.967,6405.007,6582.467,6286.087,181054.0,星期三,-0.0019,-0.0256
2016-07-26,6525.297,6585.287,6585.537,6519.167,124665.0,星期二,-0.0003,0.0092
2016-07-25,6470.357,6526.937,6547.327,6449.677,131169.0,星期一,-0.0008,0.0087
2016-07-22,6512.387,6475.697,6542.207,6466.917,128720.0,星期五,0.0003,-0.0056
2016-07-21,6489.267,6510.487,6544.187,6479.527,111751.0,星期四,-0.0006,0.0033
2016-07-20,6500.477,6493.087,6538.307,6470.827,110689.0,星期三,-0.001,-0.0011
2016-07-19,6543.477,6507.237,6553.297,6464.187,106040.0,星期二,-0.0008,-0.0055
2016-07-18,6579.267,6548.497,6600.407,6529.607,122432.0,星期一,-0.001,-0.0047
2016-07-15,6574.767,6585.707,6618.667,6574.467,135140.0,星期五,0.0014,0.0017
2016-07-14,6550.747,6565.767,6609.597,6539.987,160142.0,星期四,0.0006,0.0023
2016-07-13,6494.997,6546.927,6555.037,6494.997,154185.0,星期三,0.0008,0.008
2016-07-12,6410.377,6489.737,6490.437,6347.307,137617.0,星期二,-0.0004,0.0124
2016-07-11,6451.827,6412.657,6471.327,6405.927,109313.0,星期一,-0.0008,-0.0061
2016-07-08,6467.267,6456.767,6477.557,6418.397,102662.0,星期五,-0.0028,-0.0016
2016-07-07,6501.427,6485.457,6508.287,6448.437,137876.0,星期四,-0.0064,-0.0025
2016-07-06,6522.567,6543.537,6631.237,6490.707,223439.0,星期三,-0.0026,0.0032
2016-07-05,6487.587,6539.867,6540.417,6484.347,148797.0,星期二,-0.0128,0.0081
2016-07-04,6442.477,6571.497,6583.437,6437.627,123151.0,星期一,-0.0196,0.02
2016-07-01,6560.667,6571.407,6592.817,6558.857,90249.0,星期五,0.0009,0.0016
2016-06-30,6550.837,6554.457,6568.497,6533.747,78239.0,星期四,0.0001,0.0006
2016-06-29,6545.527,6550.177,6562.447,6534.957,99106.0,星期三,0.0013,0.0007
2016-06-28,6492.247,6536.797,6537.167,6469.557,91847.0,星期二,-0.0038,0.0069
2016-06-27,6395.067,6516.847,6517.097,6393.927,97449.0,星期一,-0.0047,0.019
2016-06-24,6502.337,6425.377,6546.077,6333.967,117491.0,星期五,-0.0016,-0.0118
2016-06-23,6528.717,6512.767,6540.967,6489.167,84188.0,星期四,-0.0007,-0.0024
2016-06-22,6471.937,6533.167,6533.237,6465.807,71379.0,星期三,-0.0024,0.0095
2016-06-21,6526.517,6487.717,6554.037,6470.687,92375.0,星期二,0.0041,-0.0059
2016-06-20,6494.977,6499.917,6503.827,6449.817,77895.0,星期一,0.0034,0.0008
2016-06-17,6458.347,6473.147,6505.907,6446.197,83420.0,星期五,0.001,0.0023
2016-06-16,6489.187,6451.937,6494.577,6440.317,89623.0,星期四,-0.0019,-0.0057
2016-06-15,6331.927,6501.397,6516.097,6325.187,94756.0,星期三,-0.0095,0.0268
2016-06-14,6358.037,6392.547,6392.607,6339.867,66489.0,星期二,-0.0022,0.0054
2016-06-13,6537.597,6372.237,6539.117,6370.757,99531.0,星期一,-0.0091,-0.0253
2016-06-08,6581.337,6597.957,6616.337,6550.057,79510.0,星期三,-0.0005,0.0025
2016-06-07,6602.497,6584.697,6608.007,6568.477,71832.0,星期二,-0.0005,-0.0027
2016-06-06,6595.077,6605.707,6610.857,6581.077,90523.0,星期一,0.0022,0.0016
2016-06-03,6585.397,6580.777,6598.237,6550.577,87311.0,星期五,0.0019,-0.0007
2016-06-02,6542.627,6573.137,6574.657,6538.007,88401.0,星期四,-0.0,0.0047
2016-06-01,6553.947,6542.757,6567.317,6528.477,103617.0,星期三,0.0005,-0.0017
2016-05-31,6385.157,6550.707,6551.077,6385.157,121739.0,星期二,0.0005,0.0259
2016-05-30,6396.727,6382.207,6410.127,6357.257,56762.0,星期一,-0.0031,-0.0023
2016-05-27,6397.697,6416.707,6437.187,6380.417,74289.0,星期五,-0.0015,0.003
2016-05-26,6416.087,6407.557,6431.677,6321.427,70579.0,星期四,-0.0002,-0.0013
2016-05-25,6466.087,6417.077,6475.797,6400.417,68373.0,星期三,0.0038,-0.0076
2016-05-24,6486.757,6441.377,6486.757,6419.687,70165.0,星期二,-0.0009,-0.007
2016-05-23,6449.087,6492.297,6505.347,6449.087,63181.0,星期一,0.0007,0.0067
2016-05-20,6378.647,6444.867,6446.177,6360.867,55920.0,星期五,-0.0052,0.0104
2016-05-19,6427.497,6412.127,6470.357,6404.167,62712.0,星期四,-0.0007,-0.0024
2016-05-18,6454.237,6431.877,6478.567,6368.387,88024.0,星期三,-0.0006,-0.0035
2016-05-17,6482.267,6458.327,6487.407,6435.227,64644.0,星期二,-0.0033,-0.0037
2016-05-16,6460.327,6503.417,6503.597,6421.497,60277.0,星期一,-0.0017,0.0067
2016-05-13,6488.147,6471.317,6530.807,6446.837,62106.0,星期五,-0.0015,-0.0026
2016-05-12,6476.767,6497.587,6501.467,6402.857,78145.0,星期四,-0.0065,0.0032
2016-05-11,6552.137,6519.007,6563.527,6505.267,78412.0,星期三,0.0042,-0.0051
2016-05-10,6519.737,6524.797,6547.827,6499.627,73790.0,星期二,-0.0005,0.0008
2016-05-09,6635.437,6523.097,6635.437,6503.747,116548.0,星期一,-0.0053,-0.0169
2016-05-06,6815.237,6670.477,6821.227,6670.187,132674.0,星期五,0.0009,-0.0212
2016-05-05,6749.967,6809.017,6812.087,6741.707,99803.0,星期四,-0.0007,0.0087
2016-05-04,6736.407,6755.017,6778.197,6726.607,98959.0,星期三,-0.0016,0.0028
2016-05-03,6656.177,6747.157,6747.187,6638.737,100544.0,星期二,0.0008,0.0137
2016-04-29,6651.707,6650.997,6680.037,6637.557,71113.0,星期五,-0.002,-0.0001
2016-04-28,6692.997,6665.317,6698.137,6606.637,77710.0,星期四,0.0006,-0.0041
2016-04-27,6693.337,6688.667,6727.467,6679.107,85643.0,星期三,0.0011,-0.0007
2016-04-26,6628.277,6685.867,6686.597,6628.277,63894.0,星期二,0.0003,0.0087
2016-04-25,6655.367,6626.397,6655.367,6587.397,63394.0,星期一,-0.0024,-0.0044
2016-04-22,6597.687,6671.567,6676.427,6584.727,71272.0,星期五,-0.0037,0.0112
2016-04-21,6669.747,6622.377,6711.477,6616.037,90635.0,星期四,-0.0037,-0.0071
2016-04-20,6897.257,6694.667,6905.287,6584.337,177622.0,星期三,0.0011,-0.0294
2016-04-19,6889.807,6889.887,6908.467,6844.637,111528.0,星期二,0.0038,0.0
2016-04-18,6938.897,6864.057,6938.897,6857.577,124005.0,星期一,-0.0041,-0.0108
2016-04-15,6974.257,6967.527,6980.107,6927.517,133807.0,星期五,0.001,-0.001
2016-04-14,6949.017,6967.347,6968.427,6914.857,168830.0,星期四,0.0043,0.0026
2016-04-13,6890.317,6919.367,6981.427,6890.317,176671.0,星期三,0.004,0.0042
2016-04-12,6900.447,6862.977,6912.367,6820.667,105511.0,星期二,-0.0005,-0.0054
2016-04-11,6864.867,6903.847,6938.807,6864.867,122881.0,星期一,0.0062,0.0057
2016-04-08,6821.467,6822.347,6840.727,6763.887,110612.0,星期五,-0.0047,0.0001
2016-04-07,6973.807,6853.537,6980.717,6853.537,141992.0,星期四,0.0035,-0.0172
2016-04-06,6932.507,6949.177,6969.627,6900.227,136986.0,星期三,-0.003,0.0024
2016-04-05,6830.427,6953.087,6958.457,6830.427,164554.0,星期二,0.0001,0.018
2016-04-01,6806.437,6829.997,6829.997,6725.807,108012.0,星期五,-0.0022,0.0035
2016-03-31,6853.837,6821.107,6872.547,6809.807,130256.0,星期四,0.0029,-0.0048
2016-03-30,6729.287,6833.907,6839.057,6729.287,122498.0,星期三,0.0062,0.0155
2016-03-29,6781.827,6687.647,6790.987,6657.027,119062.0,星期二,-0.0013,-0.0139
2016-03-28,6868.877,6790.657,6901.387,6774.567,164282.0,星期一,0.0002,-0.0114
2016-03-25,6804.057,6867.707,6886.937,6804.057,127102.0,星期五,-0.0014,0.0094
2016-03-24,6849.987,6813.297,6906.347,6797.577,156236.0,星期四,-0.0071,-0.0054
2016-03-23,6866.557,6899.167,6920.987,6834.087,127952.0,星期三,-0.0028,0.0047
2016-03-22,6926.537,6885.857,6941.527,6876.547,161574.0,星期二,-0.0063,-0.0059
2016-03-21,6908.117,6970.227,6981.437,6879.487,224809.0,星期一,0.0082,0.009
2016-03-18,6711.027,6852.017,6876.887,6710.747,212371.0,星期五,0.001,0.021
2016-03-17,6618.267,6704.487,6719.817,6581.487,133124.0,星期四,0.0024,0.013
2016-03-16,6638.267,6602.377,6659.777,6588.807,108513.0,星期三,-0.001,-0.0054
2016-03-15,6679.607,6644.817,6691.417,6571.077,114460.0,星期二,-0.001,-0.0052
2016-03-14,6602.797,6686.107,6747.927,6602.797,136764.0,星期一,0.0074,0.0126
2016-03-11,6553.507,6554.517,6592.437,6485.447,95540.0,星期五,-0.0071,0.0002
2016-03-10,6734.957,6600.167,6765.617,6597.037,110782.0,星期四,-0.0008,-0.02
2016-03-09,6742.707,6740.527,6768.627,6672.207,124033.0,星期三,-0.0191,-0.0003
2016-03-08,6959.037,6873.977,6959.037,6675.197,193564.0,星期二,-0.0009,-0.0122
2016-03-07,7007.027,6965.497,7052.747,6913.877,171768.0,星期一,0.0086,-0.0059
2016-03-04,6960.057,6947.007,7121.167,6863.567,290047.0,星期五,-0.0075,-0.0019
2016-03-03,7132.727,7012.967,7217.057,7002.807,441331.0,星期四,0.0146,-0.0168
2016-03-02,6601.587,7030.207,7033.267,6601.587,312972.0,星期三,-0.0027,0.0649
2016-03-01,6492.167,6619.727,6706.327,6448.797,200013.0,星期二,0.0066,0.0196
2016-02-29,6552.237,6449.327,6631.497,6347.917,169157.0,星期一,0.0059,-0.0157
2016-02-26,6501.467,6513.987,6544.237,6410.027,112828.0,星期五,0.0049,0.0019
2016-02-25,6877.767,6469.777,6877.767,6428.367,169649.0,星期四,-0.0017,-0.0593
2016-02-24,6825.557,6889.147,6889.147,6777.057,124453.0,星期三,-0.003,0.0093
2016-02-23,6894.637,6845.927,6897.677,6782.597,127390.0,星期二,-0.0006,-0.0071
2016-02-22,6862.227,6898.827,6920.567,6857.227,166162.0,星期一,0.0155,0.0053
2016-02-19,6752.107,6757.727,6783.227,6709.287,123171.0,星期五,-0.0022,0.0008
2016-02-18,6812.407,6767.207,6850.387,6761.857,158432.0,星期四,0.0054,-0.0066
2016-02-17,6704.117,6776.087,6780.007,6683.187,152123.0,星期三,-0.001,0.0107
2016-02-16,6546.287,6710.667,6717.527,6546.287,127808.0,星期二,0.0036,0.0251
2016-02-15,6407.047,6522.657,6554.087,6402.287,84727.0,星期一,-0.0257,0.018
2016-02-05,6687.137,6576.197,6696.407,6575.637,88940.0,星期五,0.0018,-0.0166
2016-02-04,6646.017,6675.307,6709.047,6635.527,131695.0,星期四,-0.0011,0.0044
2016-02-03,6597.917,6653.657,6695.447,6574.147,154572.0,星期三,0.0012,0.0084
2016-02-02,6413.517,6590.157,6619.577,6412.627,131472.0,星期二,-0.0001,0.0275
2016-02-01,6455.747,6413.997,6483.727,6335.487,119733.0,星期一,-0.0004,-0.0065
2016-01-29,6259.747,6458.167,6490.417,6259.747,125755.0,星期五,0.0005,0.0317
2016-01-28,6366.017,6256.437,6448.897,6249.767,119042.0,星期四,-0.0077,-0.0172
2016-01-27,6465.087,6415.177,6491.387,6205.717,147823.0,星期三,0.0005,-0.0077
2016-01-26,6791.597,6462.007,6811.867,6437.667,144170.0,星期二,-0.0087,-0.0485
2016-01-25,6847.587,6851.497,6897.557,6797.647,104983.0,星期一,0.0048,0.0006
2016-01-22,6797.847,6814.857,6850.077,6677.797,120668.0,星期五,0.0078,0.0025
2016-01-21,6859.207,6745.467,6998.207,6737.007,148694.0,星期四,-0.0137,-0.0166
2016-01-20,7030.377,6954.187,7092.707,6918.237,184935.0,星期三,-0.0056,-0.0108
2016-01-19,6840.697,7069.987,7091.887,6830.117,183674.0,星期二,0.0019,0.0335
2016-01-18,6671.807,6827.427,6912.407,6664.747,132902.0,星期一,-0.0177,0.0233
2016-01-15,6958.767,6791.747,7021.247,6746.317,173653.0,星期五,-0.0083,-0.024
2016-01-14,6659.177,7017.107,7027.757,6646.867,183253.0,星期四,-0.0278,0.0537
2016-01-13,7047.697,6849.407,7100.217,6847.537,170182.0,星期三,0.004,-0.0281
2016-01-12,6940.247,7019.757,7102.537,6877.187,197150.0,星期二,0.0003,0.0115
2016-01-11,7147.347,6937.997,7212.547,6910.487,234416.0,星期一,-0.0176,-0.0293
2016-01-08,7301.977,7275.397,7392.117,6959.037,228290.0,星期五,0.0156,-0.0036
2016-01-07,7650.367,7190.017,7650.367,7179.177,54721.0,星期四,-0.0146,-0.0602
2016-01-06,7653.997,7763.757,7764.567,7604.807,189353.0,星期三,0.0016,0.0143
2016-01-05,7438.457,7641.617,7743.487,7386.497,231231.0,星期二,-0.031,0.0273
2016-01-04,8217.596,7676.217,8219.296,7673.606,165617.0,星期一,-0.0012,-0.0659
2015-12-31,8340.037,8227.647,8384.447,8227.647,159349.0,星期四,-0.0031,-0.0135
2015-12-30,8387.398,8365.797,8387.398,8278.547,182674.0,星期三,-0.0039,-0.0026
2015-12-29,8350.887,8420.648,8420.698,8278.747,149584.0,星期二,-0.0026,0.0084
2015-12-28,8648.217,8372.858,8654.238,8371.847,207980.0,星期一,0.0029,-0.0318
2015-12-25,8613.247,8622.887,8678.327,8565.127,172828.0,星期五,0.0015,0.0011
2015-12-24,8730.228,8600.127,8735.978,8508.837,188469.0,星期四,-0.0018,-0.0149
2015-12-23,8728.177,8746.127,8830.938,8703.448,258178.0,星期三,-0.0008,0.0021
2015-12-22,8703.948,8734.988,8735.847,8601.557,222171.0,星期二,0.006,0.0036
2015-12-21,8470.838,8651.738,8671.558,8469.098,238652.0,星期一,-0.0001,0.0214
2015-12-18,8420.618,8472.068,8640.868,8363.847,269792.0,星期五,0.0052,0.0061
2015-12-17,8016.848,8377.458,8412.228,8016.848,284812.0,星期四,0.0069,0.045
2015-12-16,8037.358,7961.878,8078.298,7943.628,148072.0,星期三,-0.0032,-0.0094
2015-12-15,7927.248,8063.558,8166.698,7927.248,181714.0,星期二,0.0024,0.0172
2015-12-14,7675.618,7907.908,7920.468,7666.198,158297.0,星期一,-0.0103,0.0303
2015-12-11,7700.928,7755.758,7784.588,7636.528,160366.0,星期五,-0.0088,0.0071
2015-12-10,7852.148,7769.198,8060.618,7756.218,194460.0,星期四,-0.0034,-0.0106
2015-12-09,7645.318,7879.328,7903.308,7645.318,241240.0,星期三,0.0011,0.0306
2015-12-08,7760.658,7636.708,7781.478,7594.008,204063.0,星期二,-0.0066,-0.016
2015-12-07,7848.088,7811.918,7879.388,7722.188,224453.0,星期一,-0.0011,-0.0046
2015-12-04,7889.638,7856.458,8003.388,7820.078,270471.0,星期五,-0.01,-0.0042
2015-12-03,7816.298,7969.328,7983.098,7733.808,297346.0,星期四,0.0055,0.0196
2015-12-02,7495.968,7773.528,7819.648,7392.788,335196.0,星期三,-0.0053,0.037
2015-12-01,7127.028,7535.918,7627.228,7084.938,311696.0,星期二,-0.0015,0.0574
2015-11-30,7002.338,7137.698,7152.708,6843.388,208038.0,星期一,0.0031,0.0193
2015-11-27,7372.448,6980.878,7373.308,6936.358,235366.0,星期五,-0.0052,-0.0531
2015-11-26,7455.518,7410.918,7504.708,7392.358,216459.0,星期四,0.0066,-0.006
2015-11-25,7349.778,7406.428,7440.808,7340.408,176968.0,星期三,-0.004,0.0077
2015-11-24,7358.038,7379.458,7379.458,7252.148,198797.0,星期二,-0.0014,0.0029
2015-11-23,7458.078,7368.128,7490.318,7340.288,216712.0,星期一,0.0061,-0.0121
2015-11-20,7348.098,7412.548,7470.548,7338.238,255298.0,星期五,0.0013,0.0088
2015-11-19,7291.648,7338.208,7338.208,7172.078,211934.0,星期四,-0.0022,0.0064
2015-11-18,7140.648,7307.438,7558.308,7119.818,327414.0,星期三,0.0007,0.0234
2015-11-17,7215.498,7135.478,7299.588,7112.698,225988.0,星期二,0.0076,-0.0111
2015-11-16,6958.788,7161.068,7161.748,6950.028,158108.0,星期一,-0.0154,0.0291
2015-11-13,7085.038,7067.968,7142.068,6998.928,208356.0,星期五,-0.0114,-0.0024
2015-11-12,7226.018,7166.788,7229.338,7096.018,219314.0,星期四,0.0046,-0.0082
2015-11-11,7141.188,7193.178,7208.218,7127.628,221735.0,星期三,0.0016,0.0073
2015-11-10,7158.538,7129.748,7201.908,7091.048,238468.0,星期二,-0.0062,-0.004
2015-11-09,7093.018,7203.248,7265.138,7087.288,281637.0,星期一,-0.0002,0.0155
2015-11-06,6990.808,7094.408,7106.558,6973.498,230430.0,星期五,0.0002,0.0148
2015-11-05,6930.518,6989.748,7123.718,6914.488,295832.0,星期四,-0.0019,0.0085
2015-11-04,6646.798,6943.738,6943.738,6646.798,212924.0,星期三,0.0033,0.0447
2015-11-03,6633.658,6625.198,6692.378,6570.338,118899.0,星期二,0.002,-0.0013
2015-11-02,6622.888,6620.188,6774.628,6603.618,148405.0,星期一,-0.0161,-0.0004
2015-10-30,6728.828,6731.008,6804.748,6666.308,160354.0,星期五,0.0034,0.0003
2015-10-29,6690.588,6705.958,6769.908,6646.918,143917.0,星期四,0.0067,0.0023
2015-10-28,6768.828,6645.828,6850.188,6625.978,171687.0,星期三,-0.0066,-0.0182
2015-10-27,6783.528,6813.548,6849.068,6563.858,205830.0,星期二,-0.0096,0.0044
2015-10-26,6990.518,6849.048,6994.728,6770.378,278267.0,星期一,0.0167,-0.0202
2015-10-23,6685.958,6875.658,6918.298,6673.808,293467.0,星期五,0.0058,0.0284
2015-10-22,6423.078,6647.438,6649.178,6423.078,242512.0,星期四,-0.0001,0.0349
2015-10-21,6751.018,6423.748,6805.798,6387.268,295838.0,星期三,0.0021,-0.0485
2015-10-20,6647.628,6736.858,6737.258,6618.248,190359.0,星期二,-0.0024,0.0134
2015-10-19,6709.818,6663.428,6750.218,6573.028,253864.0,星期一,0.0057,-0.0069
2015-10-16,6508.428,6671.898,6688.878,6507.088,302064.0,星期五,0.0036,0.0251
2015-10-15,6288.378,6485.148,6485.368,6288.378,180157.0,星期四,-0.0041,0.0313
2015-10-14,6374.428,6314.568,6426.518,6298.988,170468.0,星期三,-0.0066,-0.0094
2015-10-13,6343.868,6417.058,6445.228,6321.468,183387.0,星期二,-0.0075,0.0115
2015-10-12,6227.088,6391.568,6485.548,6225.248,217988.0,星期一,0.0059,0.0264
2015-10-09,6116.768,6190.538,6211.578,6096.408,123297.0,星期五,0.0009,0.0121
2015-10-08,6104.608,6111.008,6154.098,6057.338,134604.0,星期四,0.0359,0.001
2015-09-30,5869.988,5893.238,5926.718,5824.778,80123.0,星期三,0.0045,0.004
2015-09-29,5902.908,5843.558,5920.188,5820.898,95092.0,星期二,-0.013,-0.0101
2015-09-28,5983.948,5980.938,6005.888,5883.288,93193.0,星期一,0.0012,-0.0005
2015-09-25,6061.418,5976.508,6127.398,5937.648,156612.0,星期五,-0.0067,-0.014
2015-09-24,6080.318,6102.318,6116.238,6037.568,113336.0,星期四,-0.0025,0.0036
2015-09-23,6123.948,6095.288,6194.958,6075.248,133444.0,星期三,-0.0137,-0.0047
2015-09-22,6158.768,6208.878,6268.108,6146.548,159970.0,星期二,0.0014,0.0081
2015-09-21,5948.248,6150.298,6154.098,5941.678,137918.0,星期一,-0.0095,0.034
2015-09-18,6015.418,6005.388,6049.428,5943.418,116055.0,星期五,0.0055,-0.0017
2015-09-17,6101.688,5982.708,6227.478,5982.688,197264.0,星期四,-0.0066,-0.0195
2015-09-16,5818.628,6142.208,6200.228,5797.568,183921.0,星期三,0.0031,0.0556
2015-09-15,5954.508,5800.738,6035.878,5784.768,162872.0,星期二,-0.0222,-0.0258
2015-09-14,6370.968,6089.548,6391.948,5962.638,236468.0,星期一,0.0032,-0.0442
2015-09-11,6252.318,6350.668,6353.288,6231.028,168062.0,星期五,-0.0009,0.0157
2015-09-10,6243.028,6258.028,6344.788,6220.348,174520.0,星期四,-0.0148,0.0024
2015-09-09,6229.638,6337.078,6401.658,6190.768,237171.0,星期三,0.0063,0.0172
2015-09-08,5963.508,6190.818,6203.428,5847.378,153410.0,星期二,-0.008,0.0381
2015-09-07,6190.508,6011.888,6372.948,5971.458,217562.0,星期一,-0.0003,-0.0289
2015-09-02,5946.918,6192.248,6278.788,5932.128,239925.0,星期三,-0.0477,0.0413
2015-09-01,6311.158,6244.628,6311.158,6057.828,224221.0,星期二,-0.0089,-0.0105
2015-08-31,6396.838,6368.038,6409.278,6236.668,227102.0,星期一,-0.008,-0.0045
2015-08-28,6227.838,6448.428,6458.918,6175.218,257010.0,星期五,0.0194,0.0354
2015-08-27,6030.088,6109.318,6111.288,5752.878,244534.0,星期四,0.0198,0.0131
2015-08-26,6035.318,5912.738,6271.768,5801.388,307448.0,星期三,0.0102,-0.0203
2015-08-25,5919.898,5974.548,6127.098,5884.618,236411.0,星期二,-0.0719,0.0092
2015-08-24,6655.628,6378.508,6689.448,6349.798,217342.0,星期一,-0.0446,-0.0416
2015-08-21,7194.818,6966.398,7305.878,6938.058,246461.0,星期五,-0.0175,-0.0317
2015-08-20,7544.798,7322.918,7609.828,7322.718,261230.0,星期四,-0.0137,-0.0294
2015-08-19,7227.428,7649.488,7700.848,7077.638,323243.0,星期三,-0.0312,0.0584
2015-08-18,8054.228,7460.068,8074.978,7446.368,379763.0,星期二,0.0009,-0.0738
2015-08-17,7896.898,8047.338,8053.878,7834.358,350355.0,星期一,0.0024,0.0191
2015-08-14,7754.128,7878.318,7946.978,7751.968,321435.0,星期五,0.0089,0.016
2015-08-13,7457.558,7685.968,7687.898,7449.668,249022.0,星期四,-0.004,0.0306
2015-08-12,7492.558,7487.268,7588.868,7456.698,208061.0,星期三,-0.0158,-0.0007
2015-08-11,7524.528,7612.978,7726.058,7496.338,276256.0,星期二,-0.0022,0.0118
2015-08-10,7278.058,7541.198,7577.968,7246.258,242646.0,星期一,0.0095,0.0362
2015-08-07,7084.168,7209.488,7221.648,7084.168,157004.0,星期五,0.0091,0.0177
2015-08-06,6985.358,7020.028,7142.598,6967.148,131465.0,星期四,-0.0252,0.005
2015-08-05,7311.658,7165.628,7342.618,7132.848,183942.0,星期三,-0.005,-0.02
2015-08-04,7075.428,7348.398,7350.378,7019.178,208153.0,星期二,-0.0043,0.0386
2015-08-03,7014.588,7105.908,7110.978,6901.278,234297.0,星期一,-0.0124,0.013
2015-07-31,6975.598,7102.468,7177.788,6944.688,206633.0,星期五,-0.0123,0.0182
2015-07-30,7290.488,7062.728,7392.788,7042.488,240420.0,星期四,-0.006,-0.0312
2015-07-29,7181.438,7334.208,7334.568,6965.818,225701.0,星期三,0.0132,0.0213
2015-07-28,6841.208,7088.058,7210.458,6664.028,325402.0,星期二,-0.032,0.0361
2015-07-27,7570.558,7067.618,7808.238,7063.468,344547.0,星期一,-0.016,-0.0664
2015-07-24,7717.438,7693.788,7934.638,7624.298,398602.0,星期五,0.0052,-0.0031
2015-07-23,7425.118,7677.618,7702.138,7409.138,319831.0,星期四,0.0001,0.034
2015-07-22,7371.848,7424.508,7458.628,7222.758,278404.0,星期三,-0.0041,0.0071
2015-07-21,7342.678,7402.158,7509.788,7278.058,246099.0,星期二,-0.0202,0.0081
2015-07-20,7425.648,7494.338,7570.968,7285.898,301511.0,星期一,0.0023,0.0093
2015-07-17,7134.768,7408.688,7477.138,7123.288,275935.0,星期五,0.0082,0.0384
2015-07-16,6961.398,7076.398,7245.568,6740.088,264801.0,星期四,-0.0034,0.0165
2015-07-15,7237.708,6985.448,7370.838,6920.088,339862.0,星期三,-0.0084,-0.0349
2015-07-14,7303.308,7299.048,7524.558,7202.418,334633.0,星期二,0.0033,-0.0006
2015-07-13,7121.148,7278.948,7341.278,7034.828,311336.0,星期一,0.0249,0.0222
2015-07-10,6681.378,6948.088,7030.438,6681.378,270701.0,星期五,0.0133,0.0399
2015-07-09,6162.798,6593.808,6597.308,6107.118,238639.0,星期四,-0.0053,0.0699
2015-07-08,6118.128,6195.718,6303.288,6080.178,487788.0,星期三,-0.0634,0.0127
2015-07-07,6593.608,6532.088,6739.908,6394.258,353378.0,星期二,-0.0349,-0.0093
2015-07-06,7238.368,6831.748,7238.368,6430.398,527877.0,星期一,0.0795,-0.0562
2015-07-03,6940.728,6705.518,7214.108,6599.588,341341.0,星期五,-0.0337,-0.0339
2015-07-02,7629.258,7182.948,7672.608,7014.558,327208.0,星期四,0.0002,-0.0585
2015-07-01,7978.148,7627.948,8207.088,7593.388,357104.0,星期三,-0.0138,-0.0439
2015-06-30,7606.578,8090.138,8090.348,7205.098,443044.0,星期二,-0.0074,0.0636
2015-06-29,8228.008,7663.628,8237.298,7338.268,443467.0,星期一,0.036,-0.0686
2015-06-26,8357.498,7941.968,8457.238,7873.938,324782.0,星期五,-0.0326,-0.0497
2015-06-25,8853.908,8639.198,9030.028,8534.828,355230.0,星期四,0.0007,-0.0243
2015-06-24,8713.278,8847.288,8851.498,8532.097,332412.0,星期三,0.0101,0.0154
2015-06-23,8497.008,8625.838,8630.558,8009.398,301121.0,星期二,-0.0019,0.0152
2015-06-19,8961.418,8513.128,9091.218,8505.208,314273.0,星期五,-0.0217,-0.05
2015-06-18,9383.378,9160.078,9537.348,9157.229,348329.0,星期四,0.0002,-0.0238
2015-06-17,9291.918,9381.758,9412.698,8940.248,316116.0,星期三,-0.0012,0.0097
2015-06-16,9433.678,9303.258,9553.598,9210.109,389187.0,星期二,-0.0114,-0.0138
2015-06-15,9717.348,9542.029,9717.348,9499.078,441127.0,星期一,0.0072,-0.018
2015-06-12,9572.199,9647.939,9724.549,9572.199,424632.0,星期五,0.0075,0.0079
2015-06-11,9437.929,9501.159,9506.99,9368.98,396731.0,星期四,0.0018,0.0067
2015-06-10,9177.209,9421.219,9545.369,9087.899,389194.0,星期三,-0.0069,0.0266
2015-06-09,9317.539,9240.739,9317.539,9121.459,397956.0,星期二,0.0004,-0.0082
2015-06-08,9225.48,9314.169,9337.049,9072.69,541480.0,星期一,0.0032,0.0096
2015-06-05,9028.669,9195.969,9215.339,8917.399,547950.0,星期五,0.0163,0.0185
2015-06-04,8915.28,8883.519,8937.389,8328.309,433767.0,星期四,0.0033,-0.0036
2015-06-03,8809.849,8886.16,8892.44,8672.469,399174.0,星期三,0.0068,0.0087
2015-06-02,8592.03,8750.45,8751.25,8530.53,344144.0,星期二,0.0082,0.0184
2015-06-01,8175.27,8522.12,8522.15,8175.27,309206.0,星期一,0.0027,0.0424
2015-05-29,8147.3,8153.13,8297.12,7776.68,340094.0,星期五,-0.0017,0.0007
2015-05-28,8778.03,8161.18,8866.69,8159.24,477439.0,星期四,0.002,-0.0703
2015-05-27,8804.69,8760.309,8810.799,8597.36,411592.0,星期三,-0.0002,-0.005
2015-05-26,8656.14,8806.29,8820.71,8519.25,477234.0,星期二,0.0066,0.0173
2015-05-25,8370.191,8599.531,8619.05,8348.611,436171.0,星期一,-0.002,0.0274
2015-05-22,8260.231,8387.35,8398.51,8207.031,428912.0,星期五,0.0068,0.0154
2015-05-21,8068.63,8204.71,8204.71,8024.6,349891.0,星期四,0.0032,0.0169
2015-05-20,8065.03,8042.78,8179.6,8028.81,366619.0,星期三,0.0071,-0.0028
2015-05-19,7773.93,8008.38,8023.58,7770.41,272591.0,星期二,0.0008,0.0302
2015-05-18,7747.02,7767.42,7802.82,7705.97,249474.0,星期一,-0.0047,0.0026
2015-05-15,7907.9,7783.68,7907.9,7710.45,296577.0,星期五,-0.0026,-0.0157
2015-05-14,8020.45,7928.2,8080.15,7882.13,355850.0,星期四,-0.001,-0.0115
2015-05-13,7828.68,8028.49,8049.47,7751.65,403033.0,星期三,-0.0014,0.0255
2015-05-12,7795.07,7839.7,7840.09,7733.13,333116.0,星期二,-0.0012,0.0057
2015-05-11,7706.43,7804.31,7823.94,7648.26,364513.0,星期一,0.0168,0.0127
2015-05-08,7470.49,7579.35,7579.35,7383.4,254850.0,星期五,0.0088,0.0146
2015-05-07,7425.52,7405.44,7487.66,7344.89,253229.0,星期四,-0.0043,-0.0027
2015-05-06,7633.07,7457.86,7718.46,7391.82,291771.0,星期三,0.0046,-0.023
2015-05-05,8001.43,7597.85,8001.43,7541.74,357638.0,星期二,0.0001,-0.0504
2015-05-04,8081.53,8000.94,8120.84,7971.68,367319.0,星期一,0.0071,-0.01
2015-04-30,7852.74,8024.59,8125.18,7842.39,396102.0,星期四,0.0064,0.0219
2015-04-29,7624.29,7803.01,7844.71,7608.08,298063.0,星期三,-0.0067,0.0234
2015-04-28,7841.23,7676.04,7848.43,7600.13,356287.0,星期二,-0.0009,-0.0211
2015-04-27,7809.54,7848.08,7869.51,7711.26,366188.0,星期一,0.0086,0.0049
2015-04-24,7706.73,7742.94,7798.47,7629.14,332350.0,星期五,-0.0116,0.0047
2015-04-23,7836.87,7796.94,7849.51,7678.21,393665.0,星期四,0.0091,-0.0051
2015-04-22,7597.22,7765.98,7773.18,7597.22,391286.0,星期三,0.0064,0.0222
2015-04-21,7348.09,7548.8,7548.88,7333.56,290499.0,星期二,-0.0026,0.0273
2015-04-20,7557.09,7367.61,7659.08,7354.96,418610.0,星期一,0.0065,-0.0251
2015-04-17,7485.04,7508.39,7565.9,7375.47,380432.0,星期五,0.0092,0.0031
2015-04-16,7204.48,7416.96,7417.09,7146.64,297716.0,星期四,-0.0098,0.0295
2015-04-15,7464.01,7275.6,7464.01,7236.89,319349.0,星期三,-0.0023,-0.0252
2015-04-14,7521.65,7481.57,7551.58,7416.39,335204.0,星期二,-0.0024,-0.0053
2015-04-13,7478.38,7539.43,7598.94,7414.72,374749.0,星期一,0.0018,0.0082
2015-04-10,7393.2,7465.22,7510.13,7361.8,406091.0,星期五,-0.008,0.0097
2015-04-09,7210.28,7453.1,7465.81,7042.43,472204.0,星期四,-0.0015,0.0337
2015-04-08,7187.56,7221.28,7221.65,7016.96,384644.0,星期三,0.0033,0.0047
2015-04-07,7036.32,7164.14,7165.29,7009.96,347644.0,星期二,0.0048,0.0182
2015-04-03,6917.84,7002.68,7002.68,6884.46,289684.0,星期五,-0.0077,0.0123
2015-04-02,7001.73,6971.7,7046.11,6893.34,305137.0,星期四,0.001,-0.0043
2015-04-01,6986.47,6994.81,7007.73,6886.8,335161.0,星期三,-0.0004,0.0012
2015-03-31,7305.93,6989.3,7343.17,6958.13,512246.0,星期二,0.0284,-0.0433
2015-03-30,6790.31,7104.11,7143.77,6758.65,502234.0,星期一,0.0077,0.0462
2015-03-27,6582.68,6738.37,6740.21,6521.09,340333.0,星期五,0.0138,0.0237
2015-03-26,6493.21,6492.96,6565.1,6430.39,305330.0,星期四,0.0,-0.0
2015-03-25,6525.15,6492.97,6543.39,6440.32,320177.0,星期三,0.0031,-0.0049
2015-03-24,6563.41,6505.06,6563.41,6318.15,366653.0,星期二,0.0043,-0.0089
2015-03-23,6474.03,6535.19,6600.71,6474.03,339624.0,星期一,0.0114,0.0094
2015-03-20,6276.19,6400.76,6449.89,6253.0,348891.0,星期五,0.003,0.0198
2015-03-19,6260.52,6257.44,6264.77,6184.82,286019.0,星期四,-0.001,-0.0005
2015-03-18,6092.61,6266.52,6266.58,6092.61,327863.0,星期三,0.0002,0.0285
2015-03-17,6052.66,6091.36,6107.28,6012.36,293542.0,星期二,0.0056,0.0064
2015-03-16,5893.42,6018.95,6018.95,5886.44,236455.0,星期一,0.0073,0.0213
2015-03-13,5855.49,5850.97,5864.36,5820.67,169725.0,星期五,0.0011,-0.0008
2015-03-12,5783.16,5848.84,5854.2,5753.44,200005.0,星期四,0.0057,0.0114
2015-03-11,5735.64,5750.54,5792.0,5722.09,175865.0,星期三,0.0008,0.0026
2015-03-10,5725.44,5730.91,5757.76,5705.81,155809.0,星期二,-0.005,0.001
2015-03-09,5634.34,5754.08,5766.06,5545.74,196628.0,星期一,-0.0058,0.0213
2015-03-06,5669.22,5667.27,5719.25,5648.48,173993.0,星期五,0.001,-0.0003
2015-03-05,5707.37,5663.5,5707.37,5621.28,203959.0,星期四,-0.0046,-0.0077
2015-03-04,5695.99,5733.79,5752.5,5674.88,193467.0,星期三,-0.0014,0.0066
2015-03-03,5842.08,5704.26,5842.08,5692.08,276307.0,星期二,-0.0074,-0.0236
2015-03-02,5924.09,5885.53,5942.11,5824.27,278835.0,星期一,0.0192,-0.0065
2015-02-27,5801.16,5812.24,5841.89,5784.27,146966.0,星期五,-0.0029,0.0019
2015-02-26,5669.78,5818.19,5819.0,5662.26,160695.0,星期四,-0.0005,0.0262
2015-02-25,5766.29,5672.8,5766.29,5661.24,131329.0,星期三,-0.0003,-0.0162
2015-02-17,5701.31,5768.16,5769.07,5697.23,141319.0,星期二,0.0046,0.0117
2015-02-16,5656.49,5675.17,5691.41,5623.13,129901.0,星期一,-0.0035,0.0033
2015-02-13,5568.19,5676.14,5738.04,5556.93,160425.0,星期五,0.0053,0.0194
2015-02-12,5516.52,5538.96,5552.89,5471.78,93376.0,星期四,-0.0015,0.0041
2015-02-11,5514.77,5524.78,5552.29,5498.05,94659.0,星期三,0.0052,0.0018
2015-02-10,5370.96,5486.4,5487.28,5360.49,108425.0,星期二,-0.0011,0.0215
2015-02-09,5378.49,5376.63,5423.15,5329.27,114333.0,星期一,-0.0098,-0.0003
2015-02-06,5565.78,5431.62,5576.01,5396.07,169839.0,星期五,-0.0094,-0.0241
2015-02-05,5852.93,5618.82,5857.73,5618.41,205685.0,星期四,0.0335,-0.04
2015-02-04,5702.06,5663.19,5762.25,5651.27,142049.0,星期三,-0.0002,-0.0068
2015-02-03,5685.67,5703.35,5706.48,5553.97,179299.0,星期二,0.0063,0.0031
2015-02-02,5598.25,5650.19,5768.82,5569.05,163746.0,星期一,-0.021,0.0093
2015-01-30,5723.45,5718.15,5842.94,5629.07,184948.0,星期五,0.0039,-0.0009
2015-01-29,5664.28,5701.03,5753.07,5644.21,143142.0,星期四,-0.0132,0.0065
2015-01-28,5788.78,5739.87,5820.02,5716.95,164479.0,星期三,-0.0074,-0.0084
2015-01-27,5980.17,5832.22,5983.96,5717.09,235355.0,星期二,0.001,-0.0247
2015-01-26,5929.65,5974.37,5981.32,5845.95,206394.0,星期一,0.0048,0.0075
2015-01-23,5874.76,5901.17,5956.36,5804.74,254987.0,星期五,0.0009,0.0045
2015-01-22,5766.58,5869.42,5914.58,5765.47,235024.0,星期四,-0.0012,0.0178
2015-01-21,5515.38,5773.3,5799.95,5489.67,283346.0,星期三,0.0004,0.0468
2015-01-20,5373.01,5513.3,5527.9,5366.65,219742.0,星期二,0.0065,0.0261
2015-01-19,5446.43,5338.16,5604.02,5306.75,238040.0,星期一,-0.0552,-0.0199
2015-01-16,5764.84,5764.37,5783.79,5674.99,187457.0,星期五,-0.0011,-0.0001
2015-01-15,5563.97,5771.25,5772.45,5563.97,188426.0,星期四,0.0014,0.0373
2015-01-14,5526.37,5556.38,5594.47,5500.41,141931.0,星期三,0.0012,0.0054
2015-01-13,5487.44,5519.49,5585.38,5487.44,134780.0,星期二,-0.0035,0.0058
2015-01-12,5569.18,5506.85,5569.18,5429.08,170799.0,星期一,-0.0095,-0.0112
2015-01-09,5670.75,5622.5,5853.87,5622.5,221632.0,星期五,-0.0046,-0.0085
2015-01-08,5862.79,5696.83,5864.14,5667.91,204400.0,星期四,0.001,-0.0283
2015-01-07,5802.39,5857.0,5908.95,5786.91,199925.0,星期三,-0.0095,0.0094
2015-01-06,5968.31,5858.3,5968.41,5757.24,290899.0,星期二,-0.0145,-0.0184
2015-01-05,5984.89,6056.31,6219.21,5955.13,428355.0,星期一,0.0249,0.0119
2014-12-31,5453.93,5839.45,5841.2,5453.93,304560.0,星期三,-0.0052,0.0707
2014-12-30,5520.2,5482.34,5638.3,5417.4,288323.0,星期二,-0.0006,-0.0069
2014-12-29,5443.11,5523.44,5629.46,5392.22,380781.0,星期一,0.0223,0.0148
2014-12-26,5136.79,5324.41,5341.17,5136.24,222752.0,星期五,0.003,0.0365
2014-12-25,5006.23,5121.45,5121.45,5001.61,156117.0,星期四,0.0018,0.023
2014-12-24,5100.79,4997.16,5104.06,4930.62,172407.0,星期三,-0.003,-0.0203
2014-12-23,5097.67,5116.08,5293.19,5011.16,210605.0,星期二,-0.005,0.0036
2014-12-22,5212.6,5123.5,5276.24,5059.86,257508.0,星期一,-0.0004,-0.0171
2014-12-19,5278.43,5214.7,5278.43,5105.09,226642.0,星期五,0.0007,-0.0121
2014-12-18,5370.24,5274.66,5419.83,5263.77,221337.0,星期四,0.0063,-0.0178
2014-12-17,5219.47,5336.86,5337.98,5194.37,294385.0,星期三,-0.0016,0.0225
2014-12-16,5136.24,5228.04,5228.17,5085.74,236180.0,星期二,-0.0035,0.0179
2014-12-15,5197.06,5154.46,5197.06,5073.42,243206.0,星期一,-0.0021,-0.0082
2014-12-12,5247.88,5207.78,5273.32,5157.64,245910.0,星期五,-0.0004,-0.0076
2014-12-11,5149.41,5249.96,5335.09,5134.88,302216.0,星期四,-0.005,0.0195
2014-12-10,4983.48,5175.52,5178.8,4931.92,288535.0,星期三,0.0071,0.0385
2014-12-09,5153.29,4948.58,5444.38,4908.3,458760.0,星期二,-0.0123,-0.0397
2014-12-08,4981.91,5217.57,5255.99,4927.65,357012.0,星期一,-0.0037,0.0473
2014-12-05,5144.48,5000.32,5196.37,4858.44,389160.0,星期五,0.0037,-0.028
2014-12-04,4943.19,5125.76,5130.85,4918.56,339432.0,星期四,0.0002,0.0369
2014-12-03,4838.32,4942.1,5091.4,4835.6,411031.0,星期三,0.0049,0.0214
2014-12-02,4677.37,4814.91,4839.75,4663.24,283306.0,星期二,-0.0057,0.0294
2014-12-01,4768.71,4703.99,4808.02,4690.83,329270.0,星期一,0.001,-0.0136
2014-11-28,4566.39,4763.72,4771.38,4545.2,408988.0,星期五,-0.0016,0.0432
2014-11-27,4531.65,4573.79,4586.75,4499.91,275996.0,星期四,0.0007,0.0093
2014-11-26,4498.89,4528.46,4529.92,4471.43,246792.0,星期三,-0.001,0.0066
2014-11-25,4482.24,4503.47,4506.0,4460.87,283244.0,星期二,0.0027,0.0047
2014-11-24,4392.54,4470.32,4494.07,4367.92,447616.0,星期一,0.0409,0.0177
2014-11-21,4157.84,4220.06,4221.33,4155.18,155575.0,星期五,0.0003,0.015
2014-11-20,4149.31,4156.73,4176.91,4144.77,111467.0,星期四,-0.0041,0.0018
2014-11-19,4163.98,4166.51,4184.69,4154.62,135919.0,星期三,-0.0021,0.0006
2014-11-18,4170.01,4172.65,4191.14,4157.33,150992.0,星期二,-0.004,0.0006
2014-11-17,4201.21,4186.78,4231.28,4171.18,157538.0,星期一,0.0023,-0.0034
2014-11-14,4157.78,4191.56,4200.98,4136.36,150378.0,星期五,-0.0046,0.0081
2014-11-13,4216.32,4177.0,4233.78,4166.91,172123.0,星期四,0.0023,-0.0093
2014-11-12,4105.16,4206.63,4206.63,4099.83,158685.0,星期三,-0.0039,0.0247
2014-11-11,4163.63,4121.4,4190.06,4079.08,231255.0,星期二,0.0031,-0.0101
2014-11-10,4107.18,4150.8,4151.22,4087.26,163142.0,星期一,0.0047,0.0106
2014-11-07,4107.73,4088.09,4165.45,4071.36,176876.0,星期五,0.0009,-0.0048
2014-11-06,4087.86,4103.85,4125.05,4077.35,136977.0,星期四,0.0021,0.0039
2014-11-05,4091.6,4079.32,4096.79,4068.16,124804.0,星期三,-0.0018,-0.003
2014-11-04,4089.02,4098.87,4105.48,4071.67,162239.0,星期二,-0.0026,0.0024
2014-11-03,4094.25,4099.68,4134.49,4082.53,181814.0,星期一,0.0036,0.0013
2014-10-31,4029.36,4079.55,4080.2,4025.86,197213.0,星期五,0.0021,0.0125
2014-10-30,4031.23,4020.87,4035.36,3994.42,161973.0,星期四,-0.0008,-0.0026
2014-10-29,3950.37,4034.38,4034.87,3925.65,197527.0,星期三,0.0021,0.0213
2014-10-28,3853.24,3942.2,3943.05,3853.24,127754.0,星期二,0.0037,0.0231
2014-10-27,3863.8,3839.14,3863.8,3825.02,99519.0,星期一,-0.0027,-0.0064
2014-10-24,3857.12,3874.13,3888.89,3853.46,82564.0,星期五,0.0,0.0044
2014-10-23,3919.02,3857.04,3929.05,3847.48,117180.0,星期四,-0.0014,-0.0158
2014-10-22,3975.97,3924.63,3985.78,3921.24,103487.0,星期三,0.0004,-0.0129
2014-10-21,4019.41,3974.23,4022.9,3969.44,117688.0,星期二,-0.0003,-0.0112
2014-10-20,4006.34,4020.5,4024.8,3990.68,120023.0,星期一,0.0019,0.0035
2014-10-17,3982.46,3998.86,4012.55,3934.41,154458.0,星期五,-0.0011,0.0041
2014-10-16,4039.34,3987.01,4053.54,3986.34,153514.0,星期四,-0.0073,-0.013
2014-10-15,4094.06,4068.99,4104.43,4033.86,147190.0,星期三,-0.0011,-0.0061
2014-10-14,4127.95,4098.72,4135.19,4076.3,178031.0,星期二,-0.0012,-0.0071
2014-10-13,4092.55,4132.86,4137.29,4080.12,195997.0,星期一,-0.003,0.0098
2014-10-10,4051.54,4105.0,4113.74,4036.72,252889.0,星期五,-0.0026,0.0132
2014-10-09,4051.74,4062.05,4074.23,4024.93,212182.0,星期四,0.0007,0.0025
2014-10-08,4058.39,4048.97,4071.61,4020.87,209846.0,星期三,0.0233,-0.0023
2014-09-30,3963.43,3966.05,3971.9,3949.28,128985.0,星期二,0.0015,0.0007
2014-09-29,3962.26,3957.51,3970.93,3937.77,128152.0,星期一,0.0014,-0.0012
2014-09-26,3954.95,3956.66,3958.72,3932.0,119334.0,星期五,-0.0026,0.0004
2014-09-25,4008.56,3965.14,4018.22,3953.64,148669.0,星期四,0.0035,-0.0108
2014-09-24,3939.99,3994.65,3995.09,3926.84,150591.0,星期三,-0.0031,0.0139
2014-09-23,3922.74,3952.27,3963.07,3922.74,144813.0,星期二,0.005,0.0075
2014-09-22,3953.44,3903.25,3954.25,3892.75,150857.0,星期一,-0.0017,-0.0127
2014-09-19,3931.33,3960.32,3962.85,3913.58,140205.0,星期五,-0.0004,0.0074
2014-09-18,3948.38,3932.76,3949.87,3918.21,156416.0,星期四,-0.0027,-0.004
2014-09-17,3912.29,3959.21,3959.71,3888.28,194851.0,星期三,0.0034,0.012
2014-09-16,3968.42,3899.01,4011.67,3896.34,243277.0,星期二,-0.0003,-0.0175
2014-09-15,3959.35,3969.54,3973.7,3938.22,176314.0,星期一,-0.0035,0.0026
2014-09-12,3923.92,3973.36,3974.05,3919.19,149025.0,星期五,-0.0016,0.0126
2014-09-11,3940.42,3930.12,3984.18,3913.92,174038.0,星期四,-0.0018,-0.0026
2014-09-10,3948.44,3947.35,3950.26,3914.75,145749.0,星期三,-0.005,-0.0003
2014-09-09,3988.13,3968.18,3992.52,3954.15,161373.0,星期二,0.0011,-0.005
2014-09-05,3984.02,3983.56,3995.05,3963.9,167564.0,星期五,0.0026,-0.0001
2014-09-04,3945.01,3973.75,3973.8,3944.0,197364.0,星期四,0.0074,0.0073
2014-09-03,3863.81,3916.09,3920.37,3863.81,165598.0,星期三,0.0003,0.0135
2014-09-02,3825.23,3862.55,3863.13,3820.19,135902.0,星期二,0.0017,0.0098
2014-09-01,3795.11,3818.91,3818.91,3786.14,90136.0,星期一,-0.0002,0.0063
2014-08-29,3767.51,3795.88,3797.35,3764.74,80507.0,星期五,0.0001,0.0075
2014-08-28,3792.93,3767.12,3796.3,3751.01,103971.0,星期四,-0.0004,-0.0068
2014-08-27,3786.28,3794.26,3805.77,3777.36,106552.0,星期三,-0.0029,0.0021
2014-08-26,3823.81,3797.32,3839.43,3781.69,127619.0,星期二,-0.0047,-0.0069
2014-08-25,3888.9,3842.04,3888.9,3838.06,123757.0,星期一,-0.0009,-0.012
2014-08-22,3856.77,3892.3,3894.54,3853.28,142315.0,星期五,-0.001,0.0092
2014-08-21,3854.25,3860.82,3860.82,3802.44,152212.0,星期四,-0.001,0.0017
2014-08-20,3860.4,3858.3,3866.96,3843.29,165886.0,星期三,-0.0016,-0.0005
2014-08-19,3865.62,3866.75,3867.12,3833.5,174258.0,星期二,0.002,0.0003
2014-08-18,3844.1,3857.73,3859.83,3832.78,131467.0,星期一,0.0011,0.0035
2014-08-15,3811.04,3839.75,3855.71,3803.68,127580.0,星期五,0.001,0.0075
2014-08-14,3841.67,3807.19,3860.63,3803.78,149454.0,星期四,-0.002,-0.009
2014-08-13,3843.42,3849.18,3853.23,3795.33,140738.0,星期三,0.0008,0.0015
2014-08-12,3830.49,3840.21,3840.32,3814.11,128905.0,星期二,-0.0009,0.0025
2014-08-11,3787.52,3833.77,3837.74,3782.45,128437.0,星期一,0.0029,0.0122
2014-08-08,3793.15,3776.49,3803.93,3757.32,131304.0,星期五,0.0008,-0.0044
2014-08-07,3816.04,3790.1,3844.38,3788.3,163371.0,星期四,-0.0001,-0.0068
2014-08-06,3803.36,3816.32,3822.12,3775.57,159255.0,星期三,-0.0057,0.0034
2014-08-05,3850.46,3825.18,3850.46,3797.8,137858.0,星期二,0.0002,-0.0066
2014-08-04,3791.81,3849.68,3852.65,3779.28,135620.0,星期一,0.0037,0.0153
2014-08-01,3817.32,3777.99,3848.3,3775.85,141416.0,星期五,-0.0062,-0.0103
2014-07-31,3775.74,3841.29,3842.51,3763.04,144103.0,星期四,-0.0019,0.0174
2014-07-30,3842.82,3783.1,3847.2,3761.73,182238.0,星期三,-0.0057,-0.0155
2014-07-29,3838.27,3864.81,3865.05,3823.97,185201.0,星期二,0.0011,0.0069
2014-07-28,3797.31,3834.1,3848.74,3778.92,184153.0,星期一,0.002,0.0097
2014-07-25,3790.84,3789.58,3794.01,3735.85,137748.0,星期五,0.0041,-0.0003
2014-07-24,3674.17,3775.31,3785.76,3674.17,222851.0,星期四,0.0008,0.0275
2014-07-23,3657.21,3671.08,3693.83,3656.56,145218.0,星期三,0.0015,0.0038
2014-07-22,3598.77,3651.8,3666.58,3595.69,127433.0,星期二,-0.0026,0.0147
2014-07-21,3599.56,3608.21,3621.49,3590.85,118816.0,星期一,0.0008,0.0024
2014-07-18,3500.09,3596.57,3618.8,3497.56,167696.0,星期五,-0.005,0.0276
2014-07-17,3543.88,3517.65,3543.88,3496.02,112690.0,星期四,-0.0007,-0.0074
2014-07-16,3526.19,3546.49,3570.43,3525.65,130386.0,星期三,-0.0009,0.0058
2014-07-15,3528.32,3529.54,3537.99,3505.86,120203.0,星期二,-0.0021,0.0003
2014-07-14,3496.05,3535.6,3538.55,3494.79,105245.0,星期一,0.0002,0.0113
2014-07-11,3450.94,3495.35,3514.34,3447.81,114265.0,星期五,0.0018,0.0129
2014-07-10,3429.11,3444.65,3457.15,3429.11,73709.0,星期四,-0.0015,0.0045
2014-07-09,3483.94,3434.38,3490.31,3433.58,111205.0,星期三,-0.0024,-0.0142
2014-07-08,3486.98,3492.17,3498.24,3458.78,108433.0,星期二,0.0001,0.0015
2014-07-07,3436.45,3486.49,3498.47,3432.54,124319.0,星期一,0.0009,0.0146
2014-07-04,3396.28,3433.2,3441.01,3396.28,110276.0,星期五,-0.0004,0.0109
2014-07-03,3354.36,3397.55,3404.0,3350.93,130505.0,星期四,-0.0005,0.0129
2014-07-02,3349.69,3356.13,3356.74,3331.71,84427.0,星期三,-0.0023,0.0019
2014-07-01,3356.5,3357.54,3363.98,3337.97,86387.0,星期二,0.0022,0.0003
2014-06-30,3340.74,3349.22,3373.86,3339.08,92310.0,星期一,-0.0008,0.0025
2014-06-27,3329.26,3343.26,3356.26,3319.21,104190.0,星期五,0.0,0.0042
2014-06-26,3287.37,3329.14,3336.96,3285.44,86988.0,星期四,0.0003,0.0127
2014-06-25,3296.55,3286.39,3296.55,3264.7,57048.0,星期三,-0.0007,-0.0031
2014-06-24,3290.06,3298.87,3304.89,3279.47,54922.0,星期二,-0.001,0.0027
2014-06-23,3304.71,3293.51,3315.55,3277.47,67775.0,星期一,0.0011,-0.0034
2014-06-20,3267.54,3300.94,3301.4,3266.65,61564.0,星期五,-0.0008,0.0102
2014-06-19,3342.6,3270.11,3349.25,3265.95,94098.0,星期四,-0.0002,-0.0217
2014-06-18,3342.71,3343.11,3369.94,3338.12,86617.0,星期三,-0.0003,0.0001
2014-06-17,3347.9,3343.63,3356.72,3334.38,93617.0,星期二,-0.0033,-0.0013
2014-06-16,3361.28,3359.12,3372.58,3334.87,75290.0,星期一,-0.0008,-0.0006
2014-06-13,3347.65,3363.94,3380.24,3337.69,72805.0,星期五,-0.0011,0.0049
2014-06-12,3371.16,3351.49,3371.7,3331.72,72760.0,星期四,-0.0031,-0.0058
2014-06-11,3373.53,3381.59,3394.16,3366.31,63996.0,星期三,-0.0025,0.0024
2014-06-10,3349.45,3382.13,3394.55,3341.27,73669.0,星期二,-0.0017,0.0098
2014-06-09,3321.83,3355.23,3404.5,3315.22,74466.0,星期一,-0.0048,0.0101
2014-06-06,3353.6,3337.91,3356.47,3306.66,55744.0,星期五,-0.0007,-0.0047
2014-06-05,3296.6,3355.89,3356.36,3294.49,58139.0,星期四,-0.0021,0.018
2014-06-04,3346.02,3303.55,3346.02,3279.37,63684.0,星期三,-0.0025,-0.0127
2014-06-03,3375.53,3354.54,3394.66,3352.17,67758.0,星期二,-0.0034,-0.0062
2014-05-30,3413.07,3387.1,3420.16,3369.58,74678.0,星期五,-0.0007,-0.0076
2014-05-29,3449.68,3415.51,3473.69,3413.19,95596.0,星期四,0.0034,-0.0099
2014-05-28,3399.97,3438.13,3438.55,3394.69,88527.0,星期三,-0.0003,0.0112
2014-05-27,3383.94,3401.01,3414.11,3375.58,80667.0,星期二,-0.0013,0.005
2014-05-26,3397.36,3388.3,3403.62,3375.13,71107.0,星期一,0.0019,-0.0027
2014-05-23,3314.87,3390.97,3398.85,3313.82,106608.0,星期五,0.0011,0.023
2014-05-22,3288.05,3311.32,3354.3,3285.53,83971.0,星期四,-0.005,0.0071
2014-05-21,3255.53,3304.64,3306.22,3230.56,63511.0,星期三,-0.0044,0.0151
2014-05-20,3261.32,3269.84,3272.88,3254.9,64125.0,星期二,0.0023,0.0026
2014-05-19,3266.82,3253.84,3272.3,3225.83,66908.0,星期一,-0.0042,-0.004
2014-05-16,3249.76,3280.7,3293.13,3249.76,69193.0,星期五,-0.0033,0.0095
2014-05-15,3296.43,3260.61,3296.43,3260.13,73642.0,星期四,-0.0059,-0.0109
2014-05-14,3320.94,3315.84,3357.42,3312.32,95465.0,星期三,0.0104,-0.0015
2014-05-13,3246.9,3286.87,3296.41,3246.9,94844.0,星期二,0.0005,0.0123
2014-05-12,3222.94,3245.27,3249.21,3173.74,106679.0,星期一,0.0048,0.0069
2014-05-09,3247.04,3207.56,3248.45,3187.35,78470.0,星期五,-0.0028,-0.0122
2014-05-08,3242.04,3256.07,3306.64,3213.37,97934.0,星期四,-0.0106,0.0043
2014-05-07,3294.19,3276.68,3309.71,3274.47,91510.0,星期三,-0.0028,-0.0053
2014-05-06,3293.62,3303.32,3320.75,3286.63,98449.0,星期二,-0.0053,0.0029
2014-05-05,3337.51,3311.22,3337.51,3283.42,76317.0,星期一,-0.0061,-0.0079
2014-04-30,3365.66,3357.99,3365.66,3339.41,64419.0,星期三,-0.0059,-0.0023
2014-04-29,3387.25,3385.62,3391.45,3338.0,78762.0,星期二,-0.006,-0.0005
2014-04-28,3470.68,3407.6,3492.78,3404.88,130737.0,星期一,-0.0003,-0.0182
2014-04-25,3528.16,3471.79,3531.66,3456.41,141684.0,星期五,0.0141,-0.016
2014-04-24,3430.53,3479.21,3525.36,3427.91,113616.0,星期四,-0.0006,0.0142
2014-04-23,3420.13,3432.64,3446.45,3414.03,77633.0,星期三,-0.0044,0.0037
2014-04-22,3390.9,3435.32,3435.44,3369.26,108059.0,星期二,-0.0008,0.0131
2014-04-21,3424.75,3393.58,3465.27,3393.13,101083.0,星期一,-0.0092,-0.0091
2014-04-18,3447.51,3456.42,3460.27,3428.36,87079.0,星期五,-0.0042,0.0026
2014-04-17,3484.58,3462.0,3487.88,3457.26,104094.0,星期四,0.0007,-0.0065
2014-04-16,3445.33,3481.97,3494.35,3443.89,111204.0,星期三,-0.0036,0.0106
2014-04-15,3485.19,3457.84,3492.69,3445.48,139857.0,星期二,-0.0054,-0.0078
2014-04-14,3472.81,3504.0,3505.82,3454.94,113545.0,星期一,-0.0009,0.009
2014-04-11,3478.14,3475.88,3481.01,3447.92,114384.0,星期五,-0.0055,-0.0006
2014-04-10,3523.57,3497.33,3523.97,3460.06,154670.0,星期四,-0.0013,-0.0074
2014-04-09,3531.89,3528.09,3550.54,3514.94,122568.0,星期三,0.0004,-0.0011
2014-04-08,3493.86,3530.63,3536.94,3476.86,136908.0,星期二,-0.0047,0.0105
2014-04-04,3477.84,3510.38,3521.2,3472.61,130266.0,星期五,,0.0094
